214
215
216
217
297
328
329
330
153
154
155
156
200
157
441
442
443
444
445
446
369
370
239
000
350
303
394
126
164
165
166
167
168
265
266
267
268
269
270
271
272
273
274
275
276
331
332
319
320
321
322
278
279
141
123
124
000
000
000
000
000
000
000
000
000
000
000
000
000
000
000
000
000
000
000
000
000
000
000
000
000
000
000
000
000
000
000
000
000
000
000
000
000
000
000
000
000
000
000
000
000
000
000
000
000
000
000
000
000
000
000
000
000
000
000
000
000
000
000
000
000
000
000
000
000
000
000
000
000
000
000
000
000
000
000
000
000
000
000
000
000
000
000
000
000
000
000
000