# File: out_constant_SFH.ised
# Column            2
# Age(yr)       8.000E+06
# Lambda(A)       Flux   
  9.100000E+01 6.1803E+03
  9.400000E+01 7.1505E+03
  9.600000E+01 7.6594E+03
  9.800000E+01 4.1286E+04
  1.000000E+02 1.2608E+05
  1.020000E+02 1.3543E+05
  1.040000E+02 1.2872E+05
  1.060000E+02 1.3052E+05
  1.080000E+02 1.3461E+05
  1.100000E+02 1.4971E+05
  1.140000E+02 1.5823E+05
  1.180000E+02 1.5049E+05
  1.210000E+02 1.9450E+05
  1.250000E+02 2.0167E+05
  1.270000E+02 2.0714E+05
  1.280000E+02 2.0892E+05
  1.310000E+02 2.0279E+05
  1.320000E+02 2.0837E+05
  1.340000E+02 1.9873E+05
  1.370000E+02 2.2190E+05
  1.400000E+02 2.2284E+05
  1.430000E+02 2.7897E+05
  1.470000E+02 3.4829E+05
  1.500000E+02 2.9681E+05
  1.510000E+02 3.2097E+05
  1.550000E+02 3.5198E+05
  1.590000E+02 3.5315E+05
  1.620000E+02 3.5382E+05
  1.660000E+02 3.5606E+05
  1.700000E+02 3.5585E+05
  1.730000E+02 2.5970E+05
  1.770000E+02 3.5856E+05
  1.800000E+02 3.5904E+05
  1.820000E+02 3.5893E+05
  1.860000E+02 3.5959E+05
  1.910000E+02 3.5990E+05
  1.940000E+02 3.6226E+05
  1.980000E+02 3.6219E+05
  2.000000E+02 3.6197E+05
  2.020000E+02 3.6238E+05
  2.050000E+02 3.6209E+05
  2.100000E+02 3.5503E+05
  2.160000E+02 3.6205E+05
  2.200000E+02 3.6290E+05
  2.230000E+02 3.5850E+05
  2.270000E+02 3.6331E+05
  2.300000E+02 4.5689E+05
  2.340000E+02 6.5085E+05
  2.400000E+02 7.4290E+05
  2.460000E+02 6.7432E+05
  2.520000E+02 7.2509E+05
  2.570000E+02 6.8663E+05
  2.600000E+02 7.1294E+05
  2.640000E+02 9.3420E+05
  2.690000E+02 9.6861E+05
  2.740000E+02 9.9110E+05
  2.790000E+02 8.3870E+05
  2.840000E+02 1.0257E+06
  2.900000E+02 1.0922E+06
  2.960000E+02 9.8614E+05
  3.000000E+02 9.0789E+05
  3.010000E+02 8.8699E+05
  3.080000E+02 9.5503E+05
  3.180000E+02 9.3182E+05
  3.280000E+02 9.6434E+05
  3.380000E+02 9.0067E+05
  3.480000E+02 8.4616E+05
  3.570000E+02 1.1464E+06
  3.660000E+02 1.7550E+06
  3.750000E+02 1.7205E+06
  3.850000E+02 1.3461E+06
  3.950000E+02 1.9951E+06
  4.000000E+02 2.2109E+06
  4.050000E+02 2.4550E+06
  4.140000E+02 2.4173E+06
  4.220000E+02 2.1719E+06
  4.300000E+02 2.0575E+06
  4.410000E+02 2.3823E+06
  4.510000E+02 2.4018E+06
  4.600000E+02 2.0886E+06
  4.700000E+02 2.1032E+06
  4.800000E+02 2.3370E+06
  4.900000E+02 1.9594E+06
  5.000000E+02 2.3906E+06
  5.060000E+02 2.0282E+06
  5.120000E+02 3.0566E+06
  5.200000E+02 2.8737E+06
  5.300000E+02 2.6207E+06
  5.400000E+02 2.1120E+06
  5.500000E+02 2.0012E+06
  5.600000E+02 2.5890E+06
  5.700000E+02 2.8554E+06
  5.800000E+02 2.7569E+06
  5.900000E+02 2.7559E+06
  6.000000E+02 2.2891E+06
  6.100000E+02 2.1496E+06
  6.200000E+02 2.6841E+06
  6.300000E+02 2.4716E+06
  6.400000E+02 2.6974E+06
  6.500000E+02 2.5455E+06
  6.580000E+02 2.3052E+06
  6.650000E+02 2.5729E+06
  6.750000E+02 2.6520E+06
  6.850000E+02 2.2469E+06
  6.950000E+02 2.5461E+06
  7.000000E+02 2.2749E+06
  7.050000E+02 2.0384E+06
  7.160000E+02 2.5313E+06
  7.260000E+02 2.5218E+06
  7.350000E+02 2.4936E+06
  7.450000E+02 2.3688E+06
  7.550000E+02 2.3124E+06
  7.650000E+02 2.0349E+06
  7.750000E+02 2.2416E+06
  7.850000E+02 2.0067E+06
  7.950000E+02 2.1366E+06
  8.000000E+02 2.1505E+06
  8.050000E+02 2.1652E+06
  8.150000E+02 2.1427E+06
  8.250000E+02 2.1387E+06
  8.350000E+02 1.6945E+06
  8.450000E+02 2.0368E+06
  8.550000E+02 1.9693E+06
  8.650000E+02 2.0104E+06
  8.750000E+02 1.9879E+06
  8.850000E+02 1.9576E+06
  8.950000E+02 1.9329E+06
  9.000000E+02 1.9012E+06
  9.050000E+02 1.8701E+06
  9.150000E+02 1.7362E+06
  9.250000E+02 3.4579E+06
  9.350000E+02 5.0727E+06
  9.450000E+02 6.2230E+06
  9.550000E+02 6.8059E+06
  9.650000E+02 7.1942E+06
  9.750000E+02 3.4628E+06
  9.850000E+02 5.5866E+06
  9.950000E+02 5.1840E+06
  1.000000E+03 5.5481E+06
  1.005000E+03 5.9656E+06
  1.015000E+03 6.1893E+06
  1.025000E+03 4.9377E+06
  1.035000E+03 5.7760E+06
  1.045000E+03 6.8407E+06
  1.055000E+03 6.4882E+06
  1.065000E+03 5.6342E+06
  1.075000E+03 5.9003E+06
  1.085000E+03 5.3562E+06
  1.095000E+03 5.8549E+06
  1.100000E+03 5.7072E+06
  1.105000E+03 5.5663E+06
  1.115000E+03 5.4358E+06
  1.125000E+03 4.7638E+06
  1.135000E+03 5.3403E+06
  1.145000E+03 5.1305E+06
  1.155000E+03 4.9655E+06
  1.165000E+03 4.7482E+06
  1.175000E+03 3.3275E+06
  1.185000E+03 4.4169E+06
  1.195000E+03 4.1212E+06
  1.200000E+03 3.9295E+06
  1.205000E+03 3.7649E+06
  1.215000E+03 3.1870E+06
  1.225000E+03 3.8790E+06
  1.235000E+03 4.1574E+06
  1.245000E+03 4.1173E+06
  1.255000E+03 4.0321E+06
  1.265000E+03 4.0356E+06
  1.275000E+03 4.1881E+06
  1.285000E+03 4.1734E+06
  1.295000E+03 3.7989E+06
  1.300000E+03 3.7866E+06
  1.305000E+03 3.7764E+06
  1.315000E+03 4.0375E+06
  1.325000E+03 3.8637E+06
  1.335000E+03 3.7044E+06
  1.345000E+03 3.7835E+06
  1.355000E+03 3.6649E+06
  1.365000E+03 3.4614E+06
  1.375000E+03 3.3598E+06
  1.385000E+03 3.2788E+06
  1.395000E+03 2.3717E+06
  1.400000E+03 2.2671E+06
  1.405000E+03 2.1760E+06
  1.415000E+03 3.0578E+06
  1.425000E+03 2.8828E+06
  1.435000E+03 3.0162E+06
  1.442000E+03 2.9844E+06
  1.447000E+03 2.9642E+06
  1.455000E+03 2.8493E+06
  1.465000E+03 2.7302E+06
  1.475000E+03 2.7454E+06
  1.485000E+03 2.7466E+06
  1.495000E+03 2.6742E+06
  1.500000E+03 2.6151E+06
  1.505000E+03 2.5583E+06
  1.512000E+03 2.4134E+06
  1.517000E+03 2.4460E+06
  1.525000E+03 2.4135E+06
  1.535000E+03 2.0951E+06
  1.545000E+03 1.7491E+06
  1.555000E+03 1.7817E+06
  1.565000E+03 2.0367E+06
  1.575000E+03 2.1429E+06
  1.585000E+03 2.1548E+06
  1.595000E+03 2.1396E+06
  1.600000E+03 2.1017E+06
  1.605000E+03 2.0651E+06
  1.615000E+03 2.0033E+06
  1.625000E+03 1.9964E+06
  1.635000E+03 2.0455E+06
  1.645000E+03 2.0226E+06
  1.655000E+03 2.0151E+06
  1.665000E+03 2.0149E+06
  1.672000E+03 1.8715E+06
  1.677000E+03 2.1046E+06
  1.685000E+03 2.0416E+06
  1.695000E+03 1.9616E+06
  1.700000E+03 1.9398E+06
  1.705000E+03 1.9183E+06
  1.715000E+03 1.8211E+06
  1.725000E+03 1.7746E+06
  1.735000E+03 1.8383E+06
  1.745000E+03 1.8071E+06
  1.755000E+03 1.8031E+06
  1.765000E+03 1.7604E+06
  1.775000E+03 1.6940E+06
  1.785000E+03 1.7169E+06
  1.795000E+03 1.7102E+06
  1.800000E+03 1.7080E+06
  1.805000E+03 1.7059E+06
  1.815000E+03 1.6049E+06
  1.825000E+03 1.6112E+06
  1.835000E+03 1.5845E+06
  1.845000E+03 1.4933E+06
  1.855000E+03 1.4961E+06
  1.865000E+03 1.5014E+06
  1.875000E+03 1.5136E+06
  1.885000E+03 1.4133E+06
  1.895000E+03 1.3637E+06
  1.900000E+03 1.3912E+06
  1.905000E+03 1.4200E+06
  1.915000E+03 1.3603E+06
  1.925000E+03 1.2936E+06
  1.935000E+03 1.3587E+06
  1.945000E+03 1.3695E+06
  1.955000E+03 1.2584E+06
  1.967000E+03 1.3250E+06
  1.976000E+03 1.3488E+06
  1.984000E+03 1.2914E+06
  1.995000E+03 1.2603E+06
  2.000000E+03 1.2724E+06
  2.005000E+03 1.2849E+06
  2.015000E+03 1.2656E+06
  2.025000E+03 1.2790E+06
  2.035000E+03 1.2060E+06
  2.045000E+03 1.2070E+06
  2.055000E+03 1.0246E+06
  2.065000E+03 1.0886E+06
  2.074000E+03 1.2132E+06
  2.078000E+03 1.1454E+06
  2.085000E+03 1.1681E+06
  2.095000E+03 1.1169E+06
  2.100000E+03 1.1223E+06
  2.105000E+03 1.1278E+06
  2.115000E+03 1.1351E+06
  2.125000E+03 1.1249E+06
  2.135000E+03 1.1027E+06
  2.145000E+03 1.0715E+06
  2.155000E+03 1.0901E+06
  2.165000E+03 1.0606E+06
  2.175000E+03 1.0592E+06
  2.185000E+03 1.0283E+06
  2.195000E+03 1.0431E+06
  2.200000E+03 1.0353E+06
  2.205000E+03 1.0277E+06
  2.215000E+03 9.9755E+05
  2.225000E+03 9.8304E+05
  2.235000E+03 9.7644E+05
  2.245000E+03 9.6427E+05
  2.255000E+03 9.3632E+05
  2.265000E+03 9.4200E+05
  2.275000E+03 9.3450E+05
  2.285000E+03 9.2188E+05
  2.295000E+03 8.6858E+05
  2.300000E+03 8.7537E+05
  2.305000E+03 8.8249E+05
  2.315000E+03 8.6432E+05
  2.325000E+03 7.9021E+05
  2.335000E+03 8.3520E+05
  2.345000E+03 8.3042E+05
  2.355000E+03 8.2345E+05
  2.365000E+03 8.0680E+05
  2.375000E+03 7.9249E+05
  2.385000E+03 7.6653E+05
  2.395000E+03 7.7375E+05
  2.400000E+03 7.6739E+05
  2.405000E+03 7.6116E+05
  2.415000E+03 7.5632E+05
  2.425000E+03 7.5630E+05
  2.435000E+03 7.3734E+05
  2.445000E+03 7.3813E+05
  2.455000E+03 7.2904E+05
  2.465000E+03 7.1930E+05
  2.475000E+03 7.0735E+05
  2.485000E+03 6.9387E+05
  2.495000E+03 5.7313E+05
  2.500000E+03 6.1971E+05
  2.505000E+03 6.7127E+05
  2.513000E+03 6.4064E+05
  2.518000E+03 6.6386E+05
  2.525000E+03 6.6107E+05
  2.535000E+03 6.5792E+05
  2.545000E+03 6.4282E+05
  2.555000E+03 6.4323E+05
  2.565000E+03 6.3546E+05
  2.575000E+03 6.3466E+05
  2.585000E+03 6.2627E+05
  2.595000E+03 6.1591E+05
  2.600000E+03 6.1271E+05
  2.605000E+03 6.0957E+05
  2.615000E+03 5.9862E+05
  2.625000E+03 5.9703E+05
  2.635000E+03 5.9265E+05
  2.645000E+03 5.8994E+05
  2.655000E+03 5.8495E+05
  2.665000E+03 5.6624E+05
  2.675000E+03 5.6255E+05
  2.685000E+03 5.6082E+05
  2.695000E+03 5.4597E+05
  2.700000E+03 5.4346E+05
  2.705000E+03 5.4100E+05
  2.715000E+03 5.3434E+05
  2.725000E+03 5.3183E+05
  2.735000E+03 5.2383E+05
  2.745000E+03 5.1528E+05
  2.755000E+03 5.1081E+05
  2.765000E+03 5.0628E+05
  2.775000E+03 5.0829E+05
  2.785000E+03 5.0013E+05
  2.795000E+03 4.7816E+05
  2.800000E+03 4.8067E+05
  2.805000E+03 4.8326E+05
  2.815000E+03 4.8734E+05
  2.825000E+03 4.8166E+05
  2.835000E+03 4.6771E+05
  2.845000E+03 4.6683E+05
  2.855000E+03 4.6073E+05
  2.865000E+03 4.5921E+05
  2.875000E+03 4.5317E+05
  2.885000E+03 4.4937E+05
  2.895000E+03 4.4306E+05
  2.900000E+03 4.4130E+05
  2.910000E+03 4.3794E+05
  2.930000E+03 4.3028E+05
  2.950000E+03 4.1881E+05
  2.970000E+03 4.1142E+05
  2.990000E+03 4.0187E+05
  3.000000E+03 3.9658E+05
  3.010000E+03 3.9140E+05
  3.030000E+03 3.8510E+05
  3.050000E+03 3.7875E+05
  3.070000E+03 3.7155E+05
  3.090000E+03 3.6208E+05
  3.100000E+03 3.5949E+05
  3.110000E+03 3.5694E+05
  3.130000E+03 3.4815E+05
  3.150000E+03 3.4297E+05
  3.170000E+03 3.3465E+05
  3.190000E+03 3.2694E+05
  3.200000E+03 3.2366E+05
  3.210000E+03 3.2046E+05
  3.230000E+03 3.1516E+05
  3.250000E+03 3.1027E+05
  3.270000E+03 3.0268E+05
  3.290000E+03 2.9769E+05
  3.300000E+03 2.9494E+05
  3.310000E+03 2.9223E+05
  3.330000E+03 2.8586E+05
  3.350000E+03 2.7949E+05
  3.370000E+03 2.7461E+05
  3.390000E+03 2.7030E+05
  3.400000E+03 2.6793E+05
  3.410000E+03 2.6559E+05
  3.430000E+03 2.5938E+05
  3.450000E+03 2.5420E+05
  3.470000E+03 2.5067E+05
  3.490000E+03 2.4611E+05
  3.500000E+03 2.4419E+05
  3.510000E+03 2.4229E+05
  3.530000E+03 2.3839E+05
  3.550000E+03 2.3416E+05
  3.570000E+03 2.2990E+05
  3.590000E+03 2.2453E+05
  3.600000E+03 2.2253E+05
  3.610000E+03 2.2057E+05
  3.630000E+03 2.1715E+05
  3.640000E+03 2.1485E+05
  3.650000E+03 2.1449E+05
  3.670000E+03 2.0942E+05
  3.690000E+03 2.0346E+05
  3.700000E+03 2.0460E+05
  3.710000E+03 2.0632E+05
  3.730000E+03 2.0388E+05
  3.750000E+03 2.1626E+05
  3.770000E+03 2.1375E+05
  3.790000E+03 2.2112E+05
  3.800000E+03 2.2504E+05
  3.810000E+03 2.2907E+05
  3.830000E+03 2.0573E+05
  3.850000E+03 2.2764E+05
  3.870000E+03 2.2603E+05
  3.890000E+03 1.9361E+05
  3.900000E+03 2.0737E+05
  3.910000E+03 2.2253E+05
  3.930000E+03 2.1418E+05
  3.950000E+03 2.1322E+05
  3.970000E+03 1.7788E+05
  3.990000E+03 2.0777E+05
  4.000000E+03 2.0714E+05
  4.010000E+03 2.0661E+05
  4.030000E+03 2.0047E+05
  4.050000E+03 2.0057E+05
  4.070000E+03 1.9391E+05
  4.090000E+03 1.8418E+05
  4.100000E+03 1.7480E+05
  4.110000E+03 1.6602E+05
  4.130000E+03 1.8437E+05
  4.150000E+03 1.8357E+05
  4.170000E+03 1.8165E+05
  4.190000E+03 1.7943E+05
  4.200000E+03 1.7816E+05
  4.210000E+03 1.7692E+05
  4.230000E+03 1.7413E+05
  4.250000E+03 1.7063E+05
  4.270000E+03 1.6630E+05
  4.290000E+03 1.6477E+05
  4.300000E+03 1.6236E+05
  4.310000E+03 1.5999E+05
  4.330000E+03 1.5051E+05
  4.350000E+03 1.3902E+05
  4.370000E+03 1.5421E+05
  4.390000E+03 1.5179E+05
  4.400000E+03 1.5116E+05
  4.410000E+03 1.5054E+05
  4.430000E+03 1.4886E+05
  4.450000E+03 1.4697E+05
  4.470000E+03 1.4289E+05
  4.490000E+03 1.4276E+05
  4.500000E+03 1.4214E+05
  4.510000E+03 1.4156E+05
  4.530000E+03 1.3890E+05
  4.550000E+03 1.3624E+05
  4.570000E+03 1.3586E+05
  4.590000E+03 1.3296E+05
  4.600000E+03 1.3220E+05
  4.610000E+03 1.3145E+05
  4.630000E+03 1.2870E+05
  4.650000E+03 1.2573E+05
  4.670000E+03 1.2580E+05
  4.690000E+03 1.2339E+05
  4.700000E+03 1.2210E+05
  4.710000E+03 1.2083E+05
  4.730000E+03 1.2111E+05
  4.750000E+03 1.1964E+05
  4.770000E+03 1.1884E+05
  4.790000E+03 1.1693E+05
  4.800000E+03 1.1585E+05
  4.810000E+03 1.1478E+05
  4.830000E+03 1.1302E+05
  4.850000E+03 1.0666E+05
  4.870000E+03 9.6068E+04
  4.890000E+03 1.0827E+05
  4.900000E+03 1.0774E+05
  4.910000E+03 1.0722E+05
  4.930000E+03 1.0445E+05
  4.950000E+03 1.0451E+05
  4.970000E+03 1.0348E+05
  4.990000E+03 1.0140E+05
  5.000000E+03 9.9642E+04
  5.010000E+03 9.7924E+04
  5.030000E+03 9.8446E+04
  5.050000E+03 9.6657E+04
  5.070000E+03 9.6523E+04
  5.090000E+03 9.4855E+04
  5.100000E+03 9.4221E+04
  5.110000E+03 9.3596E+04
  5.130000E+03 9.1861E+04
  5.150000E+03 9.0494E+04
  5.170000E+03 8.9218E+04
  5.190000E+03 8.8382E+04
  5.200000E+03 8.7821E+04
  5.210000E+03 8.7271E+04
  5.230000E+03 8.6402E+04
  5.250000E+03 8.5642E+04
  5.270000E+03 8.3647E+04
  5.290000E+03 8.3791E+04
  5.300000E+03 8.3241E+04
  5.310000E+03 8.2704E+04
  5.330000E+03 8.1295E+04
  5.350000E+03 8.0856E+04
  5.370000E+03 7.9978E+04
  5.390000E+03 7.8704E+04
  5.400000E+03 7.8005E+04
  5.410000E+03 7.7314E+04
  5.430000E+03 7.6750E+04
  5.450000E+03 7.6195E+04
  5.470000E+03 7.4938E+04
  5.490000E+03 7.4098E+04
  5.500000E+03 7.3643E+04
  5.510000E+03 7.3192E+04
  5.530000E+03 7.2494E+04
  5.550000E+03 7.1867E+04
  5.570000E+03 7.0934E+04
  5.590000E+03 6.9901E+04
  5.600000E+03 6.9672E+04
  5.610000E+03 6.9451E+04
  5.630000E+03 6.8491E+04
  5.650000E+03 6.7578E+04
  5.670000E+03 6.6581E+04
  5.690000E+03 6.5828E+04
  5.700000E+03 6.5459E+04
  5.710000E+03 6.5098E+04
  5.730000E+03 6.5027E+04
  5.750000E+03 6.3843E+04
  5.770000E+03 6.3432E+04
  5.790000E+03 6.2427E+04
  5.800000E+03 6.2217E+04
  5.810000E+03 6.2016E+04
  5.830000E+03 6.1578E+04
  5.850000E+03 6.0799E+04
  5.870000E+03 5.9224E+04
  5.890000E+03 5.8643E+04
  5.900000E+03 5.8644E+04
  5.910000E+03 5.8666E+04
  5.930000E+03 5.8051E+04
  5.950000E+03 5.7308E+04
  5.970000E+03 5.7070E+04
  5.990000E+03 5.6154E+04
  6.000000E+03 5.5877E+04
  6.010000E+03 5.5603E+04
  6.030000E+03 5.5179E+04
  6.050000E+03 5.4739E+04
  6.070000E+03 5.4251E+04
  6.090000E+03 5.3392E+04
  6.100000E+03 5.3111E+04
  6.110000E+03 5.2833E+04
  6.130000E+03 5.1985E+04
  6.150000E+03 5.1328E+04
  6.170000E+03 5.0752E+04
  6.190000E+03 5.0625E+04
  6.200000E+03 5.0346E+04
  6.210000E+03 5.0070E+04
  6.230000E+03 4.9230E+04
  6.250000E+03 4.8348E+04
  6.270000E+03 4.8447E+04
  6.290000E+03 4.8151E+04
  6.300000E+03 4.7758E+04
  6.310000E+03 4.7371E+04
  6.330000E+03 4.7179E+04
  6.350000E+03 4.6471E+04
  6.370000E+03 4.6068E+04
  6.390000E+03 4.5860E+04
  6.400000E+03 4.5581E+04
  6.410000E+03 4.5303E+04
  6.430000E+03 4.5008E+04
  6.450000E+03 4.4512E+04
  6.470000E+03 4.4144E+04
  6.490000E+03 4.3438E+04
  6.500000E+03 4.3348E+04
  6.510000E+03 4.3262E+04
  6.530000E+03 4.2722E+04
  6.550000E+03 4.1271E+04
  6.570000E+03 3.6963E+04
  6.590000E+03 4.1309E+04
  6.600000E+03 4.1330E+04
  6.610000E+03 4.1351E+04
  6.630000E+03 4.0993E+04
  6.650000E+03 4.0585E+04
  6.670000E+03 3.9869E+04
  6.690000E+03 3.9665E+04
  6.700000E+03 3.9463E+04
  6.710000E+03 3.9265E+04
  6.730000E+03 3.9072E+04
  6.750000E+03 3.8630E+04
  6.770000E+03 3.8405E+04
  6.790000E+03 3.7869E+04
  6.800000E+03 3.7774E+04
  6.810000E+03 3.7679E+04
  6.830000E+03 3.7402E+04
  6.850000E+03 3.6959E+04
  6.870000E+03 3.6772E+04
  6.890000E+03 3.6541E+04
  6.900000E+03 3.6373E+04
  6.910000E+03 3.6207E+04
  6.930000E+03 3.5824E+04
  6.950000E+03 3.5409E+04
  6.970000E+03 3.5221E+04
  6.990000E+03 3.4877E+04
  7.000000E+03 3.4645E+04
  7.010000E+03 3.4416E+04
  7.030000E+03 3.4242E+04
  7.050000E+03 3.4002E+04
  7.070000E+03 3.3276E+04
  7.090000E+03 3.3124E+04
  7.100000E+03 3.2816E+04
  7.110000E+03 3.2515E+04
  7.130000E+03 3.2162E+04
  7.150000E+03 3.2041E+04
  7.170000E+03 3.1822E+04
  7.190000E+03 3.1473E+04
  7.200000E+03 3.1463E+04
  7.210000E+03 3.1457E+04
  7.230000E+03 3.1131E+04
  7.250000E+03 3.1090E+04
  7.270000E+03 3.0851E+04
  7.290000E+03 3.0351E+04
  7.300000E+03 3.0357E+04
  7.310000E+03 3.0366E+04
  7.330000E+03 3.0177E+04
  7.350000E+03 2.9977E+04
  7.370000E+03 2.9922E+04
  7.390000E+03 2.9553E+04
  7.400000E+03 2.9419E+04
  7.410000E+03 2.9286E+04
  7.430000E+03 2.9102E+04
  7.450000E+03 2.8923E+04
  7.470000E+03 2.8670E+04
  7.490000E+03 2.8431E+04
  7.500000E+03 2.8379E+04
  7.510000E+03 2.8329E+04
  7.530000E+03 2.8223E+04
  7.550000E+03 2.8073E+04
  7.570000E+03 2.7803E+04
  7.590000E+03 2.7498E+04
  7.600000E+03 2.7404E+04
  7.610000E+03 2.7310E+04
  7.630000E+03 2.7121E+04
  7.650000E+03 2.6885E+04
  7.670000E+03 2.6481E+04
  7.690000E+03 2.6443E+04
  7.700000E+03 2.6288E+04
  7.710000E+03 2.6134E+04
  7.730000E+03 2.5962E+04
  7.750000E+03 2.5763E+04
  7.770000E+03 2.5534E+04
  7.790000E+03 2.5544E+04
  7.800000E+03 2.5447E+04
  7.810000E+03 2.5350E+04
  7.830000E+03 2.5139E+04
  7.850000E+03 2.4816E+04
  7.870000E+03 2.4651E+04
  7.890000E+03 2.4200E+04
  7.900000E+03 2.4069E+04
  7.910000E+03 2.3940E+04
  7.930000E+03 2.3822E+04
  7.950000E+03 2.3555E+04
  7.970000E+03 2.3646E+04
  7.990000E+03 2.3437E+04
  8.000000E+03 2.3397E+04
  8.010000E+03 2.3358E+04
  8.030000E+03 2.3195E+04
  8.050000E+03 2.3003E+04
  8.070000E+03 2.2794E+04
  8.090000E+03 2.2469E+04
  8.100000E+03 2.2364E+04
  8.110000E+03 2.2260E+04
  8.130000E+03 2.2271E+04
  8.150000E+03 2.2105E+04
  8.170000E+03 2.2011E+04
  8.190000E+03 2.1725E+04
  8.200000E+03 2.1565E+04
  8.210000E+03 2.1408E+04
  8.230000E+03 2.1317E+04
  8.250000E+03 2.1282E+04
  8.270000E+03 2.1155E+04
  8.290000E+03 2.0957E+04
  8.300000E+03 2.0756E+04
  8.310000E+03 2.0560E+04
  8.330000E+03 2.0411E+04
  8.350000E+03 2.0282E+04
  8.370000E+03 2.0159E+04
  8.390000E+03 2.0005E+04
  8.400000E+03 2.0031E+04
  8.410000E+03 2.0060E+04
  8.430000E+03 1.9967E+04
  8.450000E+03 1.9819E+04
  8.470000E+03 1.9468E+04
  8.490000E+03 1.9986E+04
  8.500000E+03 1.9438E+04
  8.510000E+03 1.8914E+04
  8.530000E+03 1.9853E+04
  8.550000E+03 1.8247E+04
  8.570000E+03 1.9973E+04
  8.590000E+03 1.9052E+04
  8.600000E+03 1.8957E+04
  8.610000E+03 1.8865E+04
  8.630000E+03 1.9762E+04
  8.650000E+03 1.9287E+04
  8.670000E+03 1.7403E+04
  8.690000E+03 1.9100E+04
  8.700000E+03 1.9222E+04
  8.710000E+03 1.9346E+04
  8.730000E+03 1.9015E+04
  8.750000E+03 1.7415E+04
  8.770000E+03 1.8659E+04
  8.790000E+03 1.8926E+04
  8.800000E+03 1.8818E+04
  8.810000E+03 1.8712E+04
  8.830000E+03 1.8573E+04
  8.850000E+03 1.8018E+04
  8.870000E+03 1.6772E+04
  8.890000E+03 1.8221E+04
  8.900000E+03 1.8273E+04
  8.910000E+03 1.8326E+04
  8.930000E+03 1.8072E+04
  8.950000E+03 1.8016E+04
  8.970000E+03 1.7901E+04
  8.990000E+03 1.7599E+04
  9.000000E+03 1.6842E+04
  9.010000E+03 1.6131E+04
  9.030000E+03 1.6874E+04
  9.050000E+03 1.7562E+04
  9.070000E+03 1.7316E+04
  9.090000E+03 1.7049E+04
  9.100000E+03 1.7049E+04
  9.110000E+03 1.7050E+04
  9.130000E+03 1.7102E+04
  9.150000E+03 1.6968E+04
  9.170000E+03 1.6779E+04
  9.190000E+03 1.6660E+04
  9.200000E+03 1.6377E+04
  9.210000E+03 1.6100E+04
  9.230000E+03 1.4708E+04
  9.250000E+03 1.5831E+04
  9.270000E+03 1.6028E+04
  9.290000E+03 1.6087E+04
  9.300000E+03 1.6067E+04
  9.310000E+03 1.6047E+04
  9.330000E+03 1.5923E+04
  9.350000E+03 1.5824E+04
  9.370000E+03 1.5680E+04
  9.390000E+03 1.5638E+04
  9.400000E+03 1.5483E+04
  9.410000E+03 1.5330E+04
  9.430000E+03 1.5463E+04
  9.450000E+03 1.5272E+04
  9.470000E+03 1.5259E+04
  9.490000E+03 1.5198E+04
  9.500000E+03 1.5081E+04
  9.510000E+03 1.4965E+04
  9.530000E+03 1.4647E+04
  9.550000E+03 1.3383E+04
  9.570000E+03 1.4518E+04
  9.590000E+03 1.4738E+04
  9.600000E+03 1.4660E+04
  9.610000E+03 1.4582E+04
  9.630000E+03 1.4454E+04
  9.650000E+03 1.4403E+04
  9.670000E+03 1.4281E+04
  9.690000E+03 1.4288E+04
  9.700000E+03 1.4223E+04
  9.710000E+03 1.4159E+04
  9.730000E+03 1.4104E+04
  9.750000E+03 1.3980E+04
  9.770000E+03 1.3933E+04
  9.790000E+03 1.3788E+04
  9.800000E+03 1.3812E+04
  9.810000E+03 1.3837E+04
  9.830000E+03 1.3720E+04
  9.850000E+03 1.3674E+04
  9.870000E+03 1.3571E+04
  9.890000E+03 1.3475E+04
  9.900000E+03 1.3428E+04
  9.910000E+03 1.3381E+04
  9.930000E+03 1.3359E+04
  9.950000E+03 1.3286E+04
  9.970000E+03 1.3221E+04
  9.990000E+03 1.3120E+04
  1.000000E+04 1.2994E+04
  1.002500E+04 1.2687E+04
  1.007500E+04 1.2303E+04
  1.010000E+04 1.2420E+04
  1.012500E+04 1.2538E+04
  1.017500E+04 1.2396E+04
  1.020000E+04 1.2327E+04
  1.022500E+04 1.2259E+04
  1.027500E+04 1.2119E+04
  1.030000E+04 1.1994E+04
  1.032500E+04 1.1871E+04
  1.037500E+04 1.1713E+04
  1.040000E+04 1.1647E+04
  1.042500E+04 1.1583E+04
  1.047500E+04 1.1390E+04
  1.050000E+04 1.1323E+04
  1.052500E+04 1.1257E+04
  1.057500E+04 1.1087E+04
  1.060000E+04 1.1012E+04
  1.062500E+04 1.0939E+04
  1.067500E+04 1.0697E+04
  1.070000E+04 1.0646E+04
  1.072500E+04 1.0595E+04
  1.077500E+04 1.0444E+04
  1.080000E+04 1.0325E+04
  1.082500E+04 1.0209E+04
  1.087500E+04 1.0074E+04
  1.090000E+04 9.7782E+03
  1.092500E+04 9.4973E+03
  1.097500E+04 9.6423E+03
  1.100000E+04 9.6264E+03
  1.102500E+04 9.6115E+03
  1.107500E+04 9.4945E+03
  1.110000E+04 9.4326E+03
  1.112500E+04 9.3713E+03
  1.117500E+04 9.2462E+03
  1.120000E+04 9.1950E+03
  1.122500E+04 9.1445E+03
  1.127500E+04 8.9762E+03
  1.130000E+04 8.9245E+03
  1.132500E+04 8.8734E+03
  1.137500E+04 8.7872E+03
  1.140000E+04 8.7240E+03
  1.142500E+04 8.6616E+03
  1.147500E+04 8.6297E+03
  1.150000E+04 8.5796E+03
  1.152500E+04 8.5301E+03
  1.157500E+04 8.3969E+03
  1.160000E+04 8.3250E+03
  1.162500E+04 8.2539E+03
  1.167500E+04 8.1677E+03
  1.170000E+04 8.1533E+03
  1.172500E+04 8.1393E+03
  1.177500E+04 7.9902E+03
  1.180000E+04 7.9462E+03
  1.182500E+04 7.9026E+03
  1.187500E+04 7.7662E+03
  1.190000E+04 7.7659E+03
  1.192500E+04 7.7663E+03
  1.197500E+04 7.5567E+03
  1.200000E+04 7.5592E+03
  1.202500E+04 7.5622E+03
  1.207500E+04 7.4493E+03
  1.210000E+04 7.4115E+03
  1.212500E+04 7.3740E+03
  1.217500E+04 7.3186E+03
  1.220000E+04 7.2710E+03
  1.222500E+04 7.2238E+03
  1.227500E+04 7.1383E+03
  1.230000E+04 7.0926E+03
  1.232500E+04 7.0472E+03
  1.237500E+04 6.9769E+03
  1.240000E+04 6.9339E+03
  1.242500E+04 6.8913E+03
  1.247500E+04 6.8176E+03
  1.250000E+04 6.7666E+03
  1.252500E+04 6.7162E+03
  1.257500E+04 6.6480E+03
  1.260000E+04 6.6143E+03
  1.262500E+04 6.5809E+03
  1.267500E+04 6.4938E+03
  1.270000E+04 6.4670E+03
  1.272500E+04 6.4405E+03
  1.277500E+04 6.3485E+03
  1.280000E+04 6.1611E+03
  1.282500E+04 5.9809E+03
  1.287500E+04 6.2023E+03
  1.290000E+04 6.1643E+03
  1.292500E+04 6.1267E+03
  1.297500E+04 6.0977E+03
  1.300000E+04 6.0544E+03
  1.302500E+04 6.0115E+03
  1.307500E+04 5.9802E+03
  1.310000E+04 5.9326E+03
  1.312500E+04 5.8855E+03
  1.317500E+04 5.8268E+03
  1.320000E+04 5.8040E+03
  1.322500E+04 5.7814E+03
  1.327500E+04 5.6898E+03
  1.330000E+04 5.6773E+03
  1.332500E+04 5.6651E+03
  1.337500E+04 5.5899E+03
  1.340000E+04 5.5751E+03
  1.342500E+04 5.5605E+03
  1.347500E+04 5.4990E+03
  1.350000E+04 5.4723E+03
  1.352500E+04 5.4458E+03
  1.357500E+04 5.3565E+03
  1.360000E+04 5.3333E+03
  1.362500E+04 5.3102E+03
  1.367500E+04 5.2707E+03
  1.370000E+04 5.2476E+03
  1.372500E+04 5.2249E+03
  1.377500E+04 5.1778E+03
  1.380000E+04 5.1579E+03
  1.382500E+04 5.1382E+03
  1.387500E+04 5.0740E+03
  1.390000E+04 5.0463E+03
  1.392500E+04 5.0190E+03
  1.397500E+04 4.9829E+03
  1.400000E+04 4.9400E+03
  1.402500E+04 4.8976E+03
  1.407500E+04 4.8641E+03
  1.410000E+04 4.8199E+03
  1.412500E+04 4.7762E+03
  1.417500E+04 4.7461E+03
  1.420000E+04 4.7093E+03
  1.422500E+04 4.6728E+03
  1.427500E+04 4.6082E+03
  1.430000E+04 4.6094E+03
  1.432500E+04 4.6110E+03
  1.437500E+04 4.5872E+03
  1.440000E+04 4.5291E+03
  1.442500E+04 4.4721E+03
  1.447500E+04 4.4957E+03
  1.450000E+04 4.4606E+03
  1.452500E+04 4.4260E+03
  1.457000E+04 4.4183E+03
  1.460000E+04 4.3898E+03
  1.462000E+04 4.3710E+03
  1.467500E+04 4.3387E+03
  1.470000E+04 4.3027E+03
  1.472500E+04 4.2672E+03
  1.477500E+04 4.2437E+03
  1.480000E+04 4.2291E+03
  1.482500E+04 4.2146E+03
  1.487500E+04 4.1696E+03
  1.490000E+04 4.1762E+03
  1.492500E+04 4.1831E+03
  1.497500E+04 4.1271E+03
  1.500000E+04 4.1069E+03
  1.502500E+04 4.0869E+03
  1.507500E+04 4.0384E+03
  1.510000E+04 4.0398E+03
  1.512500E+04 4.0413E+03
  1.517500E+04 4.0249E+03
  1.520000E+04 4.0168E+03
  1.522500E+04 4.0088E+03
  1.527500E+04 3.9672E+03
  1.530000E+04 3.9486E+03
  1.532500E+04 3.9302E+03
  1.537500E+04 3.9478E+03
  1.540000E+04 3.9153E+03
  1.542500E+04 3.8834E+03
  1.547500E+04 3.8931E+03
  1.550000E+04 3.8686E+03
  1.552500E+04 3.8443E+03
  1.557500E+04 3.6767E+03
  1.560000E+04 3.7130E+03
  1.562500E+04 3.7503E+03
  1.567500E+04 3.6935E+03
  1.570000E+04 3.6901E+03
  1.572500E+04 3.6875E+03
  1.577500E+04 3.5649E+03
  1.580000E+04 3.5554E+03
  1.582500E+04 3.5466E+03
  1.587500E+04 3.4434E+03
  1.590000E+04 3.4979E+03
  1.592500E+04 3.5535E+03
  1.597500E+04 3.4837E+03
  1.600000E+04 3.4852E+03
  1.605000E+04 3.4903E+03
  1.610000E+04 3.4633E+03
  1.615000E+04 3.4378E+03
  1.620000E+04 3.4181E+03
  1.625000E+04 3.3994E+03
  1.630000E+04 3.3919E+03
  1.635000E+04 3.3858E+03
  1.640000E+04 3.3121E+03
  1.645000E+04 3.2405E+03
  1.650000E+04 3.2587E+03
  1.655000E+04 3.2774E+03
  1.660000E+04 3.2402E+03
  1.665000E+04 3.2038E+03
  1.670000E+04 3.1748E+03
  1.675000E+04 3.1466E+03
  1.680000E+04 3.0929E+03
  1.685000E+04 3.0407E+03
  1.690000E+04 3.0513E+03
  1.695000E+04 3.0622E+03
  1.700000E+04 3.0230E+03
  1.705000E+04 2.9847E+03
  1.710000E+04 2.9670E+03
  1.715000E+04 2.9496E+03
  1.720000E+04 2.9136E+03
  1.725000E+04 2.8784E+03
  1.730000E+04 2.8220E+03
  1.735000E+04 2.7672E+03
  1.740000E+04 2.7703E+03
  1.745000E+04 2.7736E+03
  1.750000E+04 2.7505E+03
  1.755000E+04 2.7277E+03
  1.760000E+04 2.7049E+03
  1.765000E+04 2.6822E+03
  1.770000E+04 2.6544E+03
  1.775000E+04 2.6270E+03
  1.780000E+04 2.6093E+03
  1.785000E+04 2.5919E+03
  1.790000E+04 2.5678E+03
  1.795000E+04 2.5441E+03
  1.800000E+04 2.5151E+03
  1.805000E+04 2.4865E+03
  1.810000E+04 2.4479E+03
  1.815000E+04 2.4104E+03
  1.820000E+04 2.4020E+03
  1.825000E+04 2.3939E+03
  1.830000E+04 2.3754E+03
  1.835000E+04 2.3570E+03
  1.840000E+04 2.3323E+03
  1.845000E+04 2.3080E+03
  1.850000E+04 2.2907E+03
  1.855000E+04 2.2737E+03
  1.860000E+04 2.2440E+03
  1.865000E+04 2.2148E+03
  1.870000E+04 2.1772E+03
  1.875000E+04 2.1406E+03
  1.880000E+04 2.1447E+03
  1.885000E+04 2.1490E+03
  1.890000E+04 2.1153E+03
  1.895000E+04 2.0824E+03
  1.900000E+04 2.0833E+03
  1.905000E+04 2.0845E+03
  1.910000E+04 2.0635E+03
  1.915000E+04 2.0427E+03
  1.920000E+04 2.0268E+03
  1.925000E+04 2.0110E+03
  1.930000E+04 1.9860E+03
  1.935000E+04 1.9614E+03
  1.940000E+04 1.9250E+03
  1.945000E+04 1.8896E+03
  1.950000E+04 1.8960E+03
  1.955000E+04 1.9026E+03
  1.960000E+04 1.8844E+03
  1.965000E+04 1.8665E+03
  1.970000E+04 1.8478E+03
  1.975000E+04 1.8292E+03
  1.980000E+04 1.8158E+03
  1.985000E+04 1.8024E+03
  1.990000E+04 1.7877E+03
  1.995000E+04 1.7731E+03
  2.000000E+04 1.7626E+03
  2.005000E+04 1.7522E+03
  2.010000E+04 1.7386E+03
  2.015000E+04 1.7252E+03
  2.020000E+04 1.7036E+03
  2.025000E+04 1.6824E+03
  2.030000E+04 1.6677E+03
  2.035000E+04 1.6532E+03
  2.040000E+04 1.6466E+03
  2.045000E+04 1.6402E+03
  2.050000E+04 1.6240E+03
  2.055000E+04 1.6080E+03
  2.060000E+04 1.5931E+03
  2.065000E+04 1.5783E+03
  2.070000E+04 1.5665E+03
  2.075000E+04 1.5549E+03
  2.080000E+04 1.5413E+03
  2.085000E+04 1.5279E+03
  2.090000E+04 1.5138E+03
  2.095000E+04 1.4998E+03
  2.100000E+04 1.4921E+03
  2.105000E+04 1.4846E+03
  2.110000E+04 1.4696E+03
  2.115000E+04 1.4548E+03
  2.120000E+04 1.4433E+03
  2.125000E+04 1.4318E+03
  2.130000E+04 1.4239E+03
  2.135000E+04 1.4160E+03
  2.140000E+04 1.4041E+03
  2.145000E+04 1.3924E+03
  2.150000E+04 1.3805E+03
  2.155000E+04 1.3687E+03
  2.160000E+04 1.3443E+03
  2.165000E+04 1.3205E+03
  2.170000E+04 1.3202E+03
  2.175000E+04 1.3200E+03
  2.180000E+04 1.3115E+03
  2.185000E+04 1.3031E+03
  2.190000E+04 1.2944E+03
  2.195000E+04 1.2859E+03
  2.200000E+04 1.2719E+03
  2.205000E+04 1.2581E+03
  2.210000E+04 1.2528E+03
  2.215000E+04 1.2476E+03
  2.220000E+04 1.2342E+03
  2.225000E+04 1.2211E+03
  2.230000E+04 1.2125E+03
  2.235000E+04 1.2039E+03
  2.240000E+04 1.1952E+03
  2.245000E+04 1.1866E+03
  2.250000E+04 1.1775E+03
  2.255000E+04 1.1685E+03
  2.260000E+04 1.1579E+03
  2.265000E+04 1.1473E+03
  2.270000E+04 1.1423E+03
  2.275000E+04 1.1373E+03
  2.280000E+04 1.1263E+03
  2.285000E+04 1.1155E+03
  2.290000E+04 1.0533E+03
  2.295000E+04 9.9679E+02
  2.300000E+04 1.0157E+03
  2.305000E+04 1.0356E+03
  2.310000E+04 1.0287E+03
  2.315000E+04 1.0218E+03
  2.320000E+04 9.6893E+02
  2.325000E+04 9.2035E+02
  2.330000E+04 9.4029E+02
  2.335000E+04 9.6143E+02
  2.340000E+04 9.4338E+02
  2.345000E+04 9.2592E+02
  2.350000E+04 8.8745E+02
  2.355000E+04 8.5176E+02
  2.360000E+04 8.7329E+02
  2.365000E+04 8.9633E+02
  2.370000E+04 8.7952E+02
  2.375000E+04 8.6324E+02
  2.380000E+04 8.3521E+02
  2.385000E+04 8.0877E+02
  2.390000E+04 8.2560E+02
  2.395000E+04 8.4344E+02
  2.400000E+04 8.3426E+02
  2.405000E+04 8.2525E+02
  2.410000E+04 8.0060E+02
  2.415000E+04 7.7720E+02
  2.420000E+04 7.9019E+02
  2.425000E+04 8.0377E+02
  2.430000E+04 7.9406E+02
  2.435000E+04 7.8455E+02
  2.440000E+04 7.7097E+02
  2.445000E+04 7.5782E+02
  2.450000E+04 7.5803E+02
  2.455000E+04 7.5825E+02
  2.460000E+04 7.5891E+02
  2.465000E+04 7.5973E+02
  2.470000E+04 7.5051E+02
  2.475000E+04 7.4145E+02
  2.480000E+04 7.2207E+02
  2.485000E+04 7.0372E+02
  2.490000E+04 7.0219E+02
  2.495000E+04 7.0094E+02
  2.500000E+04 7.0813E+02
  2.505000E+04 7.1544E+02
  2.510000E+04 6.9983E+02
  2.515000E+04 6.8525E+02
  2.520000E+04 6.8903E+02
  2.525000E+04 6.9322E+02
  2.530000E+04 6.9450E+02
  2.535000E+04 6.9582E+02
  2.540000E+04 6.9250E+02
  2.545000E+04 6.8927E+02
  2.550000E+04 6.8521E+02
  2.555000E+04 6.8124E+02
  2.560000E+04 6.7724E+02
  2.565000E+04 6.7337E+02
  2.570000E+04 6.7577E+02
  2.575000E+04 6.7819E+02
  2.580000E+04 6.6712E+02
  2.585000E+04 6.5640E+02
  2.590000E+04 6.5580E+02
  2.595000E+04 6.5525E+02
  2.600000E+04 6.5428E+02
  2.605000E+04 6.5340E+02
  2.610000E+04 6.4363E+02
  2.615000E+04 6.3404E+02
  2.620000E+04 6.2719E+02
  2.625000E+04 6.2045E+02
  2.630000E+04 6.2452E+02
  2.635000E+04 6.2865E+02
  2.640000E+04 6.2577E+02
  2.645000E+04 6.2292E+02
  2.650000E+04 6.1728E+02
  2.655000E+04 6.1170E+02
  2.660000E+04 6.0616E+02
  2.665000E+04 6.0067E+02
  2.670000E+04 5.9906E+02
  2.675000E+04 5.9768E+02
  2.680000E+04 5.9683E+02
  2.685000E+04 5.9602E+02
  2.690000E+04 5.8867E+02
  2.695000E+04 5.8148E+02
  2.700000E+04 5.8147E+02
  2.705000E+04 5.8152E+02
  2.710000E+04 5.7783E+02
  2.715000E+04 5.7417E+02
  2.720000E+04 5.7217E+02
  2.725000E+04 5.7019E+02
  2.730000E+04 5.6271E+02
  2.735000E+04 5.5539E+02
  2.740000E+04 5.5485E+02
  2.745000E+04 5.5435E+02
  2.750000E+04 5.4905E+02
  2.755000E+04 5.4389E+02
  2.760000E+04 5.4157E+02
  2.765000E+04 5.3930E+02
  2.770000E+04 5.3465E+02
  2.775000E+04 5.3007E+02
  2.780000E+04 5.2925E+02
  2.785000E+04 5.2846E+02
  2.790000E+04 5.2653E+02
  2.795000E+04 5.2461E+02
  2.800000E+04 5.2118E+02
  2.805000E+04 5.1778E+02
  2.810000E+04 5.1291E+02
  2.815000E+04 5.0811E+02
  2.820000E+04 5.0629E+02
  2.825000E+04 5.0449E+02
  2.830000E+04 5.0257E+02
  2.835000E+04 5.0068E+02
  2.840000E+04 4.9716E+02
  2.845000E+04 4.9368E+02
  2.850000E+04 4.9033E+02
  2.855000E+04 4.8701E+02
  2.860000E+04 4.8377E+02
  2.865000E+04 4.8056E+02
  2.870000E+04 4.7516E+02
  2.875000E+04 4.6987E+02
  2.880000E+04 4.7009E+02
  2.885000E+04 4.7036E+02
  2.890000E+04 4.6763E+02
  2.895000E+04 4.6493E+02
  2.900000E+04 4.6209E+02
  2.905000E+04 4.5928E+02
  2.910000E+04 4.5694E+02
  2.915000E+04 4.5462E+02
  2.920000E+04 4.5079E+02
  2.925000E+04 4.4700E+02
  2.930000E+04 4.4575E+02
  2.935000E+04 4.4452E+02
  2.940000E+04 4.4091E+02
  2.945000E+04 4.3735E+02
  2.950000E+04 4.3478E+02
  2.955000E+04 4.3224E+02
  2.960000E+04 4.3030E+02
  2.965000E+04 4.2838E+02
  2.970000E+04 4.2574E+02
  2.975000E+04 4.2313E+02
  2.980000E+04 4.2021E+02
  2.985000E+04 4.1732E+02
  2.990000E+04 4.1478E+02
  2.995000E+04 4.1226E+02
  3.000000E+04 4.0965E+02
  3.005000E+04 4.0706E+02
  3.010000E+04 4.0505E+02
  3.015000E+04 4.0306E+02
  3.020000E+04 4.0029E+02
  3.025000E+04 3.9754E+02
  3.030000E+04 3.9251E+02
  3.035000E+04 3.8757E+02
  3.040000E+04 3.8697E+02
  3.045000E+04 3.8638E+02
  3.050000E+04 3.8480E+02
  3.055000E+04 3.8324E+02
  3.060000E+04 3.8103E+02
  3.065000E+04 3.7883E+02
  3.070000E+04 3.7686E+02
  3.075000E+04 3.7491E+02
  3.080000E+04 3.7207E+02
  3.085000E+04 3.6927E+02
  3.090000E+04 3.6718E+02
  3.095000E+04 3.6511E+02
  3.100000E+04 3.6350E+02
  3.105000E+04 3.6190E+02
  3.110000E+04 3.5896E+02
  3.115000E+04 3.5605E+02
  3.120000E+04 3.5441E+02
  3.125000E+04 3.5277E+02
  3.130000E+04 3.5076E+02
  3.135000E+04 3.4877E+02
  3.140000E+04 3.4671E+02
  3.145000E+04 3.4466E+02
  3.150000E+04 3.4249E+02
  3.155000E+04 3.4033E+02
  3.160000E+04 3.3815E+02
  3.165000E+04 3.3598E+02
  3.170000E+04 3.3437E+02
  3.175000E+04 3.3277E+02
  3.180000E+04 3.3074E+02
  3.185000E+04 3.2872E+02
  3.190000E+04 3.2694E+02
  3.195000E+04 3.2518E+02
  3.200000E+04 3.2313E+02
  3.210000E+04 3.1909E+02
  3.220000E+04 3.1536E+02
  3.230000E+04 3.1169E+02
  3.240000E+04 3.0805E+02
  3.250000E+04 3.0447E+02
  3.260000E+04 3.0083E+02
  3.270000E+04 2.9725E+02
  3.280000E+04 2.9244E+02
  3.290000E+04 2.8773E+02
  3.300000E+04 2.8564E+02
  3.310000E+04 2.8358E+02
  3.320000E+04 2.8047E+02
  3.330000E+04 2.7741E+02
  3.340000E+04 2.7452E+02
  3.350000E+04 2.7167E+02
  3.360000E+04 2.6843E+02
  3.370000E+04 2.6524E+02
  3.380000E+04 2.6219E+02
  3.390000E+04 2.5918E+02
  3.400000E+04 2.5616E+02
  3.410000E+04 2.5318E+02
  3.420000E+04 2.5066E+02
  3.430000E+04 2.4818E+02
  3.440000E+04 2.4562E+02
  3.450000E+04 2.4309E+02
  3.460000E+04 2.4038E+02
  3.470000E+04 2.3771E+02
  3.480000E+04 2.3519E+02
  3.490000E+04 2.3271E+02
  3.500000E+04 2.3034E+02
  3.510000E+04 2.2801E+02
  3.520000E+04 2.2535E+02
  3.530000E+04 2.2273E+02
  3.540000E+04 2.2050E+02
  3.550000E+04 2.1830E+02
  3.560000E+04 2.1590E+02
  3.570000E+04 2.1354E+02
  3.580000E+04 2.1142E+02
  3.590000E+04 2.0934E+02
  3.600000E+04 2.0716E+02
  3.610000E+04 2.0501E+02
  3.620000E+04 2.0314E+02
  3.630000E+04 2.0128E+02
  3.640000E+04 1.9871E+02
  3.650000E+04 1.9618E+02
  3.660000E+04 1.9442E+02
  3.670000E+04 1.9267E+02
  3.680000E+04 1.9001E+02
  3.690000E+04 1.8739E+02
  3.700000E+04 1.8563E+02
  3.710000E+04 1.8389E+02
  3.720000E+04 1.8203E+02
  3.730000E+04 1.8019E+02
  3.740000E+04 1.7748E+02
  3.750000E+04 1.7481E+02
  3.760000E+04 1.7432E+02
  3.770000E+04 1.7384E+02
  3.780000E+04 1.7206E+02
  3.790000E+04 1.7031E+02
  3.800000E+04 1.6854E+02
  3.810000E+04 1.6680E+02
  3.820000E+04 1.6541E+02
  3.830000E+04 1.6403E+02
  3.840000E+04 1.6264E+02
  3.850000E+04 1.6126E+02
  3.860000E+04 1.5947E+02
  3.870000E+04 1.5771E+02
  3.880000E+04 1.5620E+02
  3.890000E+04 1.5470E+02
  3.900000E+04 1.5298E+02
  3.910000E+04 1.5128E+02
  3.920000E+04 1.5024E+02
  3.930000E+04 1.4922E+02
  3.940000E+04 1.4753E+02
  3.950000E+04 1.4586E+02
  3.960000E+04 1.4456E+02
  3.970000E+04 1.4327E+02
  3.980000E+04 1.4160E+02
  3.990000E+04 1.3994E+02
  4.000000E+04 1.3868E+02
  4.010000E+04 1.3743E+02
  4.020000E+04 1.3617E+02
  4.030000E+04 1.3492E+02
  4.040000E+04 1.3329E+02
  4.050000E+04 1.3168E+02
  4.060000E+04 1.3104E+02
  4.070000E+04 1.3041E+02
  4.080000E+04 1.2922E+02
  4.090000E+04 1.2805E+02
  4.100000E+04 1.2696E+02
  4.110000E+04 1.2587E+02
  4.120000E+04 1.2477E+02
  4.130000E+04 1.2368E+02
  4.140000E+04 1.2246E+02
  4.150000E+04 1.2125E+02
  4.160000E+04 1.1976E+02
  4.170000E+04 1.1829E+02
  4.180000E+04 1.1758E+02
  4.190000E+04 1.1687E+02
  4.200000E+04 1.1574E+02
  4.210000E+04 1.1463E+02
  4.220000E+04 1.1384E+02
  4.230000E+04 1.1305E+02
  4.240000E+04 1.1189E+02
  4.250000E+04 1.1075E+02
  4.260000E+04 1.0988E+02
  4.270000E+04 1.0901E+02
  4.280000E+04 1.0641E+02
  4.290000E+04 1.0392E+02
  4.300000E+04 1.0184E+02
  4.310000E+04 9.9839E+01
  4.320000E+04 9.9872E+01
  4.330000E+04 9.9918E+01
  4.340000E+04 9.7675E+01
  4.350000E+04 9.5516E+01
  4.360000E+04 9.4172E+01
  4.370000E+04 9.2851E+01
  4.380000E+04 9.2033E+01
  4.390000E+04 9.1229E+01
  4.400000E+04 8.9062E+01
  4.410000E+04 8.6992E+01
  4.420000E+04 8.6765E+01
  4.430000E+04 8.6546E+01
  4.440000E+04 8.5473E+01
  4.450000E+04 8.4418E+01
  4.460000E+04 8.2848E+01
  4.470000E+04 8.1329E+01
  4.480000E+04 8.1504E+01
  4.490000E+04 8.1697E+01
  4.500000E+04 8.0568E+01
  4.510000E+04 7.9461E+01
  4.520000E+04 7.8225E+01
  4.530000E+04 7.7019E+01
  4.540000E+04 7.6959E+01
  4.550000E+04 7.6908E+01
  4.560000E+04 7.6215E+01
  4.570000E+04 7.5529E+01
  4.580000E+04 7.4193E+01
  4.590000E+04 7.2895E+01
  4.600000E+04 7.3050E+01
  4.610000E+04 7.3220E+01
  4.620000E+04 7.2311E+01
  4.630000E+04 7.1418E+01
  4.640000E+04 7.0616E+01
  4.650000E+04 6.9830E+01
  4.660000E+04 6.9470E+01
  4.670000E+04 6.9114E+01
  4.680000E+04 6.8727E+01
  4.690000E+04 6.8347E+01
  4.700000E+04 6.7694E+01
  4.710000E+04 6.7049E+01
  4.720000E+04 6.6993E+01
  4.730000E+04 6.6944E+01
  4.740000E+04 6.6242E+01
  4.750000E+04 6.5550E+01
  4.760000E+04 6.5086E+01
  4.770000E+04 6.4626E+01
  4.780000E+04 6.4084E+01
  4.790000E+04 6.3548E+01
  4.800000E+04 6.2893E+01
  4.810000E+04 6.2246E+01
  4.820000E+04 6.2258E+01
  4.830000E+04 6.2277E+01
  4.840000E+04 6.1654E+01
  4.850000E+04 6.1039E+01
  4.860000E+04 6.0443E+01
  4.870000E+04 5.9854E+01
  4.880000E+04 5.9554E+01
  4.890000E+04 5.9257E+01
  4.900000E+04 5.8697E+01
  4.910000E+04 5.8144E+01
  4.920000E+04 5.7763E+01
  4.930000E+04 5.7386E+01
  4.940000E+04 5.6900E+01
  4.950000E+04 5.6418E+01
  4.960000E+04 5.6229E+01
  4.970000E+04 5.6043E+01
  4.980000E+04 5.5491E+01
  4.990000E+04 5.4947E+01
  5.000000E+04 5.4724E+01
  5.010000E+04 5.4504E+01
  5.020000E+04 5.4105E+01
  5.030000E+04 5.3711E+01
  5.040000E+04 5.3126E+01
  5.050000E+04 5.2549E+01
  5.060000E+04 5.2270E+01
  5.070000E+04 5.1994E+01
  5.080000E+04 5.1647E+01
  5.090000E+04 5.1303E+01
  5.100000E+04 5.0860E+01
  5.110000E+04 5.0422E+01
  5.120000E+04 4.9869E+01
  5.130000E+04 4.9325E+01
  5.140000E+04 4.9156E+01
  5.150000E+04 4.8991E+01
  5.160000E+04 4.8898E+01
  5.170000E+04 4.8808E+01
  5.180000E+04 4.8359E+01
  5.190000E+04 4.7916E+01
  5.200000E+04 4.7538E+01
  5.210000E+04 4.7164E+01
  5.220000E+04 4.6848E+01
  5.230000E+04 4.6534E+01
  5.240000E+04 4.6314E+01
  5.250000E+04 4.6097E+01
  5.260000E+04 4.5990E+01
  5.270000E+04 4.5886E+01
  5.280000E+04 4.5307E+01
  5.290000E+04 4.4738E+01
  5.300000E+04 4.4380E+01
  5.310000E+04 4.4026E+01
  5.320000E+04 4.3854E+01
  5.330000E+04 4.3685E+01
  5.340000E+04 4.3392E+01
  5.350000E+04 4.3101E+01
  5.360000E+04 4.2809E+01
  5.370000E+04 4.2520E+01
  5.380000E+04 4.2282E+01
  5.390000E+04 4.2046E+01
  5.400000E+04 4.1778E+01
  5.410000E+04 4.1513E+01
  5.420000E+04 4.1153E+01
  5.430000E+04 4.0797E+01
  5.440000E+04 4.0666E+01
  5.450000E+04 4.0536E+01
  5.460000E+04 4.0153E+01
  5.470000E+04 3.9775E+01
  5.480000E+04 3.9618E+01
  5.490000E+04 3.9462E+01
  5.500000E+04 3.9098E+01
  5.510000E+04 3.8739E+01
  5.520000E+04 3.8770E+01
  5.530000E+04 3.8805E+01
  5.540000E+04 3.8321E+01
  5.550000E+04 3.7847E+01
  5.560000E+04 3.7751E+01
  5.570000E+04 3.7657E+01
  5.580000E+04 3.7328E+01
  5.590000E+04 3.7001E+01
  5.600000E+04 3.6891E+01
  5.610000E+04 3.6782E+01
  5.620000E+04 3.6411E+01
  5.630000E+04 3.6044E+01
  5.640000E+04 3.5938E+01
  5.650000E+04 3.5833E+01
  5.660000E+04 3.5583E+01
  5.670000E+04 3.5335E+01
  5.680000E+04 3.4998E+01
  5.690000E+04 3.4665E+01
  5.700000E+04 3.4579E+01
  5.710000E+04 3.4494E+01
  5.720000E+04 3.4294E+01
  5.730000E+04 3.4095E+01
  5.740000E+04 3.3860E+01
  5.750000E+04 3.3628E+01
  5.760000E+04 3.3410E+01
  5.770000E+04 3.3194E+01
  5.780000E+04 3.3049E+01
  5.790000E+04 3.2906E+01
  5.800000E+04 3.2673E+01
  5.810000E+04 3.2443E+01
  5.820000E+04 3.2254E+01
  5.830000E+04 3.2066E+01
  5.840000E+04 3.1874E+01
  5.850000E+04 3.1683E+01
  5.860000E+04 3.1426E+01
  5.870000E+04 3.1173E+01
  5.880000E+04 3.0997E+01
  5.890000E+04 3.0822E+01
  5.900000E+04 3.0512E+01
  5.910000E+04 3.0206E+01
  5.920000E+04 3.0185E+01
  5.930000E+04 3.0166E+01
  5.940000E+04 2.9935E+01
  5.950000E+04 2.9707E+01
  5.960000E+04 2.9594E+01
  5.970000E+04 2.9483E+01
  5.980000E+04 2.9304E+01
  5.990000E+04 2.9127E+01
  6.000000E+04 2.8952E+01
  6.010000E+04 2.8778E+01
  6.020000E+04 2.8600E+01
  6.030000E+04 2.8423E+01
  6.040000E+04 2.8213E+01
  6.050000E+04 2.8004E+01
  6.060000E+04 2.7849E+01
  6.070000E+04 2.7695E+01
  6.080000E+04 2.7514E+01
  6.090000E+04 2.7334E+01
  6.100000E+04 2.7162E+01
  6.110000E+04 2.6991E+01
  6.120000E+04 2.6862E+01
  6.130000E+04 2.6733E+01
  6.140000E+04 2.6590E+01
  6.150000E+04 2.6448E+01
  6.160000E+04 2.6329E+01
  6.170000E+04 2.6210E+01
  6.180000E+04 2.6035E+01
  6.190000E+04 2.5861E+01
  6.200000E+04 2.5737E+01
  6.210000E+04 2.5613E+01
  6.220000E+04 2.5423E+01
  6.230000E+04 2.5234E+01
  6.240000E+04 2.5060E+01
  6.250000E+04 2.4887E+01
  6.260000E+04 2.4749E+01
  6.270000E+04 2.4611E+01
  6.280000E+04 2.4474E+01
  6.290000E+04 2.4338E+01
  6.300000E+04 2.4192E+01
  6.310000E+04 2.4047E+01
  6.320000E+04 2.3945E+01
  6.330000E+04 2.3844E+01
  6.340000E+04 2.3686E+01
  6.350000E+04 2.3529E+01
  6.360000E+04 2.3432E+01
  6.370000E+04 2.3336E+01
  6.380000E+04 2.3166E+01
  6.390000E+04 2.2997E+01
  6.400000E+04 2.2873E+01
  6.410000E+04 2.2750E+01
  6.420000E+04 2.2628E+01
  6.430000E+04 2.2490E+01
  6.440000E+04 2.2352E+01
  6.450000E+04 2.2216E+01
  6.460000E+04 2.2080E+01
  6.470000E+04 2.1956E+01
  6.480000E+04 2.1833E+01
  6.490000E+04 2.1711E+01
  6.500000E+04 2.1589E+01
  6.510000E+04 2.1465E+01
  6.520000E+04 2.1342E+01
  6.530000E+04 2.1219E+01
  6.540000E+04 2.1098E+01
  6.550000E+04 2.0985E+01
  6.560000E+04 2.0873E+01
  6.570000E+04 2.0762E+01
  6.580000E+04 2.0651E+01
  6.590000E+04 2.0529E+01
  6.600000E+04 2.0408E+01
  6.610000E+04 2.0288E+01
  6.620000E+04 2.0168E+01
  6.630000E+04 2.0057E+01
  6.640000E+04 1.9947E+01
  6.650000E+04 1.9837E+01
  6.660000E+04 1.9728E+01
  6.670000E+04 1.9620E+01
  6.680000E+04 1.9512E+01
  6.690000E+04 1.9405E+01
  6.700000E+04 1.9299E+01
  6.710000E+04 1.9186E+01
  6.720000E+04 1.9073E+01
  6.730000E+04 1.8962E+01
  6.740000E+04 1.8851E+01
  6.750000E+04 1.8747E+01
  6.760000E+04 1.8645E+01
  6.770000E+04 1.8543E+01
  6.780000E+04 1.8442E+01
  6.790000E+04 1.8338E+01
  6.800000E+04 1.8236E+01
  6.810000E+04 1.8133E+01
  6.820000E+04 1.8032E+01
  6.830000E+04 1.7937E+01
  6.840000E+04 1.7843E+01
  6.850000E+04 1.7749E+01
  6.860000E+04 1.7656E+01
  6.870000E+04 1.7554E+01
  6.880000E+04 1.7453E+01
  6.890000E+04 1.7353E+01
  6.900000E+04 1.7253E+01
  6.910000E+04 1.7160E+01
  6.920000E+04 1.7068E+01
  6.930000E+04 1.6976E+01
  6.940000E+04 1.6885E+01
  6.950000E+04 1.6793E+01
  6.960000E+04 1.6702E+01
  6.970000E+04 1.6611E+01
  6.980000E+04 1.6521E+01
  6.990000E+04 1.6429E+01
  7.000000E+04 1.6338E+01
  7.010000E+04 1.6248E+01
  7.020000E+04 1.6159E+01
  7.030000E+04 1.6074E+01
  7.040000E+04 1.5990E+01
  7.050000E+04 1.5906E+01
  7.060000E+04 1.5823E+01
  7.070000E+04 1.5736E+01
  7.080000E+04 1.5650E+01
  7.090000E+04 1.5564E+01
  7.100000E+04 1.5479E+01
  7.110000E+04 1.5398E+01
  7.120000E+04 1.5317E+01
  7.130000E+04 1.5238E+01
  7.140000E+04 1.5158E+01
  7.150000E+04 1.5076E+01
  7.160000E+04 1.4994E+01
  7.170000E+04 1.4913E+01
  7.180000E+04 1.4832E+01
  7.190000E+04 1.4754E+01
  7.200000E+04 1.4676E+01
  7.210000E+04 1.4598E+01
  7.220000E+04 1.4522E+01
  7.230000E+04 1.4444E+01
  7.240000E+04 1.4367E+01
  7.250000E+04 1.4290E+01
  7.260000E+04 1.4214E+01
  7.270000E+04 1.4140E+01
  7.280000E+04 1.4067E+01
  7.290000E+04 1.3994E+01
  7.300000E+04 1.3922E+01
  7.310000E+04 1.3847E+01
  7.320000E+04 1.3774E+01
  7.330000E+04 1.3700E+01
  7.340000E+04 1.3628E+01
  7.350000E+04 1.3558E+01
  7.360000E+04 1.3488E+01
  7.370000E+04 1.3419E+01
  7.380000E+04 1.3350E+01
  7.390000E+04 1.3276E+01
  7.400000E+04 1.3203E+01
  7.410000E+04 1.3130E+01
  7.420000E+04 1.3057E+01
  7.430000E+04 1.2976E+01
  7.440000E+04 1.2896E+01
  7.450000E+04 1.2816E+01
  7.460000E+04 1.2736E+01
  7.470000E+04 1.2668E+01
  7.480000E+04 1.2600E+01
  7.490000E+04 1.2532E+01
  7.500000E+04 1.2465E+01
  7.510000E+04 1.2417E+01
  7.520000E+04 1.2370E+01
  7.530000E+04 1.2323E+01
  7.540000E+04 1.2276E+01
  7.550000E+04 1.2216E+01
  7.560000E+04 1.2156E+01
  7.570000E+04 1.2097E+01
  7.580000E+04 1.2038E+01
  7.590000E+04 1.1977E+01
  7.600000E+04 1.1917E+01
  7.610000E+04 1.1856E+01
  7.620000E+04 1.1796E+01
  7.630000E+04 1.1737E+01
  7.640000E+04 1.1678E+01
  7.650000E+04 1.1619E+01
  7.660000E+04 1.1560E+01
  7.670000E+04 1.1501E+01
  7.680000E+04 1.1443E+01
  7.690000E+04 1.1384E+01
  7.700000E+04 1.1326E+01
  7.710000E+04 1.1270E+01
  7.720000E+04 1.1214E+01
  7.730000E+04 1.1158E+01
  7.740000E+04 1.1103E+01
  7.750000E+04 1.1048E+01
  7.760000E+04 1.0993E+01
  7.770000E+04 1.0939E+01
  7.780000E+04 1.0884E+01
  7.790000E+04 1.0830E+01
  7.800000E+04 1.0776E+01
  7.810000E+04 1.0722E+01
  7.820000E+04 1.0669E+01
  7.830000E+04 1.0616E+01
  7.840000E+04 1.0564E+01
  7.850000E+04 1.0512E+01
  7.860000E+04 1.0461E+01
  7.870000E+04 1.0409E+01
  7.880000E+04 1.0358E+01
  7.890000E+04 1.0306E+01
  7.900000E+04 1.0256E+01
  7.910000E+04 1.0205E+01
  7.920000E+04 1.0155E+01
  7.930000E+04 1.0105E+01
  7.940000E+04 1.0056E+01
  7.950000E+04 1.0007E+01
  7.960000E+04 9.9586E+00
  7.970000E+04 9.9106E+00
  7.980000E+04 9.8629E+00
  7.990000E+04 9.8137E+00
  8.000000E+04 9.7648E+00
  8.010000E+04 9.7161E+00
  8.020000E+04 9.6678E+00
  8.030000E+04 9.6209E+00
  8.040000E+04 9.5743E+00
  8.050000E+04 9.5280E+00
  8.060000E+04 9.4819E+00
  8.070000E+04 9.4373E+00
  8.080000E+04 9.3930E+00
  8.090000E+04 9.3490E+00
  8.100000E+04 9.3052E+00
  8.110000E+04 9.2596E+00
  8.120000E+04 9.2143E+00
  8.130000E+04 9.1692E+00
  8.140000E+04 9.1245E+00
  8.150000E+04 9.0817E+00
  8.160000E+04 9.0393E+00
  8.170000E+04 8.9971E+00
  8.180000E+04 8.9551E+00
  8.190000E+04 8.9129E+00
  8.200000E+04 8.8711E+00
  8.210000E+04 8.8294E+00
  8.220000E+04 8.7881E+00
  8.230000E+04 8.7460E+00
  8.240000E+04 8.7042E+00
  8.250000E+04 8.6626E+00
  8.260000E+04 8.6213E+00
  8.270000E+04 8.5812E+00
  8.280000E+04 8.5413E+00
  8.290000E+04 8.5016E+00
  8.300000E+04 8.4622E+00
  8.310000E+04 8.4214E+00
  8.320000E+04 8.3809E+00
  8.330000E+04 8.3407E+00
  8.340000E+04 8.3007E+00
  8.350000E+04 8.2622E+00
  8.360000E+04 8.2240E+00
  8.370000E+04 8.1860E+00
  8.380000E+04 8.1482E+00
  8.390000E+04 8.1111E+00
  8.400000E+04 8.0741E+00
  8.410000E+04 8.0374E+00
  8.420000E+04 8.0009E+00
  8.430000E+04 7.9639E+00
  8.440000E+04 7.9271E+00
  8.450000E+04 7.8906E+00
  8.460000E+04 7.8542E+00
  8.470000E+04 7.8180E+00
  8.480000E+04 7.7821E+00
  8.490000E+04 7.7463E+00
  8.500000E+04 7.7108E+00
  8.510000E+04 7.6755E+00
  8.520000E+04 7.6405E+00
  8.530000E+04 7.6057E+00
  8.540000E+04 7.5711E+00
  8.550000E+04 7.5365E+00
  8.560000E+04 7.5021E+00
  8.570000E+04 7.4678E+00
  8.580000E+04 7.4338E+00
  8.590000E+04 7.4004E+00
  8.600000E+04 7.3672E+00
  8.610000E+04 7.3341E+00
  8.620000E+04 7.3013E+00
  8.630000E+04 7.2685E+00
  8.640000E+04 7.2359E+00
  8.650000E+04 7.2035E+00
  8.660000E+04 7.1713E+00
  8.670000E+04 7.1391E+00
  8.680000E+04 7.1071E+00
  8.690000E+04 7.0754E+00
  8.700000E+04 7.0437E+00
  8.710000E+04 7.0120E+00
  8.720000E+04 6.9805E+00
  8.730000E+04 6.9491E+00
  8.740000E+04 6.9179E+00
  8.750000E+04 6.8871E+00
  8.760000E+04 6.8564E+00
  8.770000E+04 6.8259E+00
  8.780000E+04 6.7955E+00
  8.790000E+04 6.7648E+00
  8.800000E+04 6.7342E+00
  8.810000E+04 6.7039E+00
  8.820000E+04 6.6737E+00
  8.830000E+04 6.6443E+00
  8.840000E+04 6.6151E+00
  8.850000E+04 6.5860E+00
  8.860000E+04 6.5571E+00
  8.870000E+04 6.5282E+00
  8.880000E+04 6.4994E+00
  8.890000E+04 6.4707E+00
  8.900000E+04 6.4423E+00
  8.910000E+04 6.4146E+00
  8.920000E+04 6.3870E+00
  8.930000E+04 6.3596E+00
  8.940000E+04 6.3324E+00
  8.950000E+04 6.3039E+00
  8.960000E+04 6.2756E+00
  8.970000E+04 6.2474E+00
  8.980000E+04 6.2194E+00
  8.990000E+04 6.1932E+00
  9.000000E+04 6.1672E+00
  9.010000E+04 6.1414E+00
  9.020000E+04 6.1156E+00
  9.030000E+04 6.0895E+00
  9.040000E+04 6.0635E+00
  9.050000E+04 6.0377E+00
  9.060000E+04 6.0120E+00
  9.070000E+04 5.9849E+00
  9.080000E+04 5.9580E+00
  9.090000E+04 5.9312E+00
  9.100000E+04 5.9046E+00
  9.110000E+04 5.8798E+00
  9.120000E+04 5.8552E+00
  9.130000E+04 5.8307E+00
  9.140000E+04 5.8063E+00
  9.150000E+04 5.7821E+00
  9.160000E+04 5.7579E+00
  9.170000E+04 5.7339E+00
  9.180000E+04 5.7101E+00
  9.190000E+04 5.6861E+00
  9.200000E+04 5.6623E+00
  9.210000E+04 5.6386E+00
  9.220000E+04 5.6150E+00
  9.230000E+04 5.5911E+00
  9.240000E+04 5.5674E+00
  9.250000E+04 5.5438E+00
  9.260000E+04 5.5203E+00
  9.270000E+04 5.4972E+00
  9.280000E+04 5.4742E+00
  9.290000E+04 5.4513E+00
  9.300000E+04 5.4285E+00
  9.310000E+04 5.4054E+00
  9.320000E+04 5.3824E+00
  9.330000E+04 5.3596E+00
  9.340000E+04 5.3368E+00
  9.350000E+04 5.3147E+00
  9.360000E+04 5.2928E+00
  9.370000E+04 5.2710E+00
  9.380000E+04 5.2493E+00
  9.390000E+04 5.2274E+00
  9.400000E+04 5.2057E+00
  9.410000E+04 5.1841E+00
  9.420000E+04 5.1626E+00
  9.430000E+04 5.1409E+00
  9.440000E+04 5.1193E+00
  9.450000E+04 5.0978E+00
  9.460000E+04 5.0764E+00
  9.470000E+04 5.0556E+00
  9.480000E+04 5.0349E+00
  9.490000E+04 5.0143E+00
  9.500000E+04 4.9938E+00
  9.510000E+04 4.9733E+00
  9.520000E+04 4.9529E+00
  9.530000E+04 4.9325E+00
  9.540000E+04 4.9123E+00
  9.550000E+04 4.8925E+00
  9.560000E+04 4.8729E+00
  9.570000E+04 4.8533E+00
  9.580000E+04 4.8338E+00
  9.590000E+04 4.8137E+00
  9.600000E+04 4.7938E+00
  9.610000E+04 4.7739E+00
  9.620000E+04 4.7542E+00
  9.630000E+04 4.7352E+00
  9.640000E+04 4.7163E+00
  9.650000E+04 4.6975E+00
  9.660000E+04 4.6788E+00
  9.670000E+04 4.6598E+00
  9.680000E+04 4.6410E+00
  9.690000E+04 4.6223E+00
  9.700000E+04 4.6036E+00
  9.710000E+04 4.5841E+00
  9.720000E+04 4.5647E+00
  9.730000E+04 4.5454E+00
  9.740000E+04 4.5262E+00
  9.750000E+04 4.5087E+00
  9.760000E+04 4.4912E+00
  9.770000E+04 4.4738E+00
  9.780000E+04 4.4565E+00
  9.790000E+04 4.4389E+00
  9.800000E+04 4.4213E+00
  9.810000E+04 4.4038E+00
  9.820000E+04 4.3864E+00
  9.830000E+04 4.3691E+00
  9.840000E+04 4.3519E+00
  9.850000E+04 4.3348E+00
  9.860000E+04 4.3177E+00
  9.870000E+04 4.3007E+00
  9.880000E+04 4.2838E+00
  9.890000E+04 4.2670E+00
  9.900000E+04 4.2502E+00
  9.910000E+04 4.2332E+00
  9.920000E+04 4.2164E+00
  9.930000E+04 4.1996E+00
  9.940000E+04 4.1829E+00
  9.950000E+04 4.1665E+00
  9.960000E+04 4.1502E+00
  9.970000E+04 4.1340E+00
  9.980000E+04 4.1178E+00
  9.990000E+04 4.1017E+00
  1.000000E+05 4.0856E+00
  1.002000E+05 4.0536E+00
  1.050000E+05 3.3698E+00
  1.100000E+05 2.8044E+00
  1.130000E+05 2.5217E+00
  1.160000E+05 2.2739E+00
  1.200000E+05 1.9890E+00
  1.250000E+05 1.6930E+00
  1.300000E+05 1.4501E+00
  1.350000E+05 1.2494E+00
  1.400000E+05 1.0823E+00
  1.450000E+05 9.4230E-01
  1.500000E+05 8.2428E-01
  1.600000E+05 6.3891E-01
  1.700000E+05 5.0295E-01
  1.800000E+05 4.0138E-01
  1.900000E+05 3.2426E-01
  2.000000E+05 2.6484E-01
  2.200000E+05 1.8110E-01
  2.300000E+05 1.5169E-01
  2.400000E+05 1.2801E-01
  2.500000E+05 1.0878E-01
  2.600000E+05 9.3035E-02
  2.700000E+05 8.0038E-02
  2.800000E+05 6.9234E-02
  3.000000E+05 5.2584E-02
  3.500000E+05 2.8441E-02
  4.000000E+05 1.6701E-02
  4.500000E+05 1.0418E-02
  5.000000E+05 6.8304E-03
  5.500000E+05 4.6623E-03
  6.000000E+05 3.2900E-03
  6.500000E+05 2.3857E-03
  7.000000E+05 1.7717E-03
  7.500000E+05 1.3431E-03
  8.000000E+05 1.0365E-03
  8.500000E+05 8.1234E-04
  9.000000E+05 6.4559E-04
  9.500000E+05 5.1949E-04
  1.000000E+06 4.2270E-04
  1.050000E+06 3.4737E-04
  1.100000E+06 2.8808E-04
  1.200000E+06 2.0300E-04
  1.300000E+06 1.4710E-04
  1.400000E+06 1.0917E-04
  1.500000E+06 8.2696E-05
  1.600000E+06 6.3776E-05
  2.000000E+06 2.6212E-05
  2.500000E+06 1.0736E-05
  3.000000E+06 5.1776E-06
  4.000000E+06 1.6382E-06
  5.000000E+06 6.7102E-07
  7.000000E+06 1.7467E-07
  1.000000E+07 4.1939E-08
  1.500000E+07 8.2843E-09
  2.250000E+07 1.6364E-09
  3.350000E+07 3.3300E-10
  5.000000E+07 6.7103E-11
  7.400000E+07 1.3986E-11
  1.100000E+08 2.8645E-12
  1.300000E+08 1.4684E-12
  1.600000E+08 6.3994E-13
  2.400000E+08 1.2641E-13
  3.600000E+08 2.4970E-14
