#          X                     Y
#
101001000.0   0.23387922818180001
101002001.0       0.8084248142868
101003002.0         1.39742665408
101004003.0    1.6819360696899999
101005004.0        1.746047318682
101006005.0        1.856893401291
101007006.0        2.154515295655
101008007.0        2.587724648114
101009008.0      2.98508829234218
101010009.0      3.05054426249931
101011010.0    2.4493330124380774
101012011.0    1.4218903519174735
101013012.0     0.534375183569097
101014013.0   0.12263379271438529
101015014.0  0.022387329138474896
101016015.0 0.0038290327551096064
102001000.0    0.6988450400799999
102002001.0        1.747918368746
102002000.0    1.976013243548e-07
