#          X                   Y
#
101001000.0     0.0487905299648
101002001.0     0.1934309779168
101003002.0        0.4289872938
101004003.0        0.7474102662
101005004.0      1.138256894632
101006005.0       1.58751725028
101007006.0      2.076488316864
101008007.0       2.57016914128
101009008.0      2.981733627288
101010009.0      3.049988175832
101011010.0      2.449252900224
101012011.0       1.42188009496
101013012.0  0.5343739504480001
101014013.0 0.12263366783199998
101015014.0     0.0223873191568
101016015.0     0.0038290319808
102001000.0  0.5038020110239999
102002001.0      1.437477497456
102002000.0  1.732295986512e-07
