#          X                      Y
#
101001000.0         0.185088698217
101002001.0          0.61499383637
101003002.0          0.96843936028
101004003.0          0.93452580349
101005004.0          0.60779042405
101006005.0         0.269376151011
101007006.0    0.07802697879100001
101008007.0   0.017555506834000003
101009008.0       0.00335466505418
101010009.0       0.00055608666731
101011010.0       8.0112214077e-05
101012011.0      1.02569574735e-05
101013012.0      1.23312109687e-06
101014013.0 1.2488238531300002e-07
101015014.0       9.9816748958e-09
101016015.0  7.743096066600001e-10
102001000.0    0.19504302905600002
102002001.0    0.31044087129000003
102002000.0      2.43717257036e-08
