# 2017-03-07 14:30:00
# NVAR  = 2 # Variable X Y
# TVAR1 = band wavelengths (rest-frame) (lambda)
# TVAR2 = flux, in unit of mJy, for the galaxy HFLS-3 (z=6.3369) (Riechers et al. 2013Natur.496..329R)
# CVAR1 = 1 # the colomn number of VAR1
# CVAR2 = 2 # the colomn number of VAR2
# NVAR1 = 1985 # NAXIS1
# NVAR2 = 1 # NAXIS2
# NPAR  = 1 # Parameters
# TPAR1 = None
# NPAR1 = 1
# CPAR1 = 3
# 
# lambda               flux                None
# [um]                 [mJy]                  0
  1.000408886465858    0.0                    0
  1.0085866157830177   0.0                    0
  1.0194902548725637   0.0                    0
  1.0276679841897234   0.0                    0
  1.0372086683930763   0.0                    0
  1.046749352596429    0.0                    0
  1.056290036799782    0.0                    0
  1.0671936758893281   0.0                    0
  1.0753714052064876   0.0                    0
  1.0862750442960338   0.0                    0
  1.0958157284993866   0.0                    0
  1.1067193675889326   0.0                    0
  1.1162600517922856   0.0                    0
  1.1271636908818319   0.0                    0
  1.138067329971378    0.0                    0
  1.147608014174731    0.0                    0
  1.158511653264277    0.0                    0
  1.1694152923538232   0.0                    0
  1.1803189314433693   0.0                    0
  1.1912225705329154   0.0                    0
  1.2021262096224616   0.0                    0
  1.2130298487120077   0.0                    0
  1.225296442687747    0.0                    0
  1.2362000817772933   0.0                    0
  1.2471037208668394   0.0                    0
  1.2593703148425788   0.0                    0
  1.2702739539321248   0.0                    0
  1.2811775930216711   0.0                    0
  1.2934441869974105   0.0                    0
  1.3057107809731499   0.0                    0
  1.3179773749488892   0.0                    0
  1.3302439689246286   0.0                    0
  1.342510562900368    0.0                    0
  1.3547771568761073   0.0                    0
  1.36840670573804     0.0                    0
  1.379310344827586    0.0                    0
  1.392939893689519    0.0                    0
  1.4052064876652584   0.0                    0
  1.418836036527191    0.0                    0
  1.4324655853891237   0.0                    0
  1.444732179364863    0.0                    0
  1.4583617282267956   0.0                    0
  1.4719912770887285   0.0                    0
  1.4856208259506611   0.0                    0
  1.4992503748125938   0.0                    0
  1.5142428785607196   0.0                    0
  1.5278724274226525   0.0                    0
  1.5415019762845852   0.0                    0
  1.5551315251465176   0.0                    0
  1.5701240288946436   0.0                    0
  1.5851165326427696   0.0                    0
  1.6001090363908956   0.0                    0
  1.613738585252828    0.0                    0
  1.628731089000954    0.0                    0
  1.64372359274908     0.0                    0
  1.6600790513833992   0.0                    0
  1.6750715551315252   0.0                    0
  1.6900640588796512   0.0                    0
  1.7064195175139703   0.0                    0
  1.7214120212620965   0.0                    0
  1.7377674798964156   0.0                    0
  1.7541229385307346   0.0                    0
  1.7691154422788606   0.0                    0
  1.7854709009131797   0.0                    0
  1.8031893144336923   0.0                    0
  1.8195447730680114   0.0                    0
  1.837263186588524    0.0                    0
  1.8536186452228431   0.0                    0
  1.8713370587433558   0.0                    0
  1.8876925173776749   0.0                    0
  1.9054109308981875   0.0                    0
  1.9231293444186996   0.0                    0
  1.9408477579392123   0.0                    0
  1.9585661714597247   0.0                    0
  1.9762845849802373   0.0                    0
  1.995365953386943    0.0                    0
  2.013084366907455    0.0                    0
  2.032165735314161    0.004920858374249008   0
  2.051247103720867    0.004875082947511807   0
  2.0703284721275725   0.004830151307442574   0
  2.088046885648085    0.00478916438381545    0
  2.1084912089409844   0.00474272775436669    0
  2.12757257734769     0.004700192079439635   0
  2.148016900640589    0.004655456748734309   0
  2.167098269047295    0.004614465305663692   0
  2.187542592340194    0.004571339461685526   0
  2.2079869156330925   0.004529012244447698   0
  2.2270682840397984   0.004490207977971401   0
  2.2488755622188905   0.004446666567275922   0
  2.2693198855117895   0.004406606508111274   0
  2.2911271636908817   0.004364663792983504   0
  2.311571486983781    0.004326061224059711   0
  2.3320158102766797   0.00428813549737304    0
  2.355186043341966    0.004245948979169716   0
  2.376993321521058    0.004206995318810361   0
  2.39880059970015     0.004168749906821176   0
  2.4206078778792426   0.004131193601354319   0
  2.4424151560583347   0.004094307944199369   0
  2.46558538912362     0.00405583186069943    0
  2.488755622188906    0.004018072199345712   0
  2.511925855254191    0.003981009135108665   0
  2.535096088319477    0.003944623567744768   0
  2.558266321384762    0.003908897088974571   0
  2.581436554450048    0.0038738119514283367  0
  2.605969742401527    0.003837343010463007   0
  2.629139975466812    0.0038035250575455004  0
  2.6550361183044844   0.0037664270205365865  0
  2.6782063513697696   0.003733842155727873   0
  2.704102494207442    0.003698084594760721   0
  2.7286356821589206   0.0036648350829197153  0
  2.7531688701103993   0.0036321781366362724  0
  2.7790650129480716   0.003598332435510186   0
  2.8049611557857435   0.007130223358605706   0
  2.8308572986234157   0.00706499743476675    0
  2.8581163963472807   0.006997615484983568   0
  2.884012539184953    0.006934782453691181   0
  2.9112716369088183   0.0068698500337128     0
  2.9371677797464906   0.006809280590260112   0
  2.964426877470356    0.006746666515866915   0
  2.991685975194221    0.00668519347244216    0
  3.0189450729180862   0.006624830551697761   0
  3.047567125528145    0.006562611660112049   0
  3.0761891781382036   0.009752325878606916   0
  3.1048112307482625   0.009662422962254526   0
  3.132070328472128    0.0095783287676309     0
  3.1620553359683794   0.012649999717250466   0
  3.192040343464632    0.01566396265868877    0
  3.22066239607469     0.018629707581900815   0
  3.2506474035709423   0.03691572244530953    0
  3.280632411067194    0.12192771266023797    0
  3.3106174185634454   0.1782144836385145     0
  3.341965380945891    0.050868271334403685   0
  3.3719503884421425   0.023725140941003302   0
  3.4032983508245875   0.01762995555307634    0
  3.436009268093226    0.014551765389388774   0
  3.465994275589478    0.014425875165807747   0
  3.4987051928581168   0.011432800679400498   0
  3.531416110126755    0.011326900557321915   0
  3.564127027395393    0.011222944299816857   0
  3.5968379446640317   0.011120878872308101   0
  3.6309118168188634   0.011016516270278184   0
  3.6636227340875016   0.010918154517864986   0
  3.6976966062423333   0.013521931642701475   0
  3.7331334332833586   0.013393574496768564   0
  3.7658443505519967   0.013277235087458959   0
  3.801281177593022    0.013153460217514915   0
  3.8367180046340468   0.013031971775008562   0
  3.8721548316750716   0.012912706985796937   0
  3.907591658716097    0.012795605352859818   0
  3.944391440643315    0.015211471671054464   0
  3.9798282676843395   0.015076027060284802   0
  4.017991004497751    0.01493283548712063    0
  4.054790786424969    0.014797310593624075   0
  4.092953523238381    0.014659340331678861   0
  4.1297533051655995   0.016950165088666546   0
  4.1679160419790104   0.016794964100281112   0
  4.206078778792422    0.016642579461652506   0
  4.245604470492027    0.016487640519633914   0
  4.283767207305439    0.01867515071207196    0
  4.324655853891237    0.018498581370325295   0
  4.364181545590841    0.018331042688332966   0
  4.405070192176639    0.01816089068318136    0
  4.4459588387624365   0.02024310319555968    0
  4.486847485348235    0.02005862777154182    0
  4.527736131934033    0.019877484233568835   0
  4.569987733406024    0.019693707910502734   0
  4.612239334878016    0.021681442403456912   0
  4.6558538912362      0.021478337556586125   0
  4.6981054927081916   0.02128517583211436    0
  4.741720049066376    0.023198332728565887   0
  4.785334605424561    0.022986898195010173   0
  4.830312116668938    0.022772855407076954   0
  4.873926673027123    0.024620804818809634   0
  4.918904184271502    0.02439567692769832    0
  4.965244650402072    0.026181991902675204   0
  5.011585116532643    0.025939895703411955   0
  5.057925582663214    0.027679331834362508   0
  5.104266048793786    0.029387184078289125   0
  5.151969469810549    0.03105608396192707    0
  5.199672890827314    0.03461756362983784    0
  5.247376311844078    0.03811428628223283    0
  5.296442687747036    0.03964925249343487    0
  5.345509063649994    0.037414584953237226   0
  5.394575439552951    0.03522056550043529    0
  5.4436418154559085   0.036740110712718176   0
  5.4940711462450595   0.03822302038935448    0
  5.545863431920403    0.03966920597821613    0
  5.597655717595748    0.044661553445337225   0
  5.648085048384899    0.051344834429905915   0
  5.701240288946436    0.05788214430337656    0
  5.7530325746217805   0.055622836946735046   0
  5.807550770069511    0.05165689010710762    0
  5.8607060106310485   0.052894651569599334   0
  5.915224206078779    0.05578825106475211    0
  5.969742401526509    0.0636543371007867     0
  6.025623551860433    0.0763406482973241     0
  6.080141747308164    0.10197130766611842    0
  6.137385852528282    0.15315967094175503    0
  6.193267002862205    0.23089589822092946    0
  6.250511108082323    0.22878128249365537    0
  6.3091181681886335   0.15691575005338268    0
  6.367725228294944    0.11307020997245834    0
  6.426332288401254    0.09336585736856227    0
  6.484939348507565    0.08635393059043234    0
  6.544909363500069    0.08556268258002438    0
  6.606242333378765    0.0877957474221292     0
  6.667575303257463    0.08998773865346915    0
  6.728908273136159    0.09213976169709424    0
  6.79160419790105     0.09128918392505604    0
  6.85430012266594     0.09045416653381473    0
  6.91699604743083     0.0910799993106297     0
  6.981054927081914    0.09454158907498014    0
  7.046476761619191    0.10075957142292184    0
  7.110535641270275    0.10829001073524688    0
  7.177320430693744    0.11982187817995874    0
  7.242742265231021    0.13392717745414479    0
  7.309527054654492    0.15185661206333442    0
  7.377674798964155    0.17756271162337875    0
  7.4458225432738185   0.2135425635163609     0
  7.515333242469675    0.26346137359343796    0
  7.584843941665531    0.30719154429885576    0
  7.654354640861388    0.31615991025229123    0
  7.726591249829631    0.30802718009619007    0
  7.797464903911681    0.3065098893494482     0
  7.86833855799373     0.2935816660345313     0
  7.9419381218481675   0.2556051105214818     0
  8.015537685702604    0.2133356619602846     0
  8.090500204443233    0.18045856266651514    0
  8.165462723183863    0.16043180738062918    0
  8.240425241924493    0.15169120079391335    0
  8.316750715551317    0.1502990822681088     0
  8.394439144064332    0.15486442036279552    0
  8.470764617691154    0.1676353931637992     0
  8.549816001090363    0.1906473770925308     0
  8.628867384489574    0.19701311561926113    0
  8.709281722774977    0.1687854492944171     0
  8.788333106174186    0.1388204126847589     0
  8.870110399345782    0.12062984611003327    0
  8.953250647403571    0.10945745379726243    0
  9.035027940575167    0.10403952304280024    0
  9.118168188632957    0.10089746072420623    0
  9.202671391576938    0.09997097337750886    0
  9.288537549407115    0.09904681030740127    0
  9.37440370723729     0.09920631073681759    0
  9.460269865067467    0.09936291575431824    0
  9.548861932670029    0.09844105027843604    0
  9.636091045386399    0.09858769324662155    0
  9.726046067875153    0.09870403366823234    0
  9.816001090363908    0.09881824784661558    0
  9.907319067738857    0.09891677176973682    0
  9.998637045113806    0.10001363140676117    0
  10.088592067602562   0.10011307660130932    0
  10.18808777429467    0.10109845873025747    0
  10.278042796783426   0.1021595232746927     0
  10.37890145836173    0.10405725955180407    0
  10.468856480850485   0.10507356040785981    0
  10.568352187542594   0.10692300702881682    0
  10.669210849120894   0.11059861542104028    0
  10.75916587160965    0.114321131744897      0
  10.858661578301758   0.12064101393464909    0
  10.958157284993868   0.13414664440190613    0
  11.068556630775522   0.16352628469613956    0
  11.16805233746763    0.25340138443045307    0
  11.268910999045932   0.33099915505493666    0
  11.377947389941394   0.26630462134746935    0
  11.478806051519696   0.21256566634797563    0
  11.587842442415155   0.1682798206287394     0
  11.68870110399346    0.15656145423122525    0
  11.79773749488892    0.1593525873961929     0
  11.908136840670576   0.16879214753380925    0
  12.01853618645223    0.17306599501282968    0
  12.128935532233882   0.16654387976242085    0
  12.248875562218892   0.16164749237723564    0
  12.357911953114353   0.1683132176048453     0
  12.468311298896008   0.1868737367755938     0
  12.588251328881015   0.20813056691584003    0
  12.70819135886602    0.2061662286609501     0
  12.818590704647676   0.1731859671442132     0
  12.938530734632685   0.1514855185914288     0
  13.058470764617692   0.14013892406711073    0
  13.1784107946027     0.1365870270984029     0
  13.298350824587706   0.1383630239304991     0
  13.427831538776067   0.14298659850923792    0
  13.547771568761075   0.14098259310967004    0
  13.678615237835627   0.1330544079796828     0
  13.798555267820635   0.12682487159225603    0
  13.928035982008996   0.12564585575888051    0
  14.057516696197357   0.12804537182610604    0
  14.18836036527191    0.13320777997159822    0
  14.31784107946027    0.12851099709565728    0
  14.448684748534825   0.125270913877686      0
  14.587706146926537   0.12476259352369397    0
  14.71854981600109    0.12569173233565803    0
  14.857571214392804   0.12720786987472132    0
  14.997955567670711   0.12935096710129504    0
  15.138339920948615   0.13211488250652742    0
  15.277361319340331   0.13484003550872953    0
  15.417745672618237   0.13815250035053936    0
  15.558130025896144   0.14204792185619217    0
  15.698514379174052   0.14651067589984873    0
  15.84843941665531    0.1520654508921548     0
  15.998364454136569   0.1575161003583049     0
  16.137385852528283   0.16421495523404428    0
  16.28731089000954    0.17866669983045824    0
  16.4372359274908     0.2086725579585207     0
  16.598064604061605   0.19821587879878189    0
  16.747989641542866   0.2024123597793126     0
  16.897914679024126   0.21245224528359602    0
  17.057380400708738   0.21867367271228258    0
  17.218209077279543   0.2212773654727578     0
  17.377674798964154   0.22615223913566737    0
  17.537140520648766   0.21269145985810345    0
  17.69796919721957    0.20849850150039667    0
  17.857434918904186   0.21055655571690515    0
  18.027804279678346   0.2057932280931756     0
  18.198173640452502   0.20441611900773854    0
  18.367180046340465   0.20525741956112964    0
  18.537549407114625   0.20714711690508228    0
  18.70791876788878    0.2100714737709281     0
  18.876925173776748   0.2156071571081554     0
  19.047294534550907   0.2152536622560941     0
  19.22720457952842    0.21375962982629323    0
  19.407114624505926   0.21435437095626553    0
  19.58702466948344    0.21544874024518917    0
  19.76693471446095    0.21702909549828076    0
  19.946844759438463   0.2180795989087062     0
  20.137658443505522   0.21948927620824824    0
  20.31756848848303    0.2209909996692424     0
  20.507019217663895   0.2228505334273529     0
  20.697832901730955   0.22466120571388676    0
  20.887283630911817   0.2264535735069636     0
  21.087637999182228   0.2280957185895391     0
  21.277088728363093   0.23029466850112637    0
  21.477443096633504   0.23233677066057853    0
  21.676434510017717   0.23435588179219896    0
  21.876788878288128   0.23632353473159726    0
  22.07714324655854    0.23870841992874323    0
  22.27749761482895    0.24060153551297145    0
  22.487392667302714   0.24280271701245126    0
  22.697287719776476   0.24496318729462255    0
  22.907182772250238   0.2470840654516728     0
  23.117077824724003   0.2495990204590403     0
  23.326972877197765   0.25249739421796563    0
  23.54640861387488    0.25481592961333643    0
  23.76720730543819    0.2574976439978609     0
  23.986643042115308   0.2601447714114095     0
  24.20607877879242    0.26274392443465755    0
  24.42687747035573    0.2656909291412452     0
  24.657216846122395   0.2688867991799957     0
  24.886193267002863   0.27163657198809366    0
  25.116532642769524   0.27432129922077714    0
  25.34687201853619    0.27774630166218023    0
  25.5867520785062     0.280613960158315      0
  25.817091454272862   0.2839204383920987     0
  26.056971514242882   0.28744705680873506    0
  26.296851574212894   0.2909093536835848     0
  26.546272318386265   0.2942032632344483     0
  26.786152378356277   0.29791512817352145    0
  27.036936077415838   0.30180934052761327    0
  27.286356821589205   0.3056472583393474     0
  27.535777565762576   0.3094156479662033     0
  27.796101949025488   0.3137130624653838     0
  28.04552269319886    0.31805433522752913    0
  28.30584707646177    0.3221949112112239     0
  28.575712143928037   0.3265010466480555     0
  28.83603652719095    0.3311828302662083     0
  29.10590159465722    0.33601432002252224    0
  29.375766662123485   0.340757071773331      0
  29.645631729589752   0.3454134445344764     0
  29.91549679705602    0.35065437295864943    0
  30.196265503611833   0.3556731136117985     0
  30.47567125528145    0.3609436493738819     0
  30.756439961837263   0.36642733917669085    0
  31.04538639771024    0.37171384546543007    0
  31.32615510426605    0.37763970344688186    0
  31.615101540139023   0.38304478134609826    0
  31.916314569987733   0.3888293499614069     0
  32.205261005860706   0.3949665324778466     0
  32.50511108082323    0.40086002784523306    0
  32.80496115578575    0.4069506535329402     0
  33.10481123074826    0.41323299534387875    0
  33.41556494480032    0.41956496862834797    0
  33.7249557039662     0.42609395877928785    0
  34.035709418018264   0.43248695322437275    0
  34.35464086138749    0.4392419706400752     0
  34.66539457543956    0.44597790469404863    0
  34.98568897369497    0.4524707212600075     0
  35.31552405615374    0.45928808213531663    0
  35.64535913861251    0.46625987900988586    0
  35.96565353686793    0.47295123419473256    0
  36.305029303530056   0.47982333055437426    0
  36.63486438598883    0.4869678229083572     0
  36.97560310753715    0.4938391451188987     0
  37.32451955840262    0.5007432313981403     0
  37.66525827995094    0.5078950745161734     0
  38.014174730816414   0.5145448929103268     0
  38.364454136568085   0.5215765655794586     0
  38.72427422652311    0.5283507436392224     0
  39.07455363227477    0.5351308691634262     0
  39.44527736131935    0.5417632291816297     0
  39.805097451274364   0.5486734501610592     0
  40.17445822543274    0.5553279484381166     0
  40.54381899959112    0.562107899005695      0
  40.92408341283903    0.5686138458622928     0
  41.29480714188361    0.5751328470526107     0
  41.684612239334875   0.5815095419850052     0
  42.064876652582804   0.5879013920921101     0
  42.45468175003408    0.5938096352459978     0
  42.84448684748535    0.60007718556633       0
  43.24383262913997    0.6060979679865605     0
  43.6445413656808     0.6117603697385758     0
  44.053427831538784   0.6172051046296043     0
  44.454136568079605   0.6231141329337955     0
  44.86438598882378    0.6285609429707651     0
  45.2841760937713     0.6335546543818833     0
  45.703966198718824   0.6386754358941363     0
  46.123756303666354   0.6437030049891572     0
  46.55308709281723    0.6485069502236231     0
  46.98378083685431    0.653204148057498      0
  47.41311162600518    0.6578349208565865     0
  47.85334605424561    0.662022677980845      0
  48.30312116668938    0.6662095435639805     0
  48.74335559492981    0.6700400382531181     0
  49.19313070737359    0.6736712811953858     0
  49.65380945890691    0.6770880079142447     0
  50.113125255554046   0.6804604242945672     0
  50.57244105220118    0.6835738788867411     0
  51.04266048793785    0.6864846107269001     0
  51.512879923674525   0.6889539418306941     0
  51.992640043614564   0.6912516578608116     0
  52.47240016355459    0.6935074301198747     0
  52.96306392258416    0.6953903173896606     0
  53.452364726727545   0.6968821714518844     0
  53.94302848575712    0.698329315694456      0
  54.44323292899005    0.699444169318934      0
  54.94207441733679    0.7005560326335514     0
  55.45181954477307    0.7011492388761497     0
  55.9724683112989     0.701237611707697      0
  56.48221343873519    0.7016368278679604     0
  57.01240288946436    0.701426350262756      0
  57.531688701103995   0.701178794910183      0
  58.07141883603653    0.7003444893222985     0
  58.60160828676571    0.6996395013489627     0
  59.15224206078779    0.6983674656125257     0
  59.69197219572032    0.697246168972597      0
  60.25214665394576    0.6955768744326976     0
  60.80141747308165    0.6937338315155227     0
  61.371132615510426   0.6915303143025757     0
  61.93130707373586    0.6893120885674505     0
  62.51192585525419    0.6867489637830038     0
  63.091181681886326   0.6837722521534902     0
  63.671800463404665   0.6809922178229074     0
  64.26059697424016    0.6777092228775625     0
  64.85075643996184    0.6741633193003485     0
  65.45045658988687    0.6707363678294361     0
  66.06106037890146    0.6668073292255116     0
  66.67030121302986    0.6626638773388557     0
  67.29044568624778    0.6583401073551542     0
  67.91059015946573    0.6538008493464728     0
  68.54027531688702    0.6491074258568861     0
  69.1699604743083     0.6443548527308872     0
  69.81054927081914    0.6393016748082028     0
  70.46067875153334    0.6339705912636163     0
  71.11080823224752    0.6285964380681694     0
  71.77047839716506    0.6232367477712559     0
  72.43014856208259    0.6175605107850438     0
  73.0993594112035     0.6117700836356325     0
  73.77947389941394    0.6057240078403971     0
  74.45958838762436    0.599654154592399      0
  75.14924356003817    0.5933526146136666     0
  75.8498023715415     0.5869494588751542     0
  76.54899822815865    0.5804125636334213     0
  77.25909772386535    0.5739129948302678     0
  77.96919721957202    0.5671470631687215     0
  78.68883739948208    0.5604352527187211     0
  79.41938121848167    0.5535172700922874     0
  80.15946572168461    0.5464108180203581     0
  80.89955022488755    0.539310798970216      0
  81.64917541229384    0.5322772565064867     0
  82.39880059970015    0.5251290084666734     0
  83.16887011039935    0.5177418103207686     0
  83.93893962109854    0.5106092691166002     0
  84.70900913179774    0.503370300593475      0
  85.49816001090363    0.49591712290032447    0
  86.28867384489574    0.4885925112627746     0
  87.08872836309119    0.48111853638726937    0
  87.88741992640044    0.4737879371646023     0
  88.70791876788878    0.4663619607639833     0
  89.52841760937713    0.45907209768238233    0
  90.34755349597928    0.45158941950626547    0
  91.18713370587433    0.4443609400911934     0
  92.0280768706556     0.4369318630985558     0
  92.88673844895735    0.42944773447469675    0
  93.7467629821453     0.42209457090652386    0
  94.60678751533324    0.41487509544321666    0
  95.4872563718141     0.4073842207216396     0
  96.36636227340875    0.4001396386001304     0
  97.25637181409296    0.39287913348764086    0
  98.1572849938667     0.3857074960123156     0
  99.06637590295762    0.37853408543716033    0
  99.98637045113807    0.3713506240959126     0
  100.88592067602563   0.3643719368887991     0
  101.88632956249148   0.35706459565610066    0
  102.78587978737905   0.35033993381214246    0
  103.78628867384491   0.3433016203140745     0
  104.68583889873246   0.33662625288369813    0
  105.6862477851983    0.32984424502611415    0
  106.68529371677798   0.3230060853181423     0
  107.58484394166554   0.31668029107610723    0
  108.5852528281314    0.310263113537466      0
  109.58566171459725   0.30387186349055784    0
  110.68556630775522   0.297238408072126      0
  111.68461223933488   0.29108753363324397    0
  112.68502112580073   0.28504231184396933    0
  113.78492571895872   0.2788594301200085     0
  114.78397165053836   0.2730346380416512     0
  115.88387624369633   0.2670777140544867     0
  116.8842851301622    0.2616262732808966     0
  117.98418972332016   0.2558817465700696     0
  119.08409431647813   0.2504112733609455     0
  120.18399890963609   0.2449577381444343     0
  121.28390350279406   0.239768007821715      0
  122.48330380264413   0.23448093267985878    0
  123.5832083958021    0.2295619381265155     0
  124.68311298896006   0.2246495099249082     0
  125.88251328881015   0.2198081318317114     0
  127.0832765435464    0.21505583320667018    0
  128.18318113670438   0.21071407332352204    0
  129.38258143655446   0.20621014056872017    0
  130.58198173640454   0.201865527386178      0
  131.7813820362546    0.19775175418006297    0
  132.98214529099087   0.19355981748372328    0
  134.28104129753305   0.18945340524794538    0
  135.48180455226932   0.18533854559535368    0
  136.7807005588115    0.18109280298000324    0
  137.98146381354778   0.17683534399592699    0
  139.28035982008996   0.17238611574450144    0
  140.58061878151835   0.1678040711234171     0
  141.88087774294672   0.16316504370992393    0
  143.1811367043751    0.15847059924454626    0
  144.48003271091727   0.15372365764140924    0
  145.87978737903774   0.14895826168004705    0
  147.18004634046613   0.14438098457207416    0
  148.57980100858663   0.13979020241495238    0
  149.97955567670712   0.13541845336388517    0
  151.37931034482762   0.13119362589981667    0
  152.77906501294808   0.1271116567878465     0
  154.17881968106857   0.12310380622641942    0
  155.57857434918904   0.11929662900937316    0
  156.97832901730953   0.11562105248635261    0
  158.4789423470083    0.1120022618597131     0
  159.9781927218209    0.10845228394121743    0
  161.3779473899414    0.10509489901672751    0
  162.877197764754     0.1018558790319384     0
  164.37781109445277   0.09867511439262537    0
  165.97792013084367   0.0955548764810072     0
  167.47717050565626   0.09254992757043572    0
  168.97642088046885   0.0896574772952916     0
  170.57652991685976   0.08688182191329366    0
  172.17663895325066   0.0841577571685116     0
  173.77674798964154   0.0814838579454609     0
  175.37549407114625   0.07885936400039738    0
  176.97560310753715   0.076451214152664      0
  178.57571214392806   0.07397422571945286    0
  180.27531688701106   0.07161268702971439    0
  181.97492163009406   0.0692952608179163     0
  183.67452637317703   0.06707516789668103    0
  185.37413111626006   0.06489578486777318    0
  187.07509881422925   0.06280900063384745    0
  188.77470355731225   0.06081323040590014    0
  190.47430830039525   0.05885308175246284    0
  192.27340875017038   0.05689814130563495    0
  194.0738721548317    0.055030593178742274   0
  195.8729726046068    0.0532487977615472     0
  197.6734360092681    0.05149908106367151    0
  199.4725364590432    0.04978129060495835    0
  201.37249557039664   0.04811977699802519    0
  203.17295897505795   0.046561314487270467   0
  205.07155513152514   0.0450086777579492     0
  206.97151424287856   0.043484244838826513   0
  208.871473354232     0.0420354182022784     0
  210.87092817227753   0.04059355404659357    0
  212.7708872836309    0.0392440924981381     0
  214.77034210167645   0.03790095161029785    0
  216.76979691972198   0.03662871936057098    0
  218.77061469265365   0.03537952198009742    0
  220.7700695106992    0.03415318017774876    0
  222.76952432874472   0.032993740623991505   0
  224.86983780836854   0.03184064131141402    0
  226.96878833310618   0.030753127204562723   0
  229.06910181273003   0.029685366279971016   0
  231.16805233746763   0.028680434201012347   0
  233.26836581709145   0.02769342519084794    0
  235.46817500340742   0.02671273925557883    0
  237.6679841897233    0.025792283867512925   0
  239.86779337603926   0.0248470207453133     0
  242.06760256235518   0.024001559404393736   0
  244.26604879378493   0.023130517414384072   0
  246.56671664167916   0.022306335887145808   0
  248.8660215346872    0.02149751047427292    0
  251.16532642769525   0.020703493922605985   0
  253.4659942755895    0.019923777961488906   0
  255.86479487528965   0.01915073974032155    0
  258.1654627231839    0.018437788613055933   0
  260.564263322884     0.01773075028264373    0
  262.9644268774704    0.017074551962917413   0
  265.4640861387488    0.016424067740882977   0
  267.86288673844894   0.015791661437606366   0
  270.36254599972744   0.015201810288909426   0
  272.8622052610059    0.014622765383429031   0
  275.3618645222843    0.014054233298692285   0
  277.9623824451411    0.013491034171647681   0
  280.46204170641954   0.012978583778244165   0
  283.0611966743901    0.012506129428701407   0
  285.761210303939     0.012003028903429596   0
  288.3603652719095    0.01154805002610546    0
  291.0603789014584    0.011097353859238386   0
  293.76039253100726   0.01068898389551525    0
  296.4590432056699    0.010254367446446937   0
  299.15905683521873   0.00986097522465656    0
  301.9585661714597    0.009504614894513121   0
  304.7580755077007    0.009121989521552562   0
  307.5575848439417    0.008778843965281257   0
  310.4579528417609    0.008439145660715236   0
  313.2574621780019    0.008108346228029282   0
  316.156467220935     0.007780957510598343   0
  319.1563309254464    0.0074884934852270536  0
  322.0566989232656    0.007203700283208732   0
  325.0551996728908    0.006921901271735439   0
  328.05506337740223   0.0066452260919663934  0
  331.05492708191355   0.006403770831160372   0
  334.15428649311707   0.006134890483766127   0
  337.25364590432054   0.005900603399559124   0
  340.35300531552406   0.005670582945958439   0
  343.55322338830587   0.005443115876851424   0
  346.65258279950933   0.0052502134493101595  0
  349.85280087229114   0.00503068715206805    0
  353.15251465176505   0.004842100699277652   0
  356.45086547635276   0.004657023246115599   0
  359.65108354913457   0.004476561000226101   0
  363.0502930353005    0.004296925171818708   0
  366.3500068147744    0.004121741401322558   0
  369.7492163009404    0.00397566773316374    0
  373.24928444868476   0.0038044278080320896  0
  376.64849393485076   0.003663893570407661   0
  380.1485620825951    0.0035249377928396803  0
  383.6472672754532    0.003388529159997647   0
  387.24683112988964   0.00325373867304967    0
  390.74689927763393   0.003122225744761173   0
  394.44595883876246   0.0029915376773583845  0
  398.04552269319885   0.0028639939923996126  0
  401.7445822543274    0.0027629495538596233  0
  405.4450047703421    0.002663739915915583   0
  409.24356003816274   0.0025412738608667305  0
  412.94398255417747   0.0024458523023295218  0
  416.84339648357644   0.0023510028642425625  0
  420.64331470628326   0.0022584454687991752  0
  424.5427286356822    0.0021670375079696417  0
  428.4421425650811    0.0020772932848446223  0
  432.44105220117217   0.002011834908688656   0
  436.4399618372632    0.0019246632921464002  0
  440.53973013493254   0.0018613531011068753  0
  444.5400027259098    0.0017771179570194107  0
  448.6384080686929    0.0017163041930387192  0
  452.83767207305436   0.0016341396822156663  0
  457.03829903230206   0.001575360380376661   0
  461.2375630366635    0.0015176560717875193  0
  465.53632274771707   0.0014606808833712902  0
  469.8364454136568    0.0014047442097535913  0
  474.1352051247104    0.0013498259120550812  0
  478.5348234973423    0.0012956214977985086  0
  483.03393757666623   0.0012421487956974597  0
  487.4335559492981    0.0011899057342925935  0
  491.93267002862206   0.0011383671719782371  0
  496.53264276952433   0.0011076814786097006  0
  500.689644649111     0.0010735795           0
  505.2585996430496    0.0010322449           0
  509.9999789533944    9.9229977E-4           0
  514.6551724137931    9.5421407E-4           0
  519.4827375740841    9.1700489E-4           0
  524.2241168844289    8.8204553E-4           0
  529.13792051118      8.4790658E-4           0
  533.9655382879849    8.1501011E-4           0
  538.9655277646822    7.8338407E-4           0
  543.9655172413793    7.5324268E-4           0
  548.9655067180765    7.241115E-4            0
  554.0517346612339    6.9630329E-4           0
  559.1379099878772    6.6944479E-4           0
  564.3103237809806    6.438524E-4            0
  569.5689760405443    6.1864895E-4           0
  574.8275756835938    5.9519337E-4           0
  580.1724137931035    5.7209556E-4           0
  585.5172519026132    5.5025864E-4           0
  590.948275862069     5.291685E-4            0
  596.3792998215248    5.0888686E-4           0
  601.8965622474408    4.8930571E-4           0
  607.5000105233029    4.7043074E-4           0
  613.103458799165     4.5231356E-4           0
  618.793092924973     4.3486556E-4           0
  624.4827796672953    4.181328E-4            0
  630.2585996430496    4.0204933E-4           0
  636.1207107017781    3.865961E-4            0
  641.9827691439925    3.717359E-4            0
  647.9310134361531    3.5744299E-4           0
  653.9654961947738    3.4374467E-4           0
  659.9999789533945    3.3056982E-4           0
  666.1207001784753    3.1788504E-4           0
  672.2413687870421    3.0569925E-4           0
  678.4482758620691    2.9398316E-4           0
  684.7413687870421    2.8270378E-4           0
  691.1207001784753    2.7184837E-4           0
  697.4999789533945    2.6140713E-4           0
  703.9654961947738    2.513729E-4            0
  710.4310134361531    2.4173226E-4           0
  717.0689549939386    2.3245327E-4           0
  723.7068965517242    2.23518E-4             0
  730.3448381095097    2.1495037E-4           0
  737.1551513671875    2.0669207E-4           0
  743.9655172413794    1.9875306E-4           0
  750.8620689655173    1.9113609E-4           0
  757.7586206896552    1.8382213E-4           0
  764.8275967301994    1.7676443E-4           0
  771.8965727707435    1.6996586E-4           0
  778.9654961947738    1.634818E-4            0
  786.2068965517242    1.5717709E-4           0
  793.4482969086746    1.5117571E-4           0
  800.8620689655173    1.4537614E-4           0
  808.2758410223599    1.3980758E-4           0
  815.6896656957166    1.3446252E-4           0
  823.2758620689656    1.2930841E-4           0
  830.8620584422144    1.2436847E-4           0
  838.5344932819236    1.1962484E-4           0
  846.2931139715787    1.1504492E-4           0
  854.13792051118      1.106541E-4            0
  862.0689655172414    1.0644739E-4           0
  869.8275862068966    1.0242437E-4           0
  878.4482758620691    9.8463843E-5           0
  886.2068965517242    9.4781587E-5           0
  894.8275862068966    9.1134614E-5           0
  902.5862068965517    8.7747647E-5           0
  911.2068965517242    8.4397193E-5           0
  919.8275862068966    8.1190453E-5           0
  927.5862068965517    7.8193469E-5           0
  936.2068965517242    7.523347E-5            0
  944.8275862068966    7.2406253E-5           0
  954.3103448275863    6.9647683E-5           0
  962.9310344827587    6.7053439E-5           0
  971.551724137931     6.4556275E-5           0
  981.0344827586208    6.210241E-5            0
  989.6551724137931    5.9819867E-5           0
  999.1379310344828    5.7579527E-5           0
  1007.7586206896552   5.5475601E-5           0
  1017.2413793103449   5.3413618E-5           0
  1026.7241379310346   5.1438507E-5           0
  1036.2068965517242   4.9523934E-5           0
  1045.689655172414    4.7715245E-5           0
  1056.0344827586207   4.5927195E-5           0
  1065.5172413793105   4.425443E-5            0
  1075.0               4.2657317E-5           0
  1085.344827586207    4.1080873E-5           0
  1095.689655172414    3.9579452E-5           0
  1105.1724137931035   3.8178662E-5           0
  1115.5172413793105   3.6797951E-5           0
  1125.8620689655172   3.5465058E-5           0
  1136.2068965517242   3.4200075E-5           0
  1146.5517241379312   3.2979523E-5           0
  1157.7586206896553   3.1780904E-5           0
  1168.103448275862    3.0667954E-5           0
  1179.3103448275863   2.957625E-5            0
  1189.6551724137933   2.8545109E-5           0
  1200.8620689655174   2.7534473E-5           0
  1212.0689655172414   2.6583435E-5           0
  1223.2758620689656   2.5649775E-5           0
  1234.4827586206898   2.4773637E-5           0
  1245.689655172414    2.3913224E-5           0
  1257.7586206896553   2.3093525E-5           0
  1268.9655172413793   2.2312739E-5           0
  1281.0344827586207   2.155218E-5            0
  1293.103448275862    2.0823086E-5           0
  1305.1724137931035   2.0124966E-5           0
  1317.2413793103449   1.9454366E-5           0
  1329.3103448275863   1.8813116E-5           0
  1341.3793103448277   1.8196242E-5           0
  1353.448275862069    1.7605071E-5           0
  1366.3793103448277   1.7029767E-5           0
  1379.3103448275863   1.6477873E-5           0
  1391.3793103448277   1.5957026E-5           0
  1404.3103448275863   1.5449636E-5           0
  1417.2413793103449   1.4962005E-5           0
  1431.0344827586207   1.4488142E-5           0
  1443.9655172413793   1.4040511E-5           0
  1456.8965517241381   1.3611076E-5           0
  1470.689655172414    1.3193077E-5           0
  1484.4827586206898   1.2791196E-5           0
  1498.2758620689656   1.2406645E-5           0
  1512.0689655172414   1.2038949E-5           0
  1525.8620689655174   1.1684463E-5           0
  1539.6551724137933   1.1345929E-5           0
  1554.3103448275863   1.1015106E-5           0
  1568.9655172413795   1.0698362E-5           0
  1583.6206896551726   1.0395274E-5           0
  1598.2758620689656   1.0103976E-5           0
  1612.9310344827588   9.8241166E-6           0
  1627.5862068965519   9.5569125E-6           0
  1642.2413793103449   9.2990024E-6           0
  1657.7586206896553   9.0496606E-6           0
  1673.2758620689656   8.8094103E-6           0
  1688.793103448276    8.5794429E-6           0
  1704.3103448275863   8.3580197E-6           0
  1719.8275862068967   8.1463254E-6           0
  1736.2068965517242   7.9399475E-6           0
  1751.7241379310346   7.7443186E-6           0
  1768.103448275862    7.555161E-6            0
  1784.4827586206898   7.3722722E-6           0
  1800.8620689655174   7.1981837E-6           0
  1818.103448275862    7.0277502E-6           0
  1834.4827586206898   6.8666405E-6           0
  1851.7241379310346   6.7103754E-6           0
  1868.9655172413795   6.5596352E-6           0
  1886.2068965517242   6.4155847E-6           0
  1903.448275862069    6.2767122E-6           0
  1920.689655172414    6.1441711E-6           0
  1938.793103448276    6.0149095E-6           0
  1956.8965517241381   5.8905603E-6           0
  1975.0000000000002   5.7709897E-6           0
  1993.1034482758623   5.6560429E-6           0
  2011.2068965517242   5.5468044E-6           0
  2030.1724137931035   5.4394293E-6           0
  2049.137931034483    5.336448E-6            0
  2068.1034482758623   5.2376925E-6           0
  2087.0689655172414   5.1430951E-6           0
  2106.034482758621    5.0525207E-6           0
  2125.862068965517    4.9636406E-6           0
  2145.689655172414    4.8786769E-6           0
  2165.5172413793107   4.7963988E-6           0
  2185.344827586207    4.717847E-6            0
  2206.034482758621    4.6420035E-6           0
  2225.862068965517    4.5695266E-6           0
  2246.551724137931    4.4985711E-6           0
  2267.241379310345    4.4310618E-6           0
  2288.793103448276    4.3650555E-6           0
  2309.4827586206898   4.3020719E-6           0
  2331.034482758621    4.2405063E-6           0
  2352.586206896552    4.1821405E-6           0
  2374.137931034483    4.1258627E-6           0
  2396.551724137931    4.0709437E-6           0
  2418.1034482758623   4.0186588E-6           0
  2440.5172413793107   3.9676719E-6           0
  2463.793103448276    3.9180171E-6           0
  2486.206896551724    3.8708156E-6           0
  2509.4827586206898   3.8248645E-6           0
  2532.7586206896553   3.7806998E-6           0
  2556.034482758621    3.7380071E-6           0
  2579.3103448275865   3.6969914E-6           0
  2603.4482758620693   3.6568701E-6           0
  2627.586206896552    3.6183194E-6           0
  2651.724137931035    3.5811671E-6           0
  2676.724137931035    3.5448726E-6           0
  2700.862068965517    3.5103783E-6           0
  2725.862068965517    3.4766882E-6           0
  2751.724137931035    3.4438192E-6           0
  2776.724137931035    3.4125285E-6           0
  2802.586206896552    3.3819305E-6           0
  2828.4482758620693   3.3524707E-6           0
  2854.3103448275865   3.3240323E-6           0
  2881.034482758621    3.296338E-6            0
  2907.7586206896553   3.2695461E-6           0
  2934.4827586206898   3.2436319E-6           0
  2962.0689655172414   3.2184277E-6           0
  2988.7931034482763   3.1942886E-6           0
  3016.379310344828    3.170745E-6            0
  3044.8275862068967   3.147721E-6            0
  3073.2758620689656   3.125412E-6            0
  3100.8620689655177   3.1042218E-6           0
  3130.1724137931037   3.0831716E-6           0
  3158.6206896551726   3.0630439E-6           0
  3187.931034482759    3.0433854E-6           0
  3218.1034482758623   3.0241187E-6           0
  3247.4137931034484   3.0057148E-6           0
  3277.586206896552    2.9876815E-6           0
  3307.7586206896553   2.9701684E-6           0
  3338.7931034482763   2.9530913E-6           0
  3368.9655172413795   2.9367271E-6           0
  3400.8620689655177   2.9204261E-6           0
  3431.896551724138    2.9048843E-6           0
  3463.7931034482763   2.8896044E-6           0
  3495.689655172414    2.8747827E-6           0
  3528.4482758620693   2.860218E-6            0
  3560.344827586207    2.8462806E-6           0
  3593.9655172413795   2.8324039E-6           0
  3626.724137931035    2.8191302E-6           0
  3660.344827586207    2.806026E-6            0
  3693.9655172413795   2.7933933E-6           0
  3728.4482758620693   2.780858E-6            0
  3762.931034482759    2.7687801E-6           0
  3798.2758620689656   2.7567976E-6           0
  3832.7586206896553   2.7453494E-6           0
  3868.1034482758623   2.7340481E-6           0
  3904.3103448275865   2.72296E-6             0
  3940.5172413793107   2.7121051E-6           0
  3976.724137931035    2.7016011E-6           0
  4013.7931034482763   2.6912356E-6           0
  4050.8620689655177   2.6811482E-6           0
  4087.931034482759    2.671273E-6            0
  4125.862068965517    2.6615881E-6           0
  4164.6551724137935   2.6519758E-6           0
  4202.586206896552    2.642754E-6            0
  4241.379310344828    2.6335968E-6           0
  4281.034482758621    2.6246223E-6           0
  4320.689655172414    2.6157794E-6           0
  4360.344827586207    2.6072334E-6           0
  4400.862068965517    2.5987485E-6           0
  4441.379310344828    2.5904419E-6           0
  4482.758620689656    2.5822482E-6           0
  4524.137931034483    2.574227E-6            0
  4566.379310344828    2.5662634E-6           0
  4608.620689655173    2.5585188E-6           0
  4650.862068965517    2.5509364E-6           0
  4693.9655172413795   2.5434071E-6           0
  4737.068965517242    2.5360333E-6           0
  4781.034482758621    2.5287632E-6           0
  4825.862068965517    2.5215431E-6           0
  4869.827586206897    2.5145229E-6           0
  4915.517241379311    2.5075025E-6           0
  4960.344827586207    2.5007236E-6           0
  5006.896551724139    2.4938968E-6           0
  5052.586206896552    2.487256E-6            0
  5100.0               2.4806153E-6           0
  5146.551724137931    2.4742032E-6           0
  5194.827586206897    2.4676976E-6           0
  5242.241379310345    2.4614138E-6           0
  5291.379310344828    2.4550867E-6           0
  5339.6551724137935   2.4489737E-6           0
  5389.6551724137935   2.4428262E-6           0
  5439.6551724137935   2.4367733E-6           0
  5489.6551724137935   2.4308297E-6           0
  5540.517241379311    2.4249185E-6           0
  5591.379310344828    2.4191141E-6           0
  5643.103448275862    2.4133309E-6           0
  5695.689655172414    2.4075748E-6           0
  5748.275862068966    2.401922E-6            0
  5801.724137931035    2.3962867E-6           0
  5855.172413793104    2.3907523E-6           0
  5909.48275862069     2.3852389E-6           0
  5963.793103448276    2.3798153E-6           0
  6018.9655172413795   2.3744122E-6           0
  6075.0               2.3690262E-6           0
  6131.034482758621    2.3637274E-6           0
  6187.931034482759    2.358449E-6            0
  6244.827586206897    2.3532517E-6           0
  6302.5862068965525   2.3480704E-6           0
  6361.206896551725    2.3429019E-6           0
  6419.827586206897    2.337816E-6            0
  6479.310344827587    2.3327461E-6           0
  6539.6551724137935   2.3276894E-6           0
  6600.000000000001    2.3227093E-6           0
  6661.206896551725    2.3177417E-6           0
  6722.413793103448    2.3128487E-6           0
  6784.48275862069     2.3079645E-6           0
  6847.413793103448    2.3030967E-6           0
  6911.206896551725    2.298239E-6            0
  6975.000000000001    2.2934532E-6           0
  7039.6551724137935   2.2886773E-6           0
  7104.310344827587    2.2839684E-6           0
  7170.689655172414    2.2792161E-6           0
  7237.068965517242    2.2745271E-6           0
  7303.44827586207     2.269907E-6            0
  7371.551724137931    2.265242E-6            0
  7439.6551724137935   2.2606389E-6           0
  7508.620689655173    2.2560496E-6           0
  7577.5862068965525   2.2515204E-6           0
  7648.2758620689665   2.2469501E-6           0
  7718.9655172413795   2.2424397E-6           0
  7789.6551724137935   2.2379907E-6           0
  7862.068965517242    2.2334965E-6           0
  7934.48275862069     2.2290635E-6           0
  8008.620689655173    2.2245904E-6           0
  8082.758620689656    2.2201754E-6           0
  8156.896551724139    2.2158203E-6           0
  8232.758620689656    2.2114237E-6           0
  8308.620689655172    2.2070868E-6           0
  8385.344827586208    2.2027562E-6           0
  8462.931034482759    2.1984384E-6           0
  8541.379310344828    2.1941281E-6           0
  8620.689655172415    2.189831E-6            0
  8620.775525323277    2.1898265E-6           0
  9482.758620689656    2.1463982E-6           0
  10344.827586206897   2.1080405E-6           0
  11206.89655172414    2.0736835E-6           0
  12068.96551724138    2.0425744E-6           0
  12931.034482758621   2.0141617E-6           0
  13793.103448275862   1.9880275E-6           0
  14655.172413793105   1.9638461E-6           0
  15517.241379310346   1.9413576E-6           0
  16379.310344827587   1.9203517E-6           0
  17241.37931034483    1.9006549E-6           0
  18103.44827586207    1.8821224E-6           0
  18965.51724137931    1.8646323E-6           0
  19827.586206896554   1.8480806E-6           0
  20689.655172413793   1.8323779E-6           0
  21551.724137931036   1.8174472E-6           0
  22413.79310344828    1.8032208E-6           0
  23275.862068965518   1.7896399E-6           0
  24137.93103448276    1.7766524E-6           0
  25000.0              1.7642121E-6           0
  25862.068965517243   1.752278E-6            0
  26724.137931034486   1.7408136E-6           0
  27586.206896551725   1.7297859E-6           0
  28448.275862068967   1.7191651E-6           0
  29310.34482758621    1.7089246E-6           0
  30172.41379310345    1.69904E-6             0
  31034.482758620692   1.6894892E-6           0
  31896.551724137935   1.6802519E-6           0
  32758.620689655174   1.6713102E-6           0
  33620.68965517241    1.6626466E-6           0
  34482.75862068966    1.6542462E-6           0
  35344.8275862069     1.6460941E-6           0
  36206.89655172414    1.6381776E-6           0
  37068.965517241384   1.6304841E-6           0
  37931.03448275862    1.6230027E-6           0
  38793.10344827586    1.6157227E-6           0
  39655.17241379311    1.6086344E-6           0
  40517.24137931035    1.6017289E-6           0
  41379.31034482759    1.5949975E-6           0
  42241.37931034483    1.5884323E-6           0
  43103.44827586207    1.5820263E-6           0
  43965.51724137931    1.5757721E-6           0
  44827.58620689656    1.5696635E-6           0
  45689.6551724138     1.5636943E-6           0
  46551.724137931036   1.5578588E-6           0
  47413.79310344828    1.5521515E-6           0
  48275.86206896552    1.5465676E-6           0
  49137.93103448276    1.5411021E-6           0
  50000.0              1.5357504E-6           0
  50862.06896551725    1.5305084E-6           0
  51724.137931034486   1.525372E-6            0
  52586.206896551725   1.5203372E-6           0
  53448.27586206897    1.5154006E-6           0
  54310.34482758621    1.5105587E-6           0
  55172.41379310345    1.5058081E-6           0
  56034.482758620696   1.5011459E-6           0
  56896.551724137935   1.4965688E-6           0
  57758.620689655174   1.4920744E-6           0
  58620.68965517242    1.4876597E-6           0
  59482.75862068966    1.4833222E-6           0
  60344.8275862069     1.4790595E-6           0
  61206.896551724145   1.4748693E-6           0
  62068.965517241384   1.4707493E-6           0
  62931.03448275862    1.4666975E-6           0
  63793.10344827587    1.4627117E-6           0
  64655.17241379311    1.45879E-6             0
  65517.24137931035    1.4549306E-6           0
  66379.3103448276     1.4511317E-6           0
  67241.37931034483    1.4473915E-6           0
  68103.44827586207    1.4437084E-6           0
  68965.51724137932    1.4400808E-6           0
  69827.58620689655    1.4365074E-6           0
  70689.6551724138     1.4329864E-6           0
  71551.72413793104    1.4295165E-6           0
  72413.79310344828    1.4260966E-6           0
  73275.86206896552    1.422725E-6            0
  74137.93103448277    1.4194009E-6           0
  75000.0              1.4161227E-6           0
  75862.06896551725    1.4128894E-6           0
  76724.1379310345     1.4096999E-6           0
  77586.20689655172    1.4065532E-6           0
  78448.27586206897    1.4034481E-6           0
  79310.34482758622    1.4003838E-6           0
  80172.41379310345    1.3973591E-6           0
  81034.4827586207     1.3943733E-6           0
  81896.55172413794    1.3914252E-6           0
  82758.62068965517    1.3885142E-6           0
  83620.68965517242    1.3856394E-6           0
  84482.75862068967    1.3827999E-6           0
  85344.8275862069     1.379995E-6            0
  86206.89655172414    1.3772239E-6           0
  87068.96551724139    1.3744859E-6           0
  87931.03448275862    1.3717801E-6           0
  88793.10344827587    1.369106E-6            0
  89655.17241379312    1.3664629E-6           0
  90517.24137931035    1.3638501E-6           0
  91379.3103448276     1.3612671E-6           0
  92241.37931034484    1.3587131E-6           0
  93103.44827586207    1.3561875E-6           0
  93965.51724137932    1.3536899E-6           0
  94827.58620689657    1.3512196E-6           0
  95689.6551724138     1.3487762E-6           0
  96551.72413793104    1.346359E-6            0
  97413.79310344828    1.3439675E-6           0
  98275.86206896552    1.3416014E-6           0
  99137.93103448277    1.3392599E-6           0
  100000.0             1.3369429E-6           0
  100862.06896551725   1.3346497E-6           0
  101724.1379310345    1.3323798E-6           0
  102586.20689655172   1.3301329E-6           0
  103448.27586206897   1.3279086E-6           0
  104310.34482758622   1.3257064E-6           0
  105172.41379310345   1.3235259E-6           0
  106034.4827586207    1.3213669E-6           0
  106896.55172413794   1.3192286E-6           0
  107758.62068965517   1.3171111E-6           0
  108620.68965517242   1.3150138E-6           0
  109482.75862068967   1.3129363E-6           0
  110344.8275862069    1.3108784E-6           0
  111206.89655172414   1.3088397E-6           0
  112068.96551724139   1.3068198E-6           0
  112931.03448275862   1.3048186E-6           0
  113793.10344827587   1.3028355E-6           0
  114655.17241379312   1.3008705E-6           0
  115517.24137931035   1.298923E-6            0
  116379.3103448276    1.296993E-6            0
  117241.37931034484   1.29508E-6             0
  118103.44827586207   1.2931839E-6           0
  118965.51724137932   1.2913042E-6           0
  119827.58620689657   1.2894408E-6           0
  120689.6551724138    1.2875934E-6           0
  121551.72413793104   1.2857619E-6           0
  122413.79310344829   1.2839458E-6           0
  123275.86206896552   1.2821451E-6           0
  124137.93103448277   1.2803593E-6           0
  125000.00000000001   1.2785884E-6           0
  125862.06896551725   1.2768321E-6           0
  126724.1379310345    1.2750901E-6           0
  127586.20689655174   1.2733624E-6           0
  128448.27586206897   1.2716486E-6           0
  129310.34482758622   1.2699485E-6           0
  130172.41379310346   1.2682619E-6           0
  131034.4827586207    1.2665888E-6           0
  131896.55172413794   1.2649287E-6           0
  132758.6206896552    1.2632817E-6           0
  133620.68965517243   1.2616474E-6           0
  134482.75862068965   1.2600258E-6           0
  135344.8275862069    1.2584165E-6           0
  136206.89655172414   1.2568196E-6           0
  137068.9655172414    1.2552347E-6           0
  137931.03448275864   1.2536617E-6           0
  138793.10344827588   1.2521005E-6           0
  139655.1724137931    1.2505508E-6           0
  140517.24137931035   1.2490126E-6           0
  141379.3103448276    1.2474857E-6           0
  142241.37931034484   1.2459699E-6           0
  143103.4482758621    1.2444651E-6           0
  143965.51724137933   1.2429712E-6           0
  144827.58620689655   1.2414879E-6           0
  145689.6551724138    1.2400151E-6           0
  146551.72413793104   1.2385529E-6           0
  147413.7931034483    1.2371009E-6           0
  148275.86206896554   1.235659E-6            0
  149137.93103448278   1.2342272E-6           0
  150000.0             1.2328053E-6           0
  150862.06896551725   1.2313932E-6           0
  151724.1379310345    1.2299907E-6           0
  152586.20689655174   1.2285976E-6           0
  153448.275862069     1.2272141E-6           0
  154310.34482758623   1.2258398E-6           0
  155172.41379310345   1.2244748E-6           0
  156034.4827586207    1.2231188E-6           0
  156896.55172413794   1.2217717E-6           0
  157758.6206896552    1.2204335E-6           0
  158620.68965517243   1.219104E-6            0
  159482.75862068965   1.2177832E-6           0
  160344.8275862069    1.2164709E-6           0
  161206.89655172414   1.2151671E-6           0
  162068.9655172414    1.2138716E-6           0
  162931.03448275864   1.2125843E-6           0
  163793.10344827588   1.2113053E-6           0
  164655.1724137931    1.2100342E-6           0
  165517.24137931035   1.2087711E-6           0
  166379.3103448276    1.207516E-6            0
  167241.37931034484   1.2062685E-6           0
  168103.4482758621    1.2050287E-6           0
  168965.51724137933   1.2037965E-6           0
  169827.58620689655   1.2025719E-6           0
  170689.6551724138    1.2013548E-6           0
  171551.72413793104   1.2001449E-6           0
  172413.7931034483    1.1989424E-6           0
  173275.86206896554   1.197747E-6            0
  174137.93103448278   1.1965589E-6           0
  175000.0             1.1953776E-6           0
  175862.06896551725   1.1942033E-6           0
  176724.1379310345    1.1930361E-6           0
  177586.20689655174   1.1918754E-6           0
  178448.275862069     1.1907217E-6           0
  179310.34482758623   1.1895745E-6           0
  180172.41379310345   1.188434E-6            0
  181034.4827586207    1.1872999E-6           0
  181896.55172413794   1.1861724E-6           0
  182758.6206896552    1.1850512E-6           0
  183620.68965517243   1.1839364E-6           0
  184482.75862068968   1.1828279E-6           0
  185344.8275862069    1.1817256E-6           0
  186206.89655172414   1.1806293E-6           0
  187068.9655172414    1.1795392E-6           0
  187931.03448275864   1.178455E-6            0
  188793.10344827588   1.1773769E-6           0
  189655.17241379313   1.1763045E-6           0
  190517.24137931035   1.1752381E-6           0
  191379.3103448276    1.1741774E-6           0
  192241.37931034484   1.1731224E-6           0
  193103.4482758621    1.1720731E-6           0
  193965.51724137933   1.1710295E-6           0
  194827.58620689655   1.1699913E-6           0
  195689.6551724138    1.1689586E-6           0
  196551.72413793104   1.1679315E-6           0
  197413.7931034483    1.1669096E-6           0
  198275.86206896554   1.1658931E-6           0
  199137.93103448278   1.164882E-6            0
  200000.0             1.1638761E-6           0
  200862.06896551725   1.1628753E-6           0
  201724.1379310345    1.1618797E-6           0
  202586.20689655174   1.1608892E-6           0
  203448.275862069     1.1599037E-6           0
  204310.34482758623   1.1589232E-6           0
  205172.41379310345   1.1579476E-6           0
  206034.4827586207    1.156977E-6            0
  206896.55172413794   1.1560112E-6           0
  207758.6206896552    1.1550503E-6           0
  208620.68965517243   1.1540941E-6           0
  209482.75862068968   1.1531427E-6           0
  210344.8275862069    1.1521959E-6           0
  211206.89655172414   1.1512539E-6           0
  212068.9655172414    1.1503163E-6           0
  212931.03448275864   1.1493834E-6           0
  213793.10344827588   1.148455E-6            0
  214655.17241379313   1.1475311E-6           0
  215517.24137931035   1.1466116E-6           0
  216379.3103448276    1.1456964E-6           0
  217241.37931034484   1.1447857E-6           0
  218103.4482758621    1.1438794E-6           0
  218965.51724137933   1.1429772E-6           0
  219827.58620689658   1.1420793E-6           0
  220689.6551724138    1.1411857E-6           0
  221551.72413793104   1.1402962E-6           0
  222413.7931034483    1.1394109E-6           0
  223275.86206896554   1.1385297E-6           0
  224137.93103448278   1.1376526E-6           0
  225000.00000000003   1.1367795E-6           0
  225862.06896551725   1.1359104E-6           0
  226724.1379310345    1.1350452E-6           0
  227586.20689655174   1.1341841E-6           0
  228448.275862069     1.1333268E-6           0
  229310.34482758623   1.1324733E-6           0
  230172.41379310348   1.1316237E-6           0
  231034.4827586207    1.130778E-6            0
  231896.55172413794   1.129936E-6            0
  232758.6206896552    1.1290978E-6           0
  233620.68965517243   1.1282632E-6           0
  234482.75862068968   1.1274325E-6           0
  235344.8275862069    1.1266052E-6           0
  236206.89655172414   1.1257818E-6           0
  237068.9655172414    1.1249618E-6           0
  237931.03448275864   1.1241455E-6           0
  238793.10344827588   1.1233326E-6           0
  239655.17241379313   1.1225233E-6           0
  240517.24137931035   1.1217175E-6           0
  241379.3103448276    1.1209151E-6           0
  242241.37931034484   1.1201161E-6           0
  243103.4482758621    1.1193206E-6           0
  243965.51724137933   1.1185285E-6           0
  244827.58620689658   1.1177396E-6           0
  245689.6551724138    1.1169541E-6           0
  246551.72413793104   1.116172E-6            0
  247413.7931034483    1.115393E-6            0
  248275.86206896554   1.1146174E-6           0
  249137.93103448278   1.113845E-6            0
  250000.00000000003   1.1130757E-6           0
  250862.06896551725   1.1123097E-6           0
  251724.1379310345    1.1115468E-6           0
  252586.20689655174   1.110787E-6            0
  253448.275862069     1.1100304E-6           0
  254310.34482758623   1.1092767E-6           0
  255172.41379310348   1.1085262E-6           0
  256034.4827586207    1.1077787E-6           0
  256896.55172413794   1.1070343E-6           0
  257758.6206896552    1.1062928E-6           0
  258620.68965517243   1.1055542E-6           0
  259482.75862068968   1.1048187E-6           0
  260344.82758620693   1.104086E-6            0
  261206.89655172414   1.1033563E-6           0
  262068.9655172414    1.1026295E-6           0
  262931.03448275867   1.1019055E-6           0
  263793.1034482759    1.1011844E-6           0
  264655.1724137931    1.100466E-6            0
  265517.2413793104    1.0997505E-6           0
  266379.3103448276    1.0990378E-6           0
  267241.37931034487   1.0983278E-6           0
  268103.4482758621    1.0976205E-6           0
  268965.5172413793    1.096916E-6            0
  269827.5862068966    1.0962142E-6           0
  270689.6551724138    1.0955151E-6           0
  271551.7241379311    1.0948187E-6           0
  272413.7931034483    1.0941248E-6           0
  273275.8620689655    1.0934337E-6           0
  274137.9310344828    1.0927451E-6           0
  275000.0             1.0920592E-6           0
  275862.0689655173    1.0913758E-6           0
  276724.1379310345    1.0906949E-6           0
  277586.20689655177   1.0900167E-6           0
  278448.275862069     1.0893409E-6           0
  279310.3448275862    1.0886676E-6           0
  280172.4137931035    1.0879968E-6           0
  281034.4827586207    1.0873285E-6           0
  281896.551724138     1.0866627E-6           0
  282758.6206896552    1.0859993E-6           0
  283620.6896551724    1.0853383E-6           0
  284482.7586206897    1.0846797E-6           0
  285344.8275862069    1.0840235E-6           0
  286206.8965517242    1.0833697E-6           0
  287068.9655172414    1.0827183E-6           0
  287931.03448275867   1.0820692E-6           0
  288793.1034482759    1.0814224E-6           0
  289655.1724137931    1.0807779E-6           0
  290517.2413793104    1.0801358E-6           0
  291379.3103448276    1.0794958E-6           0
  292241.37931034487   1.0788582E-6           0
  293103.4482758621    1.0782228E-6           0
  293965.5172413793    1.0775897E-6           0
  294827.5862068966    1.0769588E-6           0
  295689.6551724138    1.0763301E-6           0
  296551.7241379311    1.0757036E-6           0
  297413.7931034483    1.0750793E-6           0
  298275.86206896557   1.0744572E-6           0
  299137.9310344828    1.0738371E-6           0
  300000.0             1.0732193E-6           0
  300862.0689655173    1.0726035E-6           0
  301724.1379310345    1.0719899E-6           0
  302586.20689655177   1.0713784E-6           0
  303448.275862069     1.070769E-6            0
  304310.3448275862    1.0701616E-6           0
  305172.4137931035    1.0695563E-6           0
  306034.4827586207    1.0689531E-6           0
  306896.551724138     1.0683519E-6           0
  307758.6206896552    1.0677527E-6           0
  308620.68965517246   1.0671555E-6           0
  309482.7586206897    1.0665603E-6           0
  310344.8275862069    1.0659671E-6           0
  311206.8965517242    1.0653759E-6           0
  312068.9655172414    1.0647866E-6           0
  312931.03448275867   1.0641993E-6           0
  313793.1034482759    1.063614E-6            0
  314655.1724137931    1.0630305E-6           0
  315517.2413793104    1.062449E-6            0
  316379.3103448276    1.0618694E-6           0
  317241.37931034487   1.0612916E-6           0
  318103.4482758621    1.0607158E-6           0
  318965.5172413793    1.0601418E-6           0
  319827.5862068966    1.0595697E-6           0
  320689.6551724138    1.0589994E-6           0
  321551.7241379311    1.058431E-6            0
  322413.7931034483    1.0578644E-6           0
  323275.86206896557   1.0572996E-6           0
  324137.9310344828    1.0567366E-6           0
  325000.0             1.0561754E-6           0
  325862.0689655173    1.0556159E-6           0
  326724.1379310345    1.0550583E-6           0
  327586.20689655177   1.0545024E-6           0
  328448.275862069     1.0539483E-6           0
  329310.3448275862    1.0533959E-6           0
  330172.4137931035    1.0528453E-6           0
  331034.4827586207    1.0522964E-6           0
  331896.551724138     1.0517491E-6           0
  332758.6206896552    1.0512036E-6           0
  333620.68965517246   1.0506598E-6           0
  334482.7586206897    1.0501176E-6           0
  335344.8275862069    1.0495772E-6           0
  336206.8965517242    1.0490384E-6           0
  337068.9655172414    1.0485013E-6           0
  337931.03448275867   1.0479657E-6           0
  338793.1034482759    1.0474319E-6           0
  339655.1724137931    1.0468997E-6           0
  340517.2413793104    1.0463691E-6           0
  341379.3103448276    1.0458401E-6           0
  342241.37931034487   1.0453126E-6           0
  343103.4482758621    1.0447868E-6           0
  343965.51724137936   1.0442626E-6           0
  344827.5862068966    1.04374E-6             0
  345689.6551724138    1.0432189E-6           0
  346551.7241379311    1.0426994E-6           0
  347413.7931034483    1.0421814E-6           0
  348275.86206896557   1.0416649E-6           0
  349137.9310344828    1.04115E-6             0
  350000.0             1.0406366E-6           0
  350862.0689655173    1.0401248E-6           0
  351724.1379310345    1.0396144E-6           0
  352586.20689655177   1.0391055E-6           0
  353448.275862069     1.0385981E-6           0
  354310.3448275862    1.0380922E-6           0
  355172.4137931035    1.0375878E-6           0
  356034.4827586207    1.0370849E-6           0
  356896.551724138     1.0365834E-6           0
  357758.6206896552    1.0360834E-6           0
  358620.68965517246   1.0355848E-6           0
  359482.7586206897    1.0350875E-6           0
  360344.8275862069    1.0345919E-6           0
  361206.8965517242    1.0340975E-6           0
  362068.9655172414    1.0336046E-6           0
  362931.03448275867   1.0331131E-6           0
  363793.1034482759    1.0326231E-6           0
  364655.1724137931    1.0321344E-6           0
  365517.2413793104    1.031647E-6            0
  366379.3103448276    1.0311611E-6           0
  367241.37931034487   1.0306766E-6           0
  368103.4482758621    1.0301933E-6           0
  368965.51724137936   1.0297115E-6           0
  369827.5862068966    1.029231E-6            0
  370689.6551724138    1.0287518E-6           0
  371551.7241379311    1.028274E-6            0
  372413.7931034483    1.0277975E-6           0
  373275.86206896557   1.0273223E-6           0
  374137.9310344828    1.0268485E-6           0
  375000.0             1.0263759E-6           0
  375862.0689655173    1.0259047E-6           0
  376724.1379310345    1.0254347E-6           0
  377586.20689655177   1.0249661E-6           0
  378448.275862069     1.0244987E-6           0
  379310.34482758626   1.0240325E-6           0
  380172.4137931035    1.0235677E-6           0
  381034.4827586207    1.0231042E-6           0
  381896.551724138     1.0226418E-6           0
  382758.6206896552    1.0221808E-6           0
  383620.68965517246   1.021721E-6            0
  384482.7586206897    1.0212624E-6           0
  385344.8275862069    1.020805E-6            0
  386206.8965517242    1.0203489E-6           0
  387068.9655172414    1.0198941E-6           0
  387931.03448275867   1.0194404E-6           0
  388793.1034482759    1.0189879E-6           0
  389655.1724137931    1.0185365E-6           0
  390517.2413793104    1.0180865E-6           0
  391379.3103448276    1.0176376E-6           0
  392241.37931034487   1.0171899E-6           0
  393103.4482758621    1.0167433E-6           0
  393965.51724137936   1.016298E-6            0
  394827.5862068966    1.0158538E-6           0
  395689.6551724138    1.0154108E-6           0
  396551.7241379311    1.014969E-6            0
  397413.7931034483    1.0145282E-6           0
  398275.86206896557   1.0140887E-6           0
  399137.9310344828    1.0136502E-6           0
  400000.0             1.0132129E-6           0
  400862.0689655173    1.0127767E-6           0
  401724.1379310345    1.0123417E-6           0
  402586.20689655177   1.0119077E-6           0
  403448.275862069     1.011475E-6            0
  404310.34482758626   1.0110433E-6           0
  405172.4137931035    1.0106126E-6           0
  406034.4827586207    1.0101831E-6           0
  406896.551724138     1.0097547E-6           0
  407758.6206896552    1.0093275E-6           0
  408620.68965517246   1.0089013E-6           0
  409482.7586206897    1.008476E-6            0
  410344.8275862069    1.008052E-6            0
  411206.8965517242    1.007629E-6            0
  412068.9655172414    1.007207E-6            0
  412931.03448275867   1.0067861E-6           0
  413793.1034482759    1.0063662E-6           0
  414655.17241379316   1.0059474E-6           0
  415517.2413793104    1.0055297E-6           0
  416379.3103448276    1.005113E-6            0
  417241.37931034487   1.0046973E-6           0
  418103.4482758621    1.0042827E-6           0
  418965.51724137936   1.003869E-6            0
  419827.5862068966    1.0034564E-6           0
  420689.6551724138    1.0030449E-6           0
  421551.7241379311    1.0026342E-6           0
  422413.7931034483    1.0022247E-6           0
  423275.86206896557   1.0018162E-6           0
  424137.9310344828    1.0014085E-6           0
  425000.00000000006   1.0010019E-6           0
  425862.0689655173    1.0005964E-6           0
  426724.1379310345    1.0001917E-6           0
  427586.20689655177   9.9978817E-7           0
  428448.275862069     9.9938548E-7           0
  429310.34482758626   9.9898376E-7           0
  430172.4137931035    9.9858311E-7           0
  431034.4827586207    9.981833E-7            0
  431896.551724138     9.9778456E-7           0
  432758.6206896552    9.9738665E-7           0
  433620.68965517246   9.969898E-7            0
  434482.7586206897    9.9659387E-7           0
  435344.8275862069    9.9619888E-7           0
  436206.8965517242    9.9580481E-7           0
  437068.9655172414    9.9541165E-7           0
  437931.03448275867   9.9501941E-7           0
  438793.1034482759    9.9462818E-7           0
  439655.17241379316   9.9423786E-7           0
  440517.2413793104    9.9384832E-7           0
  441379.3103448276    9.9345989E-7           0
  442241.37931034487   9.9307223E-7           0
  443103.4482758621    9.9268556E-7           0
  443965.51724137936   9.9229966E-7           0
  444827.5862068966    9.9191484E-7           0
  445689.6551724138    9.9153078E-7           0
  446551.7241379311    9.9114769E-7           0
  447413.7931034483    9.9076544E-7           0
  448275.86206896557   9.9038405E-7           0
  449137.9310344828    9.900036E-7            0
  450000.00000000006   9.89624E-7             0
  450862.0689655173    9.8924523E-7           0
  451724.1379310345    9.8886739E-7           0
  452586.20689655177   9.8849037E-7           0
  453448.275862069     9.8811428E-7           0
  454310.34482758626   9.87739E-7             0
  455172.4137931035    9.8736454E-7           0
  456034.4827586207    9.8699098E-7           0
  456896.551724138     9.8661822E-7           0
  457758.6206896552    9.8624636E-7           0
  458620.68965517246   9.8587528E-7           0
  459482.7586206897    9.855051E-7            0
  460344.82758620696   9.851357E-7            0
  461206.8965517242    9.8476718E-7           0
  462068.9655172414    9.8439943E-7           0
  462931.03448275867   9.8403255E-7           0
  463793.1034482759    9.8366643E-7           0
  464655.17241379316   9.8330117E-7           0
  465517.2413793104    9.8293667E-7           0
  466379.3103448276    9.8257311E-7           0
  467241.37931034487   9.8221021E-7           0
  468103.4482758621    9.8184814E-7           0
  468965.51724137936   9.8148691E-7           0
  469827.5862068966    9.8112652E-7           0
  470689.6551724138    9.8076685E-7           0
  471551.7241379311    9.8040801E-7           0
  472413.7931034483    9.8004988E-7           0
  473275.86206896557   9.7969267E-7           0
  474137.9310344828    9.7933608E-7           0
  475000.00000000006   9.7898038E-7           0
  475862.0689655173    9.7862539E-7           0
  476724.1379310345    9.782712E-7            0
  477586.20689655177   9.779178E-7            0
  478448.275862069     9.7756519E-7           0
  479310.34482758626   9.7721327E-7           0
  480172.4137931035    9.7686213E-7           0
  481034.4827586207    9.7651177E-7           0
  481896.551724138     9.7616208E-7           0
  482758.6206896552    9.7581326E-7           0
  483620.68965517246   9.754651E-7            0
  484482.7586206897    9.7511771E-7           0
  485344.82758620696   9.7477107E-7           0
  486206.8965517242    9.7442518E-7           0
  487068.9655172414    9.7407995E-7           0
  487931.03448275867   9.7373555E-7           0
  488793.1034482759    9.733918E-7            0
  489655.17241379316   9.7304889E-7           0
  490517.2413793104    9.7270661E-7           0
  491379.3103448276    9.7236506E-7           0
  492241.37931034487   9.7202424E-7           0
  493103.4482758621    9.7168413E-7           0
  493965.51724137936   9.7134475E-7           0
  494827.5862068966    9.7100608E-7           0
  495689.65517241386   9.7066802E-7           0
  496551.7241379311    9.7033077E-7           0
  497413.7931034483    9.6999422E-7           0
  498275.86206896557   9.6965836E-7           0
  499137.9310344828    9.6932321E-7           0
  500000.00000000006   9.6898874E-7           0
  500862.0689655173    9.6865487E-7           0
  501724.1379310345    9.6832178E-7           0
  502586.20689655177   9.6798937E-7           0
  503448.275862069     9.6765764E-7           0
  504310.34482758626   9.6732658E-7           0
  505172.4137931035    9.6699628E-7           0
  506034.4827586207    9.6666656E-7           0
  506896.551724138     9.6633751E-7           0
  507758.6206896552    9.660092E-7            0
  508620.68965517246   9.6568146E-7           0
  509482.7586206897    9.6535447E-7           0
  510344.82758620696   9.6502813E-7           0
  511206.8965517242    9.6470243E-7           0
  512068.9655172414    9.6437738E-7           0
  512931.03448275867   9.6405306E-7           0
  513793.1034482759    9.6372928E-7           0
  514655.17241379316   9.6340623E-7           0
  515517.2413793104    9.6308381E-7           0
  516379.3103448276    9.6276202E-7           0
  517241.37931034487   9.6244085E-7           0
  518103.4482758621    9.621204E-7            0
  518965.51724137936   9.6180056E-7           0
  519827.5862068966    9.6148133E-7           0
  520689.65517241386   9.6116272E-7           0
  521551.7241379311    9.608448E-7            0
  522413.7931034483    9.6052749E-7           0
  523275.86206896557   9.6021079E-7           0
  524137.9310344828    9.5989468E-7           0
  525000.0             9.5957925E-7           0
  525862.0689655173    9.5926442E-7           0
  526724.1379310346    9.5895027E-7           0
  527586.2068965518    9.5863662E-7           0
  528448.275862069     9.5832364E-7           0
  529310.3448275862    9.5801133E-7           0
  530172.4137931035    9.5769959E-7           0
  531034.4827586208    9.5738844E-7           0
  531896.551724138     9.5707785E-7           0
  532758.6206896552    9.5676792E-7           0
  533620.6896551724    9.5645865E-7           0
  534482.7586206897    9.5614985E-7           0
  535344.827586207     9.558417E-7            0
  536206.8965517242    9.555342E-7            0
  537068.9655172414    9.5522725E-7           0
  537931.0344827586    9.5492085E-7           0
  538793.103448276     9.5461509E-7           0
  539655.1724137932    9.5430997E-7           0
  540517.2413793104    9.540053E-7            0
  541379.3103448276    9.5370134E-7           0
  542241.3793103448    9.5339784E-7           0
  543103.4482758621    9.5309504E-7           0
  543965.5172413794    9.527927E-7            0
  544827.5862068966    9.5249105E-7           0
  545689.6551724138    9.5218994E-7           0
  546551.724137931     9.5188934E-7           0
  547413.7931034483    9.5158936E-7           0
  548275.8620689656    9.512899E-7            0
  549137.9310344828    9.5099104E-7           0
  550000.0             9.5069269E-7           0
  550862.0689655173    9.5039503E-7           0
  551724.1379310346    9.5009779E-7           0
  552586.2068965518    9.4980114E-7           0
  553448.275862069     9.4950509E-7           0
  554310.3448275862    9.4920961E-7           0
  555172.4137931035    9.4891464E-7           0
  556034.4827586208    9.4862017E-7           0
  556896.551724138     9.4832636E-7           0
  557758.6206896552    9.4803304E-7           0
  558620.6896551724    9.4774021E-7           0
  559482.7586206897    9.4744795E-7           0
  560344.827586207     9.4715626E-7           0
  561206.8965517242    9.4686513E-7           0
  562068.9655172414    9.4657449E-7           0
  562931.0344827586    9.4628441E-7           0
  563793.103448276     9.459948E-7            0
  564655.1724137932    9.4570583E-7           0
  565517.2413793104    9.4541733E-7           0
  566379.3103448276    9.451293E-7            0
  567241.3793103448    9.448419E-7            0
  568103.4482758621    9.4455496E-7           0
  568965.5172413794    9.4426857E-7           0
  569827.5862068966    9.4398264E-7           0
  570689.6551724138    9.4369732E-7           0
  571551.7241379311    9.4341247E-7           0
  572413.7931034483    9.4312814E-7           0
  573275.8620689656    9.4284427E-7           0
  574137.9310344828    9.42561E-7             0
  575000.0             9.4227819E-7           0
  575862.0689655173    9.419959E-7            0
  576724.1379310346    9.4171412E-7           0
  577586.2068965518    9.4143287E-7           0
  578448.275862069     9.4115206E-7           0
  579310.3448275862    9.4087184E-7           0
  580172.4137931035    9.4059206E-7           0
  581034.4827586208    9.4031279E-7           0
  581896.551724138     9.4003402E-7           0
  582758.6206896552    9.3975568E-7           0
  583620.6896551724    9.3947793E-7           0
  584482.7586206897    9.392006E-7            0
  585344.827586207     9.3892385E-7           0
  586206.8965517242    9.3864751E-7           0
  587068.9655172414    9.3837167E-7           0
  587931.0344827586    9.3809633E-7           0
  588793.103448276     9.3782148E-7           0
  589655.1724137932    9.3754711E-7           0
  590517.2413793104    9.3727316E-7           0
  591379.3103448276    9.3699976E-7           0
  592241.3793103448    9.3672685E-7           0
  593103.4482758621    9.3645434E-7           0
  593965.5172413794    9.3618239E-7           0
  594827.5862068966    9.3591084E-7           0
  595689.6551724138    9.3563984E-7           0
  596551.7241379311    9.3536924E-7           0
  597413.7931034483    9.3509918E-7           0
  598275.8620689656    9.3482951E-7           0
  599137.9310344828    9.3456031E-7           0
  600000.0             9.3429165E-7           0
  600862.0689655173    9.3402338E-7           0
  601724.1379310346    9.3375564E-7           0
  602586.2068965518    9.3348829E-7           0
  603448.275862069     9.3322146E-7           0
  604310.3448275862    9.3295502E-7           0
  605172.4137931035    9.3268911E-7           0
  606034.4827586208    9.3242356E-7           0
  606896.551724138     9.3215855E-7           0
  607758.6206896552    9.318939E-7            0
  608620.6896551724    9.3162978E-7           0
  609482.7586206897    9.313661E-7            0
  610344.827586207     9.3110286E-7           0
  611206.8965517242    9.3084005E-7           0
  612068.9655172414    9.3057769E-7           0
  612931.0344827586    9.3031576E-7           0
  613793.103448276     9.3005434E-7           0
  614655.1724137932    9.2979327E-7           0
  615517.2413793104    9.2953272E-7           0
  616379.3103448276    9.2927251E-7           0
  617241.3793103449    9.290128E-7            0
  618103.4482758621    9.2875352E-7           0
  618965.5172413794    9.2849467E-7           0
  619827.5862068966    9.2823623E-7           0
  620689.6551724138    9.2797829E-7           0
  621551.7241379311    9.2772076E-7           0
  622413.7931034483    9.2746357E-7           0
  623275.8620689656    9.2720688E-7           0
  624137.9310344828    9.2695059E-7           0
  625000.0             9.2669479E-7           0
  625862.0689655173    9.2643932E-7           0
  626724.1379310346    9.2618433E-7           0
  627586.2068965518    9.2592975E-7           0
  628448.275862069     9.2567558E-7           0
  629310.3448275862    9.254218E-7            0
  630172.4137931035    9.251685E-7            0
  631034.4827586208    9.2491559E-7           0
  631896.551724138     9.2466308E-7           0
  632758.6206896552    9.2441097E-7           0
  633620.6896551724    9.2415932E-7           0
  634482.7586206897    9.2390807E-7           0
  635344.827586207     9.236572E-7            0
  636206.8965517242    9.2340672E-7           0
  637068.9655172414    9.231567E-7            0
  637931.0344827586    9.2290707E-7           0
  638793.103448276     9.2265782E-7           0
  639655.1724137932    9.2240903E-7           0
  640517.2413793104    9.2216054E-7           0
  641379.3103448276    9.2191257E-7           0
  642241.3793103449    9.2166491E-7           0
  643103.4482758621    9.214177E-7            0
  643965.5172413794    9.2117086E-7           0
  644827.5862068966    9.209244E-7            0
  645689.6551724138    9.2067837E-7           0
  646551.7241379311    9.2043272E-7           0
  647413.7931034483    9.2018751E-7           0
  648275.8620689656    9.1994266E-7           0
  649137.9310344828    9.1969817E-7           0
  650000.0             9.1945405E-7           0
  650862.0689655173    9.1921036E-7           0
  651724.1379310346    9.1896711E-7           0
  652586.2068965518    9.1872414E-7           0
  653448.275862069     9.1848159E-7           0
  654310.3448275862    9.1823948E-7           0
  655172.4137931035    9.1799772E-7           0
  656034.4827586208    9.1775631E-7           0
  656896.551724138     9.1751532E-7           0
  657758.6206896552    9.1727468E-7           0
  658620.6896551724    9.170344E-7            0
  659482.7586206897    9.1679452E-7           0
  660344.827586207     9.1655507E-7           0
  661206.8965517242    9.1631596E-7           0
  662068.9655172414    9.1607719E-7           0
  662931.0344827586    9.1583883E-7           0
  663793.103448276     9.1560081E-7           0
  664655.1724137932    9.153632E-7            0
  665517.2413793104    9.1512592E-7           0
  666379.3103448276    9.1488899E-7           0
  667241.3793103449    9.1465245E-7           0
  668103.4482758621    9.1441632E-7           0
  668965.5172413794    9.1418052E-7           0
  669827.5862068966    9.1394511E-7           0
  670689.6551724138    9.1371004E-7           0
  671551.7241379311    9.1347529E-7           0
  672413.7931034483    9.1324094E-7           0
  673275.8620689656    9.1300699E-7           0
  674137.9310344828    9.1277335E-7           0
  675000.0             9.1254011E-7           0
  675862.0689655173    9.1230718E-7           0
  676724.1379310346    9.1207465E-7           0
  677586.2068965518    9.1184243E-7           0
  678448.275862069     9.116106E-7            0
  679310.3448275862    9.1137908E-7           0
  680172.4137931035    9.1114795E-7           0
  681034.4827586208    9.1091719E-7           0
  681896.551724138     9.1068675E-7           0
  682758.6206896552    9.1045668E-7           0
  683620.6896551724    9.1022693E-7           0
  684482.7586206897    9.0999755E-7           0
  685344.827586207     9.0976847E-7           0
  686206.8965517242    9.0953977E-7           0
  687068.9655172414    9.0931144E-7           0
  687931.0344827587    9.0908342E-7           0
  688793.103448276     9.0885576E-7           0
  689655.1724137932    9.086284E-7            0
  690517.2413793104    9.0840141E-7           0
  691379.3103448276    9.0817478E-7           0
  692241.3793103449    9.0794845E-7           0
  693103.4482758621    9.0772248E-7           0
  693965.5172413794    9.0749687E-7           0
  694827.5862068966    9.0727156E-7           0
  695689.6551724138    9.070466E-7            0
  696551.7241379311    9.06822E-7             0
  697413.7931034483    9.0659769E-7           0
  698275.8620689656    9.0637374E-7           0
  699137.9310344828    9.0615007E-7           0
  700000.0             9.0592682E-7           0
  700862.0689655173    9.0570386E-7           0
  701724.1379310346    9.0548117E-7           0
  702586.2068965518    9.0525884E-7           0
  703448.275862069     9.0503685E-7           0
  704310.3448275862    9.0481521E-7           0
  705172.4137931035    9.0459392E-7           0
  706034.4827586208    9.043729E-7            0
  706896.551724138     9.0415222E-7           0
  707758.6206896552    9.0393182E-7           0
  708620.6896551724    9.0371176E-7           0
  709482.7586206897    9.0349204E-7           0
  710344.827586207     9.0327266E-7           0
  711206.8965517242    9.0305361E-7           0
  712068.9655172414    9.0283483E-7           0
  712931.0344827587    9.0261639E-7           0
  713793.103448276     9.0239827E-7           0
  714655.1724137932    9.0218043E-7           0
  715517.2413793104    9.0196291E-7           0
  716379.3103448276    9.0174573E-7           0
  717241.3793103449    9.0152887E-7           0
  718103.4482758621    9.0131234E-7           0
  718965.5172413794    9.0109607E-7           0
  719827.5862068966    9.0088013E-7           0
  720689.6551724138    9.0066451E-7           0
  721551.7241379311    9.0044921E-7           0
  722413.7931034483    9.0023417E-7           0
  723275.8620689656    9.0001951E-7           0
  724137.9310344828    8.9980511E-7           0
  725000.0             8.9959102E-7           0
  725862.0689655173    8.9937726E-7           0
  726724.1379310346    8.9916374E-7           0
  727586.2068965518    8.989506E-7            0
  728448.275862069     8.9873772E-7           0
  729310.3448275862    8.9852514E-7           0
  730172.4137931035    8.9831288E-7           0
  731034.4827586208    8.9810093E-7           0
  731896.551724138     8.9788928E-7           0
  732758.6206896552    8.9767788E-7           0
  733620.6896551725    8.9746679E-7           0
  734482.7586206897    8.9725607E-7           0
  735344.827586207     8.9704559E-7           0
  736206.8965517242    8.9683541E-7           0
  737068.9655172414    8.9662548E-7           0
  737931.0344827587    8.964159E-7            0
  738793.103448276     8.9620663E-7           0
  739655.1724137932    8.959976E-7            0
  740517.2413793104    8.9578893E-7           0
  741379.3103448276    8.9558049E-7           0
  742241.3793103449    8.9537235E-7           0
  743103.4482758621    8.951645E-7            0
  743965.5172413794    8.9495695E-7           0
  744827.5862068966    8.9474969E-7           0
  745689.6551724138    8.9454273E-7           0
  746551.7241379311    8.9433606E-7           0
  747413.7931034483    8.9412961E-7           0
  748275.8620689656    8.9392352E-7           0
  749137.9310344828    8.9371772E-7           0
  750000.0             8.9351214E-7           0
  750862.0689655173    8.9330691E-7           0
  751724.1379310346    8.931019E-7            0
  752586.2068965518    8.9289718E-7           0
  753448.275862069     8.9269281E-7           0
  754310.3448275862    8.9248865E-7           0
  755172.4137931035    8.9228478E-7           0
  756034.4827586208    8.9208119E-7           0
  756896.551724138     8.9187794E-7           0
  757758.6206896552    8.9167491E-7           0
  758620.6896551725    8.9147215E-7           0
  759482.7586206897    8.9126967E-7           0
  760344.827586207     8.9106747E-7           0
  761206.8965517242    8.9086555E-7           0
  762068.9655172414    8.9066389E-7           0
  762931.0344827587    8.9046258E-7           0
  763793.103448276     8.9026147E-7           0
  764655.1724137932    8.9006063E-7           0
  765517.2413793104    8.8986007E-7           0
  766379.3103448276    8.8965978E-7           0
  767241.3793103449    8.8945975E-7           0
  768103.4482758621    8.8926005E-7           0
  768965.5172413794    8.8906056E-7           0
  769827.5862068966    8.8886134E-7           0
  770689.6551724138    8.8866238E-7           0
  771551.7241379311    8.8846374E-7           0
  772413.7931034483    8.8826531E-7           0
  773275.8620689656    8.880672E-7            0
  774137.9310344828    8.8786929E-7           0
  775000.0             8.876717E-7            0
  775862.0689655173    8.8747438E-7           0
  776724.1379310346    8.8727725E-7           0
  777586.2068965518    8.8708044E-7           0
  778448.275862069     8.8688388E-7           0
  779310.3448275862    8.8668759E-7           0
  780172.4137931035    8.8649155E-7           0
  781034.4827586208    8.8629576E-7           0
  781896.551724138     8.8610022E-7           0
  782758.6206896552    8.85905E-7             0
  783620.6896551725    8.8570998E-7           0
  784482.7586206897    8.855152E-7            0
  785344.827586207     8.8532073E-7           0
  786206.8965517242    8.8512651E-7           0
  787068.9655172414    8.8493254E-7           0
  787931.0344827587    8.8473882E-7           0
  788793.103448276     8.8454535E-7           0
  789655.1724137932    8.8435212E-7           0
  790517.2413793104    8.8415914E-7           0
  791379.3103448276    8.8396646E-7           0
  792241.3793103449    8.8377396E-7           0
  793103.4482758621    8.8358177E-7           0
  793965.5172413794    8.8338982E-7           0
  794827.5862068966    8.8319811E-7           0
  795689.6551724138    8.8300664E-7           0
  796551.7241379311    8.8281541E-7           0
  797413.7931034483    8.8262448E-7           0
  798275.8620689656    8.8243379E-7           0
  799137.9310344828    8.8224327E-7           0
  800000.0             8.8205305E-7           0
  800862.0689655173    8.8186312E-7           0
  801724.1379310346    8.8167338E-7           0
  802586.2068965518    8.8148386E-7           0
  803448.275862069     8.8129464E-7           0
  804310.3448275863    8.8110565E-7           0
  805172.4137931035    8.8091689E-7           0
  806034.4827586208    8.8072836E-7           0
  806896.551724138     8.8054012E-7           0
  807758.6206896552    8.8035205E-7           0
  808620.6896551725    8.8016427E-7           0
  809482.7586206897    8.7997671E-7           0
  810344.827586207     8.7978945E-7           0
  811206.8965517242    8.7960235E-7           0
  812068.9655172414    8.7941553E-7           0
  812931.0344827587    8.7922894E-7           0
  813793.103448276     8.7904257E-7           0
  814655.1724137932    8.7885648E-7           0
  815517.2413793104    8.7867056E-7           0
  816379.3103448276    8.7848492E-7           0
  817241.3793103449    8.782995E-7            0
  818103.4482758621    8.7811436E-7           0
  818965.5172413794    8.7792938E-7           0
  819827.5862068966    8.7774467E-7           0
  820689.6551724138    8.7756019E-7           0
  821551.7241379311    8.7737598E-7           0
  822413.7931034483    8.7719193E-7           0
  823275.8620689656    8.7700815E-7           0
  824137.9310344828    8.7682459E-7           0
  825000.0             8.766413E-7            0
  825862.0689655173    8.7645822E-7           0
  826724.1379310346    8.7627536E-7           0
  827586.2068965518    8.7609271E-7           0
  828448.275862069     8.7591033E-7           0
  829310.3448275863    8.757281E-7            0
  830172.4137931035    8.755462E-7            0
  831034.4827586208    8.7536445E-7           0
  831896.551724138     8.7518296E-7           0
  832758.6206896552    8.7500168E-7           0
  833620.6896551725    8.7482062E-7           0
  834482.7586206897    8.7463981E-7           0
  835344.827586207     8.7445921E-7           0
  836206.8965517242    8.7427882E-7           0
  837068.9655172414    8.7409869E-7           0
  837931.0344827587    8.7391876E-7           0
  838793.103448276     8.7373904E-7           0
  839655.1724137932    8.7355957E-7           0
  840517.2413793104    8.7338031E-7           0
  841379.3103448276    8.7320125E-7           0
  842241.3793103449    8.7302245E-7           0
  843103.4482758621    8.7284379E-7           0
  843965.5172413794    8.7266544E-7           0
  844827.5862068966    8.7248724E-7           0
  845689.6551724138    8.7230929E-7           0
  846551.7241379311    8.7213159E-7           0
  847413.7931034483    8.7195409E-7           0
  848275.8620689656    8.7177679E-7           0
  849137.9310344828    8.7159968E-7           0
  850000.0000000001    8.7142283E-7           0
  850862.0689655173    8.7124617E-7           0
  851724.1379310346    8.7106975E-7           0
  852586.2068965518    8.7089353E-7           0
  853448.275862069     8.7071751E-7           0
  854310.3448275863    8.7054173E-7           0
  855172.4137931035    8.7036614E-7           0
  856034.4827586208    8.7019074E-7           0
  856896.551724138     8.7001559E-7           0
  857758.6206896552    8.6984063E-7           0
  858620.6896551725    8.6966591E-7           0
  859482.7586206897    8.6949138E-7           0
  860344.827586207     8.6931704E-7           0
  861206.8965517242    8.6914293E-7           0
  862068.9655172414    8.6896907E-7           0
  862931.0344827587    8.6879535E-7           0
  863793.103448276     8.6862191E-7           0
  864655.1724137932    8.6844861E-7           0
  865517.2413793104    8.6827554E-7           0
  866379.3103448276    8.6810266E-7           0
  867241.3793103449    8.6793001E-7           0
  868103.4482758621    8.677576E-7            0
  868965.5172413794    8.6758532E-7           0
  869827.5862068966    8.6741328E-7           0
