# wave                 flux                   
  1.000408886465858    0.0                    
  1.0085866157830177   0.0                    
  1.0194902548725637   0.0                    
  1.0276679841897234   0.0                    
  1.0372086683930763   0.0                    
  1.046749352596429    0.0                    
  1.056290036799782    0.0                    
  1.0671936758893281   0.0                    
  1.0753714052064876   0.0                    
  1.0862750442960338   0.0                    
  1.0958157284993866   0.0                    
  1.1067193675889326   0.0                    
  1.1162600517922856   0.0                    
  1.1271636908818319   0.0                    
  1.138067329971378    0.0                    
  1.147608014174731    0.0                    
  1.158511653264277    0.0                    
  1.1694152923538232   0.0                    
  1.1803189314433693   0.0                    
  1.1912225705329154   0.0                    
  1.2021262096224616   0.0                    
  1.2130298487120077   0.0                    
  1.225296442687747    0.0                    
  1.2362000817772933   0.0                    
  1.2471037208668394   0.0                    
  1.2593703148425788   0.0                    
  1.2702739539321248   0.0                    
  1.2811775930216711   0.0                    
  1.2934441869974105   0.0                    
  1.3057107809731499   0.0                    
  1.3179773749488892   0.0                    
  1.3302439689246286   0.0                    
  1.342510562900368    0.0                    
  1.3547771568761073   0.0                    
  1.36840670573804     0.0                    
  1.379310344827586    0.0                    
  1.392939893689519    0.0                    
  1.4052064876652584   0.0                    
  1.418836036527191    0.0                    
  1.4324655853891237   0.0                    
  1.444732179364863    0.0                    
  1.4583617282267956   0.0                    
  1.4719912770887285   0.0                    
  1.4856208259506611   0.0                    
  1.4992503748125938   0.0                    
  1.5142428785607196   0.0                    
  1.5278724274226525   0.0                    
  1.5415019762845852   0.0                    
  1.5551315251465176   0.0                    
  1.5701240288946436   0.0                    
  1.5851165326427696   0.0                    
  1.6001090363908956   0.0                    
  1.613738585252828    0.0                    
  1.628731089000954    0.0                    
  1.64372359274908     0.0                    
  1.6600790513833992   0.0                    
  1.6750715551315252   0.0                    
  1.6900640588796512   0.0                    
  1.7064195175139703   0.0                    
  1.7214120212620965   0.0                    
  1.7377674798964156   0.0                    
  1.7541229385307346   0.0                    
  1.7691154422788606   0.0                    
  1.7854709009131797   0.0                    
  1.8031893144336923   0.0                    
  1.8195447730680114   0.0                    
  1.837263186588524    0.0                    
  1.8536186452228431   0.0                    
  1.8713370587433558   0.0                    
  1.8876925173776749   0.0                    
  1.9054109308981875   0.0                    
  1.9231293444186996   0.0                    
  1.9408477579392123   0.0                    
  1.9585661714597247   0.0                    
  1.9762845849802373   0.0                    
  1.995365953386943    0.0                    
  2.013084366907455    0.0                    
  2.032165735314161    0.004920858374249008   
  2.051247103720867    0.004875082947511807   
  2.0703284721275725   0.004830151307442574   
  2.088046885648085    0.00478916438381545    
  2.1084912089409844   0.00474272775436669    
  2.12757257734769     0.004700192079439635   
  2.148016900640589    0.004655456748734309   
  2.167098269047295    0.004614465305663692   
  2.187542592340194    0.004571339461685526   
  2.2079869156330925   0.004529012244447698   
  2.2270682840397984   0.004490207977971401   
  2.2488755622188905   0.004446666567275922   
  2.2693198855117895   0.004406606508111274   
  2.2911271636908817   0.004364663792983504   
  2.311571486983781    0.004326061224059711   
  2.3320158102766797   0.00428813549737304    
  2.355186043341966    0.004245948979169716   
  2.376993321521058    0.004206995318810361   
  2.39880059970015     0.004168749906821176   
  2.4206078778792426   0.004131193601354319   
  2.4424151560583347   0.004094307944199369   
  2.46558538912362     0.00405583186069943    
  2.488755622188906    0.004018072199345712   
  2.511925855254191    0.003981009135108665   
  2.535096088319477    0.003944623567744768   
  2.558266321384762    0.003908897088974571   
  2.581436554450048    0.0038738119514283367  
  2.605969742401527    0.003837343010463007   
  2.629139975466812    0.0038035250575455004  
  2.6550361183044844   0.0037664270205365865  
  2.6782063513697696   0.003733842155727873   
  2.704102494207442    0.003698084594760721   
  2.7286356821589206   0.0036648350829197153  
  2.7531688701103993   0.0036321781366362724  
  2.7790650129480716   0.003598332435510186   
  2.8049611557857435   0.007130223358605706   
  2.8308572986234157   0.00706499743476675    
  2.8581163963472807   0.006997615484983568   
  2.884012539184953    0.006934782453691181   
  2.9112716369088183   0.0068698500337128     
  2.9371677797464906   0.006809280590260112   
  2.964426877470356    0.006746666515866915   
  2.991685975194221    0.00668519347244216    
  3.0189450729180862   0.006624830551697761   
  3.047567125528145    0.006562611660112049   
  3.0761891781382036   0.009752325878606916   
  3.1048112307482625   0.009662422962254526   
  3.132070328472128    0.0095783287676309     
  3.1620553359683794   0.012649999717250466   
  3.192040343464632    0.01566396265868877    
  3.22066239607469     0.018629707581900815   
  3.2506474035709423   0.03691572244530953    
  3.280632411067194    0.12192771266023797    
  3.3106174185634454   0.1782144836385145     
  3.341965380945891    0.050868271334403685   
  3.3719503884421425   0.023725140941003302   
  3.4032983508245875   0.01762995555307634    
  3.436009268093226    0.014551765389388774   
  3.465994275589478    0.014425875165807747   
  3.4987051928581168   0.011432800679400498   
  3.531416110126755    0.011326900557321915   
  3.564127027395393    0.011222944299816857   
  3.5968379446640317   0.011120878872308101   
  3.6309118168188634   0.011016516270278184   
  3.6636227340875016   0.010918154517864986   
  3.6976966062423333   0.013521931642701475   
  3.7331334332833586   0.013393574496768564   
  3.7658443505519967   0.013277235087458959   
  3.801281177593022    0.013153460217514915   
  3.8367180046340468   0.013031971775008562   
  3.8721548316750716   0.012912706985796937   
  3.907591658716097    0.012795605352859818   
  3.944391440643315    0.015211471671054464   
  3.9798282676843395   0.015076027060284802   
  4.017991004497751    0.01493283548712063    
  4.054790786424969    0.014797310593624075   
  4.092953523238381    0.014659340331678861   
  4.1297533051655995   0.016950165088666546   
  4.1679160419790104   0.016794964100281112   
  4.206078778792422    0.016642579461652506   
  4.245604470492027    0.016487640519633914   
  4.283767207305439    0.01867515071207196    
  4.324655853891237    0.018498581370325295   
  4.364181545590841    0.018331042688332966   
  4.405070192176639    0.01816089068318136    
  4.4459588387624365   0.02024310319555968    
  4.486847485348235    0.02005862777154182    
  4.527736131934033    0.019877484233568835   
  4.569987733406024    0.019693707910502734   
  4.612239334878016    0.021681442403456912   
  4.6558538912362      0.021478337556586125   
  4.6981054927081916   0.02128517583211436    
  4.741720049066376    0.023198332728565887   
  4.785334605424561    0.022986898195010173   
  4.830312116668938    0.022772855407076954   
  4.873926673027123    0.024620804818809634   
  4.918904184271502    0.02439567692769832    
  4.965244650402072    0.026181991902675204   
  5.011585116532643    0.025939895703411955   
  5.057925582663214    0.027679331834362508   
  5.104266048793786    0.029387184078289125   
  5.151969469810549    0.03105608396192707    
  5.199672890827314    0.03461756362983784    
  5.247376311844078    0.03811428628223283    
  5.296442687747036    0.03964925249343487    
  5.345509063649994    0.037414584953237226   
  5.394575439552951    0.03522056550043529    
  5.4436418154559085   0.036740110712718176   
  5.4940711462450595   0.03822302038935448    
  5.545863431920403    0.03966920597821613    
  5.597655717595748    0.044661553445337225   
  5.648085048384899    0.051344834429905915   
  5.701240288946436    0.05788214430337656    
  5.7530325746217805   0.055622836946735046   
  5.807550770069511    0.05165689010710762    
  5.8607060106310485   0.052894651569599334   
  5.915224206078779    0.05578825106475211    
  5.969742401526509    0.0636543371007867     
  6.025623551860433    0.0763406482973241     
  6.080141747308164    0.10197130766611842    
  6.137385852528282    0.15315967094175503    
  6.193267002862205    0.23089589822092946    
  6.250511108082323    0.22878128249365537    
  6.3091181681886335   0.15691575005338268    
  6.367725228294944    0.11307020997245834    
  6.426332288401254    0.09336585736856227    
  6.484939348507565    0.08635393059043234    
  6.544909363500069    0.08556268258002438    
  6.606242333378765    0.0877957474221292     
  6.667575303257463    0.08998773865346915    
  6.728908273136159    0.09213976169709424    
  6.79160419790105     0.09128918392505604    
  6.85430012266594     0.09045416653381473    
  6.91699604743083     0.0910799993106297     
  6.981054927081914    0.09454158907498014    
  7.046476761619191    0.10075957142292184    
  7.110535641270275    0.10829001073524688    
  7.177320430693744    0.11982187817995874    
  7.242742265231021    0.13392717745414479    
  7.309527054654492    0.15185661206333442    
  7.377674798964155    0.17756271162337875    
  7.4458225432738185   0.2135425635163609     
  7.515333242469675    0.26346137359343796    
  7.584843941665531    0.30719154429885576    
  7.654354640861388    0.31615991025229123    
  7.726591249829631    0.30802718009619007    
  7.797464903911681    0.3065098893494482     
  7.86833855799373     0.2935816660345313     
  7.9419381218481675   0.2556051105214818     
  8.015537685702604    0.2133356619602846     
  8.090500204443233    0.18045856266651514    
  8.165462723183863    0.16043180738062918    
  8.240425241924493    0.15169120079391335    
  8.316750715551317    0.1502990822681088     
  8.394439144064332    0.15486442036279552    
  8.470764617691154    0.1676353931637992     
  8.549816001090363    0.1906473770925308     
  8.628867384489574    0.19701311561926113    
  8.709281722774977    0.1687854492944171     
  8.788333106174186    0.1388204126847589     
  8.870110399345782    0.12062984611003327    
  8.953250647403571    0.10945745379726243    
  9.035027940575167    0.10403952304280024    
  9.118168188632957    0.10089746072420623    
  9.202671391576938    0.09997097337750886    
  9.288537549407115    0.09904681030740127    
  9.37440370723729     0.09920631073681759    
  9.460269865067467    0.09936291575431824    
  9.548861932670029    0.09844105027843604    
  9.636091045386399    0.09858769324662155    
  9.726046067875153    0.09870403366823234    
  9.816001090363908    0.09881824784661558    
  9.907319067738857    0.09891677176973682    
  9.998637045113806    0.10001363140676117    
  10.088592067602562   0.10011307660130932    
  10.18808777429467    0.10109845873025747    
  10.278042796783426   0.1021595232746927     
  10.37890145836173    0.10405725955180407    
  10.468856480850485   0.10507356040785981    
  10.568352187542594   0.10692300702881682    
  10.669210849120894   0.11059861542104028    
  10.75916587160965    0.114321131744897      
  10.858661578301758   0.12064101393464909    
  10.958157284993868   0.13414664440190613    
  11.068556630775522   0.16352628469613956    
  11.16805233746763    0.25340138443045307    
  11.268910999045932   0.33099915505493666    
  11.377947389941394   0.26630462134746935    
  11.478806051519696   0.21256566634797563    
  11.587842442415155   0.1682798206287394     
  11.68870110399346    0.15656145423122525    
  11.79773749488892    0.1593525873961929     
  11.908136840670576   0.16879214753380925    
  12.01853618645223    0.17306599501282968    
  12.128935532233882   0.16654387976242085    
  12.248875562218892   0.16164749237723564    
  12.357911953114353   0.1683132176048453     
  12.468311298896008   0.1868737367755938     
  12.588251328881015   0.20813056691584003    
  12.70819135886602    0.2061662286609501     
  12.818590704647676   0.1731859671442132     
  12.938530734632685   0.1514855185914288     
  13.058470764617692   0.14013892406711073    
  13.1784107946027     0.1365870270984029     
  13.298350824587706   0.1383630239304991     
  13.427831538776067   0.14298659850923792    
  13.547771568761075   0.14098259310967004    
  13.678615237835627   0.1330544079796828     
  13.798555267820635   0.12682487159225603    
  13.928035982008996   0.12564585575888051    
  14.057516696197357   0.12804537182610604    
  14.18836036527191    0.13320777997159822    
  14.31784107946027    0.12851099709565728    
  14.448684748534825   0.125270913877686      
  14.587706146926537   0.12476259352369397    
  14.71854981600109    0.12569173233565803    
  14.857571214392804   0.12720786987472132    
  14.997955567670711   0.12935096710129504    
  15.138339920948615   0.13211488250652742    
  15.277361319340331   0.13484003550872953    
  15.417745672618237   0.13815250035053936    
  15.558130025896144   0.14204792185619217    
  15.698514379174052   0.14651067589984873    
  15.84843941665531    0.1520654508921548     
  15.998364454136569   0.1575161003583049     
  16.137385852528283   0.16421495523404428    
  16.28731089000954    0.17866669983045824    
  16.4372359274908     0.2086725579585207     
  16.598064604061605   0.19821587879878189    
  16.747989641542866   0.2024123597793126     
  16.897914679024126   0.21245224528359602    
  17.057380400708738   0.21867367271228258    
  17.218209077279543   0.2212773654727578     
  17.377674798964154   0.22615223913566737    
  17.537140520648766   0.21269145985810345    
  17.69796919721957    0.20849850150039667    
  17.857434918904186   0.21055655571690515    
  18.027804279678346   0.2057932280931756     
  18.198173640452502   0.20441611900773854    
  18.367180046340465   0.20525741956112964    
  18.537549407114625   0.20714711690508228    
  18.70791876788878    0.2100714737709281     
  18.876925173776748   0.2156071571081554     
  19.047294534550907   0.2152536622560941     
  19.22720457952842    0.21375962982629323    
  19.407114624505926   0.21435437095626553    
  19.58702466948344    0.21544874024518917    
  19.76693471446095    0.21702909549828076    
  19.946844759438463   0.2180795989087062     
  20.137658443505522   0.21948927620824824    
  20.31756848848303    0.2209909996692424     
  20.507019217663895   0.2228505334273529     
  20.697832901730955   0.22466120571388676    
  20.887283630911817   0.2264535735069636     
  21.087637999182228   0.2280957185895391     
  21.277088728363093   0.23029466850112637    
  21.477443096633504   0.23233677066057853    
  21.676434510017717   0.23435588179219896    
  21.876788878288128   0.23632353473159726    
  22.07714324655854    0.23870841992874323    
  22.27749761482895    0.24060153551297145    
  22.487392667302714   0.24280271701245126    
  22.697287719776476   0.24496318729462255    
  22.907182772250238   0.2470840654516728     
  23.117077824724003   0.2495990204590403     
  23.326972877197765   0.25249739421796563    
  23.54640861387488    0.25481592961333643    
  23.76720730543819    0.2574976439978609     
  23.986643042115308   0.2601447714114095     
  24.20607877879242    0.26274392443465755    
  24.42687747035573    0.2656909291412452     
  24.657216846122395   0.2688867991799957     
  24.886193267002863   0.27163657198809366    
  25.116532642769524   0.27432129922077714    
  25.34687201853619    0.27774630166218023    
  25.5867520785062     0.280613960158315      
  25.817091454272862   0.2839204383920987     
  26.056971514242882   0.28744705680873506    
  26.296851574212894   0.2909093536835848     
  26.546272318386265   0.2942032632344483     
  26.786152378356277   0.29791512817352145    
  27.036936077415838   0.30180934052761327    
  27.286356821589205   0.3056472583393474     
  27.535777565762576   0.3094156479662033     
  27.796101949025488   0.3137130624653838     
  28.04552269319886    0.31805433522752913    
  28.30584707646177    0.3221949112112239     
  28.575712143928037   0.3265010466480555     
  28.83603652719095    0.3311828302662083     
  29.10590159465722    0.33601432002252224    
  29.375766662123485   0.340757071773331      
  29.645631729589752   0.3454134445344764     
  29.91549679705602    0.35065437295864943    
  30.196265503611833   0.3556731136117985     
  30.47567125528145    0.3609436493738819     
  30.756439961837263   0.36642733917669085    
  31.04538639771024    0.37171384546543007    
  31.32615510426605    0.37763970344688186    
  31.615101540139023   0.38304478134609826    
  31.916314569987733   0.3888293499614069     
  32.205261005860706   0.3949665324778466     
  32.50511108082323    0.40086002784523306    
  32.80496115578575    0.4069506535329402     
  33.10481123074826    0.41323299534387875    
  33.41556494480032    0.41956496862834797    
  33.7249557039662     0.42609395877928785    
  34.035709418018264   0.43248695322437275    
  34.35464086138749    0.4392419706400752     
  34.66539457543956    0.44597790469404863    
  34.98568897369497    0.4524707212600075     
  35.31552405615374    0.45928808213531663    
  35.64535913861251    0.46625987900988586    
  35.96565353686793    0.47295123419473256    
  36.305029303530056   0.47982333055437426    
  36.63486438598883    0.4869678229083572     
  36.97560310753715    0.4938391451188987     
  37.32451955840262    0.5007432313981403     
  37.66525827995094    0.5078950745161734     
  38.014174730816414   0.5145448929103268     
  38.364454136568085   0.5215765655794586     
  38.72427422652311    0.5283507436392224     
  39.07455363227477    0.5351308691634262     
  39.44527736131935    0.5417632291816297     
  39.805097451274364   0.5486734501610592     
  40.17445822543274    0.5553279484381166     
  40.54381899959112    0.562107899005695      
  40.92408341283903    0.5686138458622928     
  41.29480714188361    0.5751328470526107     
  41.684612239334875   0.5815095419850052     
  42.064876652582804   0.5879013920921101     
  42.45468175003408    0.5938096352459978     
  42.84448684748535    0.60007718556633       
  43.24383262913997    0.6060979679865605     
  43.6445413656808     0.6117603697385758     
  44.053427831538784   0.6172051046296043     
  44.454136568079605   0.6231141329337955     
  44.86438598882378    0.6285609429707651     
  45.2841760937713     0.6335546543818833     
  45.703966198718824   0.6386754358941363     
  46.123756303666354   0.6437030049891572     
  46.55308709281723    0.6485069502236231     
  46.98378083685431    0.653204148057498      
  47.41311162600518    0.6578349208565865     
  47.85334605424561    0.662022677980845      
  48.30312116668938    0.6662095435639805     
  48.74335559492981    0.6700400382531181     
  49.19313070737359    0.6736712811953858     
  49.65380945890691    0.6770880079142447     
  50.113125255554046   0.6804604242945672     
  50.57244105220118    0.6835738788867411     
  51.04266048793785    0.6864846107269001     
  51.512879923674525   0.6889539418306941     
  51.992640043614564   0.6912516578608116     
  52.47240016355459    0.6935074301198747     
  52.96306392258416    0.6953903173896606     
  53.452364726727545   0.6968821714518844     
  53.94302848575712    0.698329315694456      
  54.44323292899005    0.699444169318934      
  54.94207441733679    0.7005560326335514     
  55.45181954477307    0.7011492388761497     
  55.9724683112989     0.701237611707697      
  56.48221343873519    0.7016368278679604     
  57.01240288946436    0.701426350262756      
  57.531688701103995   0.701178794910183      
  58.07141883603653    0.7003444893222985     
  58.60160828676571    0.6996395013489627     
  59.15224206078779    0.6983674656125257     
  59.69197219572032    0.697246168972597      
  60.25214665394576    0.6955768744326976     
  60.80141747308165    0.6937338315155227     
  61.371132615510426   0.6915303143025757     
  61.93130707373586    0.6893120885674505     
  62.51192585525419    0.6867489637830038     
  63.091181681886326   0.6837722521534902     
  63.671800463404665   0.6809922178229074     
  64.26059697424016    0.6777092228775625     
  64.85075643996184    0.6741633193003485     
  65.45045658988687    0.6707363678294361     
  66.06106037890146    0.6668073292255116     
  66.67030121302986    0.6626638773388557     
  67.29044568624778    0.6583401073551542     
  67.91059015946573    0.6538008493464728     
  68.54027531688702    0.6491074258568861     
  69.1699604743083     0.6443548527308872     
  69.81054927081914    0.6393016748082028     
  70.46067875153334    0.6339705912636163     
  71.11080823224752    0.6285964380681694     
  71.77047839716506    0.6232367477712559     
  72.43014856208259    0.6175605107850438     
  73.0993594112035     0.6117700836356325     
  73.77947389941394    0.6057240078403971     
  74.45958838762436    0.599654154592399      
  75.14924356003817    0.5933526146136666     
  75.8498023715415     0.5869494588751542     
  76.54899822815865    0.5804125636334213     
  77.25909772386535    0.5739129948302678     
  77.96919721957202    0.5671470631687215     
  78.68883739948208    0.5604352527187211     
  79.41938121848167    0.5535172700922874     
  80.15946572168461    0.5464108180203581     
  80.89955022488755    0.539310798970216      
  81.64917541229384    0.5322772565064867     
  82.39880059970015    0.5251290084666734     
  83.16887011039935    0.5177418103207686     
  83.93893962109854    0.5106092691166002     
  84.70900913179774    0.503370300593475      
  85.49816001090363    0.49591712290032447    
  86.28867384489574    0.4885925112627746     
  87.08872836309119    0.48111853638726937    
  87.88741992640044    0.4737879371646023     
  88.70791876788878    0.4663619607639833     
  89.52841760937713    0.45907209768238233    
  90.34755349597928    0.45158941950626547    
  91.18713370587433    0.4443609400911934     
  92.0280768706556     0.4369318630985558     
  92.88673844895735    0.42944773447469675    
  93.7467629821453     0.42209457090652386    
  94.60678751533324    0.41487509544321666    
  95.4872563718141     0.4073842207216396     
  96.36636227340875    0.4001396386001304     
  97.25637181409296    0.39287913348764086    
  98.1572849938667     0.3857074960123156     
  99.06637590295762    0.37853408543716033    
  99.98637045113807    0.3713506240959126     
  100.88592067602563   0.3643719368887991     
  101.88632956249148   0.35706459565610066    
  102.78587978737905   0.35033993381214246    
  103.78628867384491   0.3433016203140745     
  104.68583889873246   0.33662625288369813    
  105.6862477851983    0.32984424502611415    
  106.68529371677798   0.3230060853181423     
  107.58484394166554   0.31668029107610723    
  108.5852528281314    0.310263113537466      
  109.58566171459725   0.30387186349055784    
  110.68556630775522   0.297238408072126      
  111.68461223933488   0.29108753363324397    
  112.68502112580073   0.28504231184396933    
  113.78492571895872   0.2788594301200085     
  114.78397165053836   0.2730346380416512     
  115.88387624369633   0.2670777140544867     
  116.8842851301622    0.2616262732808966     
  117.98418972332016   0.2558817465700696     
  119.08409431647813   0.2504112733609455     
  120.18399890963609   0.2449577381444343     
  121.28390350279406   0.239768007821715      
  122.48330380264413   0.23448093267985878    
  123.5832083958021    0.2295619381265155     
  124.68311298896006   0.2246495099249082     
  125.88251328881015   0.2198081318317114     
  127.0832765435464    0.21505583320667018    
  128.18318113670438   0.21071407332352204    
  129.38258143655446   0.20621014056872017    
  130.58198173640454   0.201865527386178      
  131.7813820362546    0.19775175418006297    
  132.98214529099087   0.19355981748372328    
  134.28104129753305   0.18945340524794538    
  135.48180455226932   0.18533854559535368    
  136.7807005588115    0.18109280298000324    
  137.98146381354778   0.17683534399592699    
  139.28035982008996   0.17238611574450144    
  140.58061878151835   0.1678040711234171     
  141.88087774294672   0.16316504370992393    
  143.1811367043751    0.15847059924454626    
  144.48003271091727   0.15372365764140924    
  145.87978737903774   0.14895826168004705    
  147.18004634046613   0.14438098457207416    
  148.57980100858663   0.13979020241495238    
  149.97955567670712   0.13541845336388517    
  151.37931034482762   0.13119362589981667    
  152.77906501294808   0.1271116567878465     
  154.17881968106857   0.12310380622641942    
  155.57857434918904   0.11929662900937316    
  156.97832901730953   0.11562105248635261    
  158.4789423470083    0.1120022618597131     
  159.9781927218209    0.10845228394121743    
  161.3779473899414    0.10509489901672751    
  162.877197764754     0.1018558790319384     
  164.37781109445277   0.09867511439262537    
  165.97792013084367   0.0955548764810072     
  167.47717050565626   0.09254992757043572    
  168.97642088046885   0.0896574772952916     
  170.57652991685976   0.08688182191329366    
  172.17663895325066   0.0841577571685116     
  173.77674798964154   0.0814838579454609     
  175.37549407114625   0.07885936400039738    
  176.97560310753715   0.076451214152664      
  178.57571214392806   0.07397422571945286    
  180.27531688701106   0.07161268702971439    
  181.97492163009406   0.0692952608179163     
  183.67452637317703   0.06707516789668103    
  185.37413111626006   0.06489578486777318    
  187.07509881422925   0.06280900063384745    
  188.77470355731225   0.06081323040590014    
  190.47430830039525   0.05885308175246284    
  192.27340875017038   0.05689814130563495    
  194.0738721548317    0.055030593178742274   
  195.8729726046068    0.0532487977615472     
  197.6734360092681    0.05149908106367151    
  199.4725364590432    0.04978129060495835    
  201.37249557039664   0.04811977699802519    
  203.17295897505795   0.046561314487270467   
  205.07155513152514   0.0450086777579492     
  206.97151424287856   0.043484244838826513   
  208.871473354232     0.0420354182022784     
  210.87092817227753   0.04059355404659357    
  212.7708872836309    0.0392440924981381     
  214.77034210167645   0.03790095161029785    
  216.76979691972198   0.03662871936057098    
  218.77061469265365   0.03537952198009742    
  220.7700695106992    0.03415318017774876    
  222.76952432874472   0.032993740623991505   
  224.86983780836854   0.03184064131141402    
  226.96878833310618   0.030753127204562723   
  229.06910181273003   0.029685366279971016   
  231.16805233746763   0.028680434201012347   
  233.26836581709145   0.02769342519084794    
  235.46817500340742   0.02671273925557883    
  237.6679841897233    0.025792283867512925   
  239.86779337603926   0.0248470207453133     
  242.06760256235518   0.024001559404393736   
  244.26604879378493   0.023130517414384072   
  246.56671664167916   0.022306335887145808   
  248.8660215346872    0.02149751047427292    
  251.16532642769525   0.020703493922605985   
  253.4659942755895    0.019923777961488906   
  255.86479487528965   0.01915073974032155    
  258.1654627231839    0.018437788613055933   
  260.564263322884     0.01773075028264373    
  262.9644268774704    0.017074551962917413   
  265.4640861387488    0.016424067740882977   
  267.86288673844894   0.015791661437606366   
  270.36254599972744   0.015201810288909426   
  272.8622052610059    0.014622765383429031   
  275.3618645222843    0.014054233298692285   
  277.9623824451411    0.013491034171647681   
  280.46204170641954   0.012978583778244165   
  283.0611966743901    0.012506129428701407   
  285.761210303939     0.012003028903429596   
  288.3603652719095    0.01154805002610546    
  291.0603789014584    0.011097353859238386   
  293.76039253100726   0.01068898389551525    
  296.4590432056699    0.010254367446446937   
  299.15905683521873   0.00986097522465656    
  301.9585661714597    0.009504614894513121   
  304.7580755077007    0.009121989521552562   
  307.5575848439417    0.008778843965281257   
  310.4579528417609    0.008439145660715236   
  313.2574621780019    0.008108346228029282   
  316.156467220935     0.007780957510598343   
  319.1563309254464    0.0074884934852270536  
  322.0566989232656    0.007203700283208732   
  325.0551996728908    0.006921901271735439   
  328.05506337740223   0.0066452260919663934  
  331.05492708191355   0.006403770831160372   
  334.15428649311707   0.006134890483766127   
  337.25364590432054   0.005900603399559124   
  340.35300531552406   0.005670582945958439   
  343.55322338830587   0.005443115876851424   
  346.65258279950933   0.0052502134493101595  
  349.85280087229114   0.00503068715206805    
  353.15251465176505   0.004842100699277652   
  356.45086547635276   0.004657023246115599   
  359.65108354913457   0.004476561000226101   
  363.0502930353005    0.004296925171818708   
  366.3500068147744    0.004121741401322558   
  369.7492163009404    0.00397566773316374    
  373.24928444868476   0.0038044278080320896  
  376.64849393485076   0.003663893570407661   
  380.1485620825951    0.0035249377928396803  
  383.6472672754532    0.003388529159997647   
  387.24683112988964   0.00325373867304967    
  390.74689927763393   0.003122225744761173   
  394.44595883876246   0.0029915376773583845  
  398.04552269319885   0.0028639939923996126  
  401.7445822543274    0.0027629495538596233  
  405.4450047703421    0.002663739915915583   
  409.24356003816274   0.0025412738608667305  
  412.94398255417747   0.0024458523023295218  
  416.84339648357644   0.0023510028642425625  
  420.64331470628326   0.0022584454687991752  
  424.5427286356822    0.0021670375079696417  
  428.4421425650811    0.0020772932848446223  
  432.44105220117217   0.002011834908688656   
  436.4399618372632    0.0019246632921464002  
  440.53973013493254   0.0018613531011068753  
  444.5400027259098    0.0017771179570194107  
  448.6384080686929    0.0017163041930387192  
  452.83767207305436   0.0016341396822156663  
  457.03829903230206   0.001575360380376661   
  461.2375630366635    0.0015176560717875193  
  465.53632274771707   0.0014606808833712902  
  469.8364454136568    0.0014047442097535913  
  474.1352051247104    0.0013498259120550812  
  478.5348234973423    0.0012956214977985086  
  483.03393757666623   0.0012421487956974597  
  487.4335559492981    0.0011899057342925935  
  491.93267002862206   0.0011383671719782371  
  496.53264276952433   0.0011076814786097006  
  500.689644649111     0.0010735795           
  505.2585996430496    0.0010322449           
  509.9999789533944    9.9229977E-4           
  514.6551724137931    9.5421407E-4           
  519.4827375740841    9.1700489E-4           
  524.2241168844289    8.8204553E-4           
  529.13792051118      8.4790658E-4           
  533.9655382879849    8.1501011E-4           
  538.9655277646822    7.8338407E-4           
  543.9655172413793    7.5324268E-4           
  548.9655067180765    7.241115E-4            
  554.0517346612339    6.9630329E-4           
  559.1379099878772    6.6944479E-4           
  564.3103237809806    6.438524E-4            
  569.5689760405443    6.1864895E-4           
  574.8275756835938    5.9519337E-4           
  580.1724137931035    5.7209556E-4           
  585.5172519026132    5.5025864E-4           
  590.948275862069     5.291685E-4            
  596.3792998215248    5.0888686E-4           
  601.8965622474408    4.8930571E-4           
  607.5000105233029    4.7043074E-4           
  613.103458799165     4.5231356E-4           
  618.793092924973     4.3486556E-4           
  624.4827796672953    4.181328E-4            
  630.2585996430496    4.0204933E-4           
  636.1207107017781    3.865961E-4            
  641.9827691439925    3.717359E-4            
  647.9310134361531    3.5744299E-4           
  653.9654961947738    3.4374467E-4           
  659.9999789533945    3.3056982E-4           
  666.1207001784753    3.1788504E-4           
  672.2413687870421    3.0569925E-4           
  678.4482758620691    2.9398316E-4           
  684.7413687870421    2.8270378E-4           
  691.1207001784753    2.7184837E-4           
  697.4999789533945    2.6140713E-4           
  703.9654961947738    2.513729E-4            
  710.4310134361531    2.4173226E-4           
  717.0689549939386    2.3245327E-4           
  723.7068965517242    2.23518E-4             
  730.3448381095097    2.1495037E-4           
  737.1551513671875    2.0669207E-4           
  743.9655172413794    1.9875306E-4           
  750.8620689655173    1.9113609E-4           
  757.7586206896552    1.8382213E-4           
  764.8275967301994    1.7676443E-4           
  771.8965727707435    1.6996586E-4           
  778.9654961947738    1.634818E-4            
  786.2068965517242    1.5717709E-4           
  793.4482969086746    1.5117571E-4           
  800.8620689655173    1.4537614E-4           
  808.2758410223599    1.3980758E-4           
  815.6896656957166    1.3446252E-4           
  823.2758620689656    1.2930841E-4           
  830.8620584422144    1.2436847E-4           
  838.5344932819236    1.1962484E-4           
  846.2931139715787    1.1504492E-4           
  854.13792051118      1.106541E-4            
  862.0689655172414    1.0644739E-4           
  869.8275862068966    1.0242437E-4           
  878.4482758620691    9.8463843E-5           
  886.2068965517242    9.4781587E-5           
  894.8275862068966    9.1134614E-5           
  902.5862068965517    8.7747647E-5           
  911.2068965517242    8.4397193E-5           
  919.8275862068966    8.1190453E-5           
  927.5862068965517    7.8193469E-5           
  936.2068965517242    7.523347E-5            
  944.8275862068966    7.2406253E-5           
  954.3103448275863    6.9647683E-5           
  962.9310344827587    6.7053439E-5           
  971.551724137931     6.4556275E-5           
  981.0344827586208    6.210241E-5            
  989.6551724137931    5.9819867E-5           
  999.1379310344828    5.7579527E-5           
  1007.7586206896552   5.5475601E-5           
  1017.2413793103449   5.3413618E-5           
  1026.7241379310346   5.1438507E-5           
  1036.2068965517242   4.9523934E-5           
  1045.689655172414    4.7715245E-5           
  1056.0344827586207   4.5927195E-5           
  1065.5172413793105   4.425443E-5            
  1075.0               4.2657317E-5           
  1085.344827586207    4.1080873E-5           
  1095.689655172414    3.9579452E-5           
  1105.1724137931035   3.8178662E-5           
  1115.5172413793105   3.6797951E-5           
  1125.8620689655172   3.5465058E-5           
  1136.2068965517242   3.4200075E-5           
  1146.5517241379312   3.2979523E-5           
  1157.7586206896553   3.1780904E-5           
  1168.103448275862    3.0667954E-5           
  1179.3103448275863   2.957625E-5            
  1189.6551724137933   2.8545109E-5           
  1200.8620689655174   2.7534473E-5           
  1212.0689655172414   2.6583435E-5           
  1223.2758620689656   2.5649775E-5           
  1234.4827586206898   2.4773637E-5           
  1245.689655172414    2.3913224E-5           
  1257.7586206896553   2.3093525E-5           
  1268.9655172413793   2.2312739E-5           
  1281.0344827586207   2.155218E-5            
  1293.103448275862    2.0823086E-5           
  1305.1724137931035   2.0124966E-5           
  1317.2413793103449   1.9454366E-5           
  1329.3103448275863   1.8813116E-5           
  1341.3793103448277   1.8196242E-5           
  1353.448275862069    1.7605071E-5           
  1366.3793103448277   1.7029767E-5           
  1379.3103448275863   1.6477873E-5           
  1391.3793103448277   1.5957026E-5           
  1404.3103448275863   1.5449636E-5           
  1417.2413793103449   1.4962005E-5           
  1431.0344827586207   1.4488142E-5           
  1443.9655172413793   1.4040511E-5           
  1456.8965517241381   1.3611076E-5           
  1470.689655172414    1.3193077E-5           
  1484.4827586206898   1.2791196E-5           
  1498.2758620689656   1.2406645E-5           
  1512.0689655172414   1.2038949E-5           
  1525.8620689655174   1.1684463E-5           
  1539.6551724137933   1.1345929E-5           
  1554.3103448275863   1.1015106E-5           
  1568.9655172413795   1.0698362E-5           
  1583.6206896551726   1.0395274E-5           
  1598.2758620689656   1.0103976E-5           
  1612.9310344827588   9.8241166E-6           
  1627.5862068965519   9.5569125E-6           
  1642.2413793103449   9.2990024E-6           
  1657.7586206896553   9.0496606E-6           
  1673.2758620689656   8.8094103E-6           
  1688.793103448276    8.5794429E-6           
  1704.3103448275863   8.3580197E-6           
  1719.8275862068967   8.1463254E-6           
  1736.2068965517242   7.9399475E-6           
  1751.7241379310346   7.7443186E-6           
  1768.103448275862    7.555161E-6            
  1784.4827586206898   7.3722722E-6           
  1800.8620689655174   7.1981837E-6           
  1818.103448275862    7.0277502E-6           
  1834.4827586206898   6.8666405E-6           
  1851.7241379310346   6.7103754E-6           
  1868.9655172413795   6.5596352E-6           
  1886.2068965517242   6.4155847E-6           
  1903.448275862069    6.2767122E-6           
  1920.689655172414    6.1441711E-6           
  1938.793103448276    6.0149095E-6           
  1956.8965517241381   5.8905603E-6           
  1975.0000000000002   5.7709897E-6           
  1993.1034482758623   5.6560429E-6           
  2011.2068965517242   5.5468044E-6           
  2030.1724137931035   5.4394293E-6           
  2049.137931034483    5.336448E-6            
  2068.1034482758623   5.2376925E-6           
  2087.0689655172414   5.1430951E-6           
  2106.034482758621    5.0525207E-6           
  2125.862068965517    4.9636406E-6           
  2145.689655172414    4.8786769E-6           
  2165.5172413793107   4.7963988E-6           
  2185.344827586207    4.717847E-6            
  2206.034482758621    4.6420035E-6           
  2225.862068965517    4.5695266E-6           
  2246.551724137931    4.4985711E-6           
  2267.241379310345    4.4310618E-6           
  2288.793103448276    4.3650555E-6           
  2309.4827586206898   4.3020719E-6           
  2331.034482758621    4.2405063E-6           
  2352.586206896552    4.1821405E-6           
  2374.137931034483    4.1258627E-6           
  2396.551724137931    4.0709437E-6           
  2418.1034482758623   4.0186588E-6           
  2440.5172413793107   3.9676719E-6           
  2463.793103448276    3.9180171E-6           
  2486.206896551724    3.8708156E-6           
  2509.4827586206898   3.8248645E-6           
  2532.7586206896553   3.7806998E-6           
  2556.034482758621    3.7380071E-6           
  2579.3103448275865   3.6969914E-6           
  2603.4482758620693   3.6568701E-6           
  2627.586206896552    3.6183194E-6           
  2651.724137931035    3.5811671E-6           
  2676.724137931035    3.5448726E-6           
  2700.862068965517    3.5103783E-6           
  2725.862068965517    3.4766882E-6           
  2751.724137931035    3.4438192E-6           
  2776.724137931035    3.4125285E-6           
  2802.586206896552    3.3819305E-6           
  2828.4482758620693   3.3524707E-6           
  2854.3103448275865   3.3240323E-6           
  2881.034482758621    3.296338E-6            
  2907.7586206896553   3.2695461E-6           
  2934.4827586206898   3.2436319E-6           
  2962.0689655172414   3.2184277E-6           
  2988.7931034482763   3.1942886E-6           
  3016.379310344828    3.170745E-6            
  3044.8275862068967   3.147721E-6            
  3073.2758620689656   3.125412E-6            
  3100.8620689655177   3.1042218E-6           
  3130.1724137931037   3.0831716E-6           
  3158.6206896551726   3.0630439E-6           
  3187.931034482759    3.0433854E-6           
  3218.1034482758623   3.0241187E-6           
  3247.4137931034484   3.0057148E-6           
  3277.586206896552    2.9876815E-6           
  3307.7586206896553   2.9701684E-6           
  3338.7931034482763   2.9530913E-6           
  3368.9655172413795   2.9367271E-6           
  3400.8620689655177   2.9204261E-6           
  3431.896551724138    2.9048843E-6           
  3463.7931034482763   2.8896044E-6           
  3495.689655172414    2.8747827E-6           
  3528.4482758620693   2.860218E-6            
  3560.344827586207    2.8462806E-6           
  3593.9655172413795   2.8324039E-6           
  3626.724137931035    2.8191302E-6           
  3660.344827586207    2.806026E-6            
  3693.9655172413795   2.7933933E-6           
  3728.4482758620693   2.780858E-6            
  3762.931034482759    2.7687801E-6           
  3798.2758620689656   2.7567976E-6           
  3832.7586206896553   2.7453494E-6           
  3868.1034482758623   2.7340481E-6           
  3904.3103448275865   2.72296E-6             
  3940.5172413793107   2.7121051E-6           
  3976.724137931035    2.7016011E-6           
  4013.7931034482763   2.6912356E-6           
  4050.8620689655177   2.6811482E-6           
  4087.931034482759    2.671273E-6            
  4125.862068965517    2.6615881E-6           
  4164.6551724137935   2.6519758E-6           
  4202.586206896552    2.642754E-6            
  4241.379310344828    2.6335968E-6           
  4281.034482758621    2.6246223E-6           
  4320.689655172414    2.6157794E-6           
  4360.344827586207    2.6072334E-6           
  4400.862068965517    2.5987485E-6           
  4441.379310344828    2.5904419E-6           
  4482.758620689656    2.5822482E-6           
  4524.137931034483    2.574227E-6            
  4566.379310344828    2.5662634E-6           
  4608.620689655173    2.5585188E-6           
  4650.862068965517    2.5509364E-6           
  4693.9655172413795   2.5434071E-6           
  4737.068965517242    2.5360333E-6           
  4781.034482758621    2.5287632E-6           
  4825.862068965517    2.5215431E-6           
  4869.827586206897    2.5145229E-6           
  4915.517241379311    2.5075025E-6           
  4960.344827586207    2.5007236E-6           
  5006.896551724139    2.4938968E-6           
  5052.586206896552    2.487256E-6            
  5100.0               2.4806153E-6           
  5146.551724137931    2.4742032E-6           
  5194.827586206897    2.4676976E-6           
  5242.241379310345    2.4614138E-6           
  5291.379310344828    2.4550867E-6           
  5339.6551724137935   2.4489737E-6           
  5389.6551724137935   2.4428262E-6           
  5439.6551724137935   2.4367733E-6           
  5489.6551724137935   2.4308297E-6           
  5540.517241379311    2.4249185E-6           
  5591.379310344828    2.4191141E-6           
  5643.103448275862    2.4133309E-6           
  5695.689655172414    2.4075748E-6           
  5748.275862068966    2.401922E-6            
  5801.724137931035    2.3962867E-6           
  5855.172413793104    2.3907523E-6           
  5909.48275862069     2.3852389E-6           
  5963.793103448276    2.3798153E-6           
  6018.9655172413795   2.3744122E-6           
  6075.0               2.3690262E-6           
  6131.034482758621    2.3637274E-6           
  6187.931034482759    2.358449E-6            
  6244.827586206897    2.3532517E-6           
  6302.5862068965525   2.3480704E-6           
  6361.206896551725    2.3429019E-6           
  6419.827586206897    2.337816E-6            
  6479.310344827587    2.3327461E-6           
  6539.6551724137935   2.3276894E-6           
  6600.000000000001    2.3227093E-6           
  6661.206896551725    2.3177417E-6           
  6722.413793103448    2.3128487E-6           
  6784.48275862069     2.3079645E-6           
  6847.413793103448    2.3030967E-6           
  6911.206896551725    2.298239E-6            
  6975.000000000001    2.2934532E-6           
  7039.6551724137935   2.2886773E-6           
  7104.310344827587    2.2839684E-6           
  7170.689655172414    2.2792161E-6           
  7237.068965517242    2.2745271E-6           
  7303.44827586207     2.269907E-6            
  7371.551724137931    2.265242E-6            
  7439.6551724137935   2.2606389E-6           
  7508.620689655173    2.2560496E-6           
  7577.5862068965525   2.2515204E-6           
  7648.2758620689665   2.2469501E-6           
  7718.9655172413795   2.2424397E-6           
  7789.6551724137935   2.2379907E-6           
  7862.068965517242    2.2334965E-6           
  7934.48275862069     2.2290635E-6           
  8008.620689655173    2.2245904E-6           
  8082.758620689656    2.2201754E-6           
  8156.896551724139    2.2158203E-6           
  8232.758620689656    2.2114237E-6           
  8308.620689655172    2.2070868E-6           
  8385.344827586208    2.2027562E-6           
  8462.931034482759    2.1984384E-6           
  8541.379310344828    2.1941281E-6           
  8620.689655172415    2.189831E-6            
  8620.775525323277    2.1898265E-6           
  9482.758620689656    2.1463982E-6           
  10344.827586206897   2.1080405E-6           
  11206.89655172414    2.0736835E-6           
  12068.96551724138    2.0425744E-6           
  12931.034482758621   2.0141617E-6           
  13793.103448275862   1.9880275E-6           
  14655.172413793105   1.9638461E-6           
  15517.241379310346   1.9413576E-6           
  16379.310344827587   1.9203517E-6           
  17241.37931034483    1.9006549E-6           
  18103.44827586207    1.8821224E-6           
  18965.51724137931    1.8646323E-6           
  19827.586206896554   1.8480806E-6           
  20689.655172413793   1.8323779E-6           
  21551.724137931036   1.8174472E-6           
  22413.79310344828    1.8032208E-6           
  23275.862068965518   1.7896399E-6           
  24137.93103448276    1.7766524E-6           
  25000.0              1.7642121E-6           
  25862.068965517243   1.752278E-6            
  26724.137931034486   1.7408136E-6           
  27586.206896551725   1.7297859E-6           
  28448.275862068967   1.7191651E-6           
  29310.34482758621    1.7089246E-6           
  30172.41379310345    1.69904E-6             
  31034.482758620692   1.6894892E-6           
  31896.551724137935   1.6802519E-6           
  32758.620689655174   1.6713102E-6           
  33620.68965517241    1.6626466E-6           
  34482.75862068966    1.6542462E-6           
  35344.8275862069     1.6460941E-6           
  36206.89655172414    1.6381776E-6           
  37068.965517241384   1.6304841E-6           
  37931.03448275862    1.6230027E-6           
  38793.10344827586    1.6157227E-6           
  39655.17241379311    1.6086344E-6           
  40517.24137931035    1.6017289E-6           
  41379.31034482759    1.5949975E-6           
  42241.37931034483    1.5884323E-6           
  43103.44827586207    1.5820263E-6           
  43965.51724137931    1.5757721E-6           
  44827.58620689656    1.5696635E-6           
  45689.6551724138     1.5636943E-6           
  46551.724137931036   1.5578588E-6           
  47413.79310344828    1.5521515E-6           
  48275.86206896552    1.5465676E-6           
  49137.93103448276    1.5411021E-6           
  50000.0              1.5357504E-6           
  50862.06896551725    1.5305084E-6           
  51724.137931034486   1.525372E-6            
  52586.206896551725   1.5203372E-6           
  53448.27586206897    1.5154006E-6           
  54310.34482758621    1.5105587E-6           
  55172.41379310345    1.5058081E-6           
  56034.482758620696   1.5011459E-6           
  56896.551724137935   1.4965688E-6           
  57758.620689655174   1.4920744E-6           
  58620.68965517242    1.4876597E-6           
  59482.75862068966    1.4833222E-6           
  60344.8275862069     1.4790595E-6           
  61206.896551724145   1.4748693E-6           
  62068.965517241384   1.4707493E-6           
  62931.03448275862    1.4666975E-6           
  63793.10344827587    1.4627117E-6           
  64655.17241379311    1.45879E-6             
  65517.24137931035    1.4549306E-6           
  66379.3103448276     1.4511317E-6           
  67241.37931034483    1.4473915E-6           
  68103.44827586207    1.4437084E-6           
  68965.51724137932    1.4400808E-6           
  69827.58620689655    1.4365074E-6           
  70689.6551724138     1.4329864E-6           
  71551.72413793104    1.4295165E-6           
  72413.79310344828    1.4260966E-6           
  73275.86206896552    1.422725E-6            
  74137.93103448277    1.4194009E-6           
  75000.0              1.4161227E-6           
  75862.06896551725    1.4128894E-6           
  76724.1379310345     1.4096999E-6           
  77586.20689655172    1.4065532E-6           
  78448.27586206897    1.4034481E-6           
  79310.34482758622    1.4003838E-6           
  80172.41379310345    1.3973591E-6           
  81034.4827586207     1.3943733E-6           
  81896.55172413794    1.3914252E-6           
  82758.62068965517    1.3885142E-6           
  83620.68965517242    1.3856394E-6           
  84482.75862068967    1.3827999E-6           
  85344.8275862069     1.379995E-6            
  86206.89655172414    1.3772239E-6           
  87068.96551724139    1.3744859E-6           
  87931.03448275862    1.3717801E-6           
  88793.10344827587    1.369106E-6            
  89655.17241379312    1.3664629E-6           
  90517.24137931035    1.3638501E-6           
  91379.3103448276     1.3612671E-6           
  92241.37931034484    1.3587131E-6           
  93103.44827586207    1.3561875E-6           
  93965.51724137932    1.3536899E-6           
  94827.58620689657    1.3512196E-6           
  95689.6551724138     1.3487762E-6           
  96551.72413793104    1.346359E-6            
  97413.79310344828    1.3439675E-6           
  98275.86206896552    1.3416014E-6           
  99137.93103448277    1.3392599E-6           
  100000.0             1.3369429E-6           
  100862.06896551725   1.3346497E-6           
  101724.1379310345    1.3323798E-6           
  102586.20689655172   1.3301329E-6           
  103448.27586206897   1.3279086E-6           
  104310.34482758622   1.3257064E-6           
  105172.41379310345   1.3235259E-6           
  106034.4827586207    1.3213669E-6           
  106896.55172413794   1.3192286E-6           
  107758.62068965517   1.3171111E-6           
  108620.68965517242   1.3150138E-6           
  109482.75862068967   1.3129363E-6           
  110344.8275862069    1.3108784E-6           
  111206.89655172414   1.3088397E-6           
  112068.96551724139   1.3068198E-6           
  112931.03448275862   1.3048186E-6           
  113793.10344827587   1.3028355E-6           
  114655.17241379312   1.3008705E-6           
  115517.24137931035   1.298923E-6            
  116379.3103448276    1.296993E-6            
  117241.37931034484   1.29508E-6             
  118103.44827586207   1.2931839E-6           
  118965.51724137932   1.2913042E-6           
  119827.58620689657   1.2894408E-6           
  120689.6551724138    1.2875934E-6           
  121551.72413793104   1.2857619E-6           
  122413.79310344829   1.2839458E-6           
  123275.86206896552   1.2821451E-6           
  124137.93103448277   1.2803593E-6           
  125000.00000000001   1.2785884E-6           
  125862.06896551725   1.2768321E-6           
  126724.1379310345    1.2750901E-6           
  127586.20689655174   1.2733624E-6           
  128448.27586206897   1.2716486E-6           
  129310.34482758622   1.2699485E-6           
  130172.41379310346   1.2682619E-6           
  131034.4827586207    1.2665888E-6           
  131896.55172413794   1.2649287E-6           
  132758.6206896552    1.2632817E-6           
  133620.68965517243   1.2616474E-6           
  134482.75862068965   1.2600258E-6           
  135344.8275862069    1.2584165E-6           
  136206.89655172414   1.2568196E-6           
  137068.9655172414    1.2552347E-6           
  137931.03448275864   1.2536617E-6           
  138793.10344827588   1.2521005E-6           
  139655.1724137931    1.2505508E-6           
  140517.24137931035   1.2490126E-6           
  141379.3103448276    1.2474857E-6           
  142241.37931034484   1.2459699E-6           
  143103.4482758621    1.2444651E-6           
  143965.51724137933   1.2429712E-6           
  144827.58620689655   1.2414879E-6           
  145689.6551724138    1.2400151E-6           
  146551.72413793104   1.2385529E-6           
  147413.7931034483    1.2371009E-6           
  148275.86206896554   1.235659E-6            
  149137.93103448278   1.2342272E-6           
  150000.0             1.2328053E-6           
  150862.06896551725   1.2313932E-6           
  151724.1379310345    1.2299907E-6           
  152586.20689655174   1.2285976E-6           
  153448.275862069     1.2272141E-6           
  154310.34482758623   1.2258398E-6           
  155172.41379310345   1.2244748E-6           
  156034.4827586207    1.2231188E-6           
  156896.55172413794   1.2217717E-6           
  157758.6206896552    1.2204335E-6           
  158620.68965517243   1.219104E-6            
  159482.75862068965   1.2177832E-6           
  160344.8275862069    1.2164709E-6           
  161206.89655172414   1.2151671E-6           
  162068.9655172414    1.2138716E-6           
  162931.03448275864   1.2125843E-6           
  163793.10344827588   1.2113053E-6           
  164655.1724137931    1.2100342E-6           
  165517.24137931035   1.2087711E-6           
  166379.3103448276    1.207516E-6            
  167241.37931034484   1.2062685E-6           
  168103.4482758621    1.2050287E-6           
  168965.51724137933   1.2037965E-6           
  169827.58620689655   1.2025719E-6           
  170689.6551724138    1.2013548E-6           
  171551.72413793104   1.2001449E-6           
  172413.7931034483    1.1989424E-6           
  173275.86206896554   1.197747E-6            
  174137.93103448278   1.1965589E-6           
  175000.0             1.1953776E-6           
  175862.06896551725   1.1942033E-6           
  176724.1379310345    1.1930361E-6           
  177586.20689655174   1.1918754E-6           
  178448.275862069     1.1907217E-6           
  179310.34482758623   1.1895745E-6           
  180172.41379310345   1.188434E-6            
  181034.4827586207    1.1872999E-6           
  181896.55172413794   1.1861724E-6           
  182758.6206896552    1.1850512E-6           
  183620.68965517243   1.1839364E-6           
  184482.75862068968   1.1828279E-6           
  185344.8275862069    1.1817256E-6           
  186206.89655172414   1.1806293E-6           
  187068.9655172414    1.1795392E-6           
  187931.03448275864   1.178455E-6            
  188793.10344827588   1.1773769E-6           
  189655.17241379313   1.1763045E-6           
  190517.24137931035   1.1752381E-6           
  191379.3103448276    1.1741774E-6           
  192241.37931034484   1.1731224E-6           
  193103.4482758621    1.1720731E-6           
  193965.51724137933   1.1710295E-6           
  194827.58620689655   1.1699913E-6           
  195689.6551724138    1.1689586E-6           
  196551.72413793104   1.1679315E-6           
  197413.7931034483    1.1669096E-6           
  198275.86206896554   1.1658931E-6           
  199137.93103448278   1.164882E-6            
  200000.0             1.1638761E-6           
  200862.06896551725   1.1628753E-6           
  201724.1379310345    1.1618797E-6           
  202586.20689655174   1.1608892E-6           
  203448.275862069     1.1599037E-6           
  204310.34482758623   1.1589232E-6           
  205172.41379310345   1.1579476E-6           
  206034.4827586207    1.156977E-6            
  206896.55172413794   1.1560112E-6           
  207758.6206896552    1.1550503E-6           
  208620.68965517243   1.1540941E-6           
  209482.75862068968   1.1531427E-6           
  210344.8275862069    1.1521959E-6           
  211206.89655172414   1.1512539E-6           
  212068.9655172414    1.1503163E-6           
  212931.03448275864   1.1493834E-6           
  213793.10344827588   1.148455E-6            
  214655.17241379313   1.1475311E-6           
  215517.24137931035   1.1466116E-6           
  216379.3103448276    1.1456964E-6           
  217241.37931034484   1.1447857E-6           
  218103.4482758621    1.1438794E-6           
  218965.51724137933   1.1429772E-6           
  219827.58620689658   1.1420793E-6           
  220689.6551724138    1.1411857E-6           
  221551.72413793104   1.1402962E-6           
  222413.7931034483    1.1394109E-6           
  223275.86206896554   1.1385297E-6           
  224137.93103448278   1.1376526E-6           
  225000.00000000003   1.1367795E-6           
  225862.06896551725   1.1359104E-6           
  226724.1379310345    1.1350452E-6           
  227586.20689655174   1.1341841E-6           
  228448.275862069     1.1333268E-6           
  229310.34482758623   1.1324733E-6           
  230172.41379310348   1.1316237E-6           
  231034.4827586207    1.130778E-6            
  231896.55172413794   1.129936E-6            
  232758.6206896552    1.1290978E-6           
  233620.68965517243   1.1282632E-6           
  234482.75862068968   1.1274325E-6           
  235344.8275862069    1.1266052E-6           
  236206.89655172414   1.1257818E-6           
  237068.9655172414    1.1249618E-6           
  237931.03448275864   1.1241455E-6           
  238793.10344827588   1.1233326E-6           
  239655.17241379313   1.1225233E-6           
  240517.24137931035   1.1217175E-6           
  241379.3103448276    1.1209151E-6           
  242241.37931034484   1.1201161E-6           
  243103.4482758621    1.1193206E-6           
  243965.51724137933   1.1185285E-6           
  244827.58620689658   1.1177396E-6           
  245689.6551724138    1.1169541E-6           
  246551.72413793104   1.116172E-6            
  247413.7931034483    1.115393E-6            
  248275.86206896554   1.1146174E-6           
  249137.93103448278   1.113845E-6            
  250000.00000000003   1.1130757E-6           
  250862.06896551725   1.1123097E-6           
  251724.1379310345    1.1115468E-6           
  252586.20689655174   1.110787E-6            
  253448.275862069     1.1100304E-6           
  254310.34482758623   1.1092767E-6           
  255172.41379310348   1.1085262E-6           
  256034.4827586207    1.1077787E-6           
  256896.55172413794   1.1070343E-6           
  257758.6206896552    1.1062928E-6           
  258620.68965517243   1.1055542E-6           
  259482.75862068968   1.1048187E-6           
  260344.82758620693   1.104086E-6            
  261206.89655172414   1.1033563E-6           
  262068.9655172414    1.1026295E-6           
  262931.03448275867   1.1019055E-6           
  263793.1034482759    1.1011844E-6           
  264655.1724137931    1.100466E-6            
  265517.2413793104    1.0997505E-6           
  266379.3103448276    1.0990378E-6           
  267241.37931034487   1.0983278E-6           
  268103.4482758621    1.0976205E-6           
  268965.5172413793    1.096916E-6            
  269827.5862068966    1.0962142E-6           
  270689.6551724138    1.0955151E-6           
  271551.7241379311    1.0948187E-6           
  272413.7931034483    1.0941248E-6           
  273275.8620689655    1.0934337E-6           
  274137.9310344828    1.0927451E-6           
  275000.0             1.0920592E-6           
  275862.0689655173    1.0913758E-6           
  276724.1379310345    1.0906949E-6           
  277586.20689655177   1.0900167E-6           
  278448.275862069     1.0893409E-6           
  279310.3448275862    1.0886676E-6           
  280172.4137931035    1.0879968E-6           
  281034.4827586207    1.0873285E-6           
  281896.551724138     1.0866627E-6           
  282758.6206896552    1.0859993E-6           
  283620.6896551724    1.0853383E-6           
  284482.7586206897    1.0846797E-6           
  285344.8275862069    1.0840235E-6           
  286206.8965517242    1.0833697E-6           
  287068.9655172414    1.0827183E-6           
  287931.03448275867   1.0820692E-6           
  288793.1034482759    1.0814224E-6           
  289655.1724137931    1.0807779E-6           
  290517.2413793104    1.0801358E-6           
  291379.3103448276    1.0794958E-6           
  292241.37931034487   1.0788582E-6           
  293103.4482758621    1.0782228E-6           
  293965.5172413793    1.0775897E-6           
  294827.5862068966    1.0769588E-6           
  295689.6551724138    1.0763301E-6           
  296551.7241379311    1.0757036E-6           
  297413.7931034483    1.0750793E-6           
  298275.86206896557   1.0744572E-6           
  299137.9310344828    1.0738371E-6           
  300000.0             1.0732193E-6           
  300862.0689655173    1.0726035E-6           
  301724.1379310345    1.0719899E-6           
  302586.20689655177   1.0713784E-6           
  303448.275862069     1.070769E-6            
  304310.3448275862    1.0701616E-6           
  305172.4137931035    1.0695563E-6           
  306034.4827586207    1.0689531E-6           
  306896.551724138     1.0683519E-6           
  307758.6206896552    1.0677527E-6           
  308620.68965517246   1.0671555E-6           
  309482.7586206897    1.0665603E-6           
  310344.8275862069    1.0659671E-6           
  311206.8965517242    1.0653759E-6           
  312068.9655172414    1.0647866E-6           
  312931.03448275867   1.0641993E-6           
  313793.1034482759    1.063614E-6            
  314655.1724137931    1.0630305E-6           
  315517.2413793104    1.062449E-6            
  316379.3103448276    1.0618694E-6           
  317241.37931034487   1.0612916E-6           
  318103.4482758621    1.0607158E-6           
  318965.5172413793    1.0601418E-6           
  319827.5862068966    1.0595697E-6           
  320689.6551724138    1.0589994E-6           
  321551.7241379311    1.058431E-6            
  322413.7931034483    1.0578644E-6           
  323275.86206896557   1.0572996E-6           
  324137.9310344828    1.0567366E-6           
  325000.0             1.0561754E-6           
  325862.0689655173    1.0556159E-6           
  326724.1379310345    1.0550583E-6           
  327586.20689655177   1.0545024E-6           
  328448.275862069     1.0539483E-6           
  329310.3448275862    1.0533959E-6           
  330172.4137931035    1.0528453E-6           
  331034.4827586207    1.0522964E-6           
  331896.551724138     1.0517491E-6           
  332758.6206896552    1.0512036E-6           
  333620.68965517246   1.0506598E-6           
  334482.7586206897    1.0501176E-6           
  335344.8275862069    1.0495772E-6           
  336206.8965517242    1.0490384E-6           
  337068.9655172414    1.0485013E-6           
  337931.03448275867   1.0479657E-6           
  338793.1034482759    1.0474319E-6           
  339655.1724137931    1.0468997E-6           
  340517.2413793104    1.0463691E-6           
  341379.3103448276    1.0458401E-6           
  342241.37931034487   1.0453126E-6           
  343103.4482758621    1.0447868E-6           
  343965.51724137936   1.0442626E-6           
  344827.5862068966    1.04374E-6             
  345689.6551724138    1.0432189E-6           
  346551.7241379311    1.0426994E-6           
  347413.7931034483    1.0421814E-6           
  348275.86206896557   1.0416649E-6           
  349137.9310344828    1.04115E-6             
  350000.0             1.0406366E-6           
  350862.0689655173    1.0401248E-6           
  351724.1379310345    1.0396144E-6           
  352586.20689655177   1.0391055E-6           
  353448.275862069     1.0385981E-6           
  354310.3448275862    1.0380922E-6           
  355172.4137931035    1.0375878E-6           
  356034.4827586207    1.0370849E-6           
  356896.551724138     1.0365834E-6           
  357758.6206896552    1.0360834E-6           
  358620.68965517246   1.0355848E-6           
  359482.7586206897    1.0350875E-6           
  360344.8275862069    1.0345919E-6           
  361206.8965517242    1.0340975E-6           
  362068.9655172414    1.0336046E-6           
  362931.03448275867   1.0331131E-6           
  363793.1034482759    1.0326231E-6           
  364655.1724137931    1.0321344E-6           
  365517.2413793104    1.031647E-6            
  366379.3103448276    1.0311611E-6           
  367241.37931034487   1.0306766E-6           
  368103.4482758621    1.0301933E-6           
  368965.51724137936   1.0297115E-6           
  369827.5862068966    1.029231E-6            
  370689.6551724138    1.0287518E-6           
  371551.7241379311    1.028274E-6            
  372413.7931034483    1.0277975E-6           
  373275.86206896557   1.0273223E-6           
  374137.9310344828    1.0268485E-6           
  375000.0             1.0263759E-6           
  375862.0689655173    1.0259047E-6           
  376724.1379310345    1.0254347E-6           
  377586.20689655177   1.0249661E-6           
  378448.275862069     1.0244987E-6           
  379310.34482758626   1.0240325E-6           
  380172.4137931035    1.0235677E-6           
  381034.4827586207    1.0231042E-6           
  381896.551724138     1.0226418E-6           
  382758.6206896552    1.0221808E-6           
  383620.68965517246   1.021721E-6            
  384482.7586206897    1.0212624E-6           
  385344.8275862069    1.020805E-6            
  386206.8965517242    1.0203489E-6           
  387068.9655172414    1.0198941E-6           
  387931.03448275867   1.0194404E-6           
  388793.1034482759    1.0189879E-6           
  389655.1724137931    1.0185365E-6           
  390517.2413793104    1.0180865E-6           
  391379.3103448276    1.0176376E-6           
  392241.37931034487   1.0171899E-6           
  393103.4482758621    1.0167433E-6           
  393965.51724137936   1.016298E-6            
  394827.5862068966    1.0158538E-6           
  395689.6551724138    1.0154108E-6           
  396551.7241379311    1.014969E-6            
  397413.7931034483    1.0145282E-6           
  398275.86206896557   1.0140887E-6           
  399137.9310344828    1.0136502E-6           
  400000.0             1.0132129E-6           
  400862.0689655173    1.0127767E-6           
  401724.1379310345    1.0123417E-6           
  402586.20689655177   1.0119077E-6           
  403448.275862069     1.011475E-6            
  404310.34482758626   1.0110433E-6           
  405172.4137931035    1.0106126E-6           
  406034.4827586207    1.0101831E-6           
  406896.551724138     1.0097547E-6           
  407758.6206896552    1.0093275E-6           
  408620.68965517246   1.0089013E-6           
  409482.7586206897    1.008476E-6            
  410344.8275862069    1.008052E-6            
  411206.8965517242    1.007629E-6            
  412068.9655172414    1.007207E-6            
  412931.03448275867   1.0067861E-6           
  413793.1034482759    1.0063662E-6           
  414655.17241379316   1.0059474E-6           
  415517.2413793104    1.0055297E-6           
  416379.3103448276    1.005113E-6            
  417241.37931034487   1.0046973E-6           
  418103.4482758621    1.0042827E-6           
  418965.51724137936   1.003869E-6            
  419827.5862068966    1.0034564E-6           
  420689.6551724138    1.0030449E-6           
  421551.7241379311    1.0026342E-6           
  422413.7931034483    1.0022247E-6           
  423275.86206896557   1.0018162E-6           
  424137.9310344828    1.0014085E-6           
  425000.00000000006   1.0010019E-6           
  425862.0689655173    1.0005964E-6           
  426724.1379310345    1.0001917E-6           
  427586.20689655177   9.9978817E-7           
  428448.275862069     9.9938548E-7           
  429310.34482758626   9.9898376E-7           
  430172.4137931035    9.9858311E-7           
  431034.4827586207    9.981833E-7            
  431896.551724138     9.9778456E-7           
  432758.6206896552    9.9738665E-7           
  433620.68965517246   9.969898E-7            
  434482.7586206897    9.9659387E-7           
  435344.8275862069    9.9619888E-7           
  436206.8965517242    9.9580481E-7           
  437068.9655172414    9.9541165E-7           
  437931.03448275867   9.9501941E-7           
  438793.1034482759    9.9462818E-7           
  439655.17241379316   9.9423786E-7           
  440517.2413793104    9.9384832E-7           
  441379.3103448276    9.9345989E-7           
  442241.37931034487   9.9307223E-7           
  443103.4482758621    9.9268556E-7           
  443965.51724137936   9.9229966E-7           
  444827.5862068966    9.9191484E-7           
  445689.6551724138    9.9153078E-7           
  446551.7241379311    9.9114769E-7           
  447413.7931034483    9.9076544E-7           
  448275.86206896557   9.9038405E-7           
  449137.9310344828    9.900036E-7            
  450000.00000000006   9.89624E-7             
  450862.0689655173    9.8924523E-7           
  451724.1379310345    9.8886739E-7           
  452586.20689655177   9.8849037E-7           
  453448.275862069     9.8811428E-7           
  454310.34482758626   9.87739E-7             
  455172.4137931035    9.8736454E-7           
  456034.4827586207    9.8699098E-7           
  456896.551724138     9.8661822E-7           
  457758.6206896552    9.8624636E-7           
  458620.68965517246   9.8587528E-7           
  459482.7586206897    9.855051E-7            
  460344.82758620696   9.851357E-7            
  461206.8965517242    9.8476718E-7           
  462068.9655172414    9.8439943E-7           
  462931.03448275867   9.8403255E-7           
  463793.1034482759    9.8366643E-7           
  464655.17241379316   9.8330117E-7           
  465517.2413793104    9.8293667E-7           
  466379.3103448276    9.8257311E-7           
  467241.37931034487   9.8221021E-7           
  468103.4482758621    9.8184814E-7           
  468965.51724137936   9.8148691E-7           
  469827.5862068966    9.8112652E-7           
  470689.6551724138    9.8076685E-7           
  471551.7241379311    9.8040801E-7           
  472413.7931034483    9.8004988E-7           
  473275.86206896557   9.7969267E-7           
  474137.9310344828    9.7933608E-7           
  475000.00000000006   9.7898038E-7           
  475862.0689655173    9.7862539E-7           
  476724.1379310345    9.782712E-7            
  477586.20689655177   9.779178E-7            
  478448.275862069     9.7756519E-7           
  479310.34482758626   9.7721327E-7           
  480172.4137931035    9.7686213E-7           
  481034.4827586207    9.7651177E-7           
  481896.551724138     9.7616208E-7           
  482758.6206896552    9.7581326E-7           
  483620.68965517246   9.754651E-7            
  484482.7586206897    9.7511771E-7           
  485344.82758620696   9.7477107E-7           
  486206.8965517242    9.7442518E-7           
  487068.9655172414    9.7407995E-7           
  487931.03448275867   9.7373555E-7           
  488793.1034482759    9.733918E-7            
  489655.17241379316   9.7304889E-7           
  490517.2413793104    9.7270661E-7           
  491379.3103448276    9.7236506E-7           
  492241.37931034487   9.7202424E-7           
  493103.4482758621    9.7168413E-7           
  493965.51724137936   9.7134475E-7           
  494827.5862068966    9.7100608E-7           
  495689.65517241386   9.7066802E-7           
  496551.7241379311    9.7033077E-7           
  497413.7931034483    9.6999422E-7           
  498275.86206896557   9.6965836E-7           
  499137.9310344828    9.6932321E-7           
  500000.00000000006   9.6898874E-7           
  500862.0689655173    9.6865487E-7           
  501724.1379310345    9.6832178E-7           
  502586.20689655177   9.6798937E-7           
  503448.275862069     9.6765764E-7           
  504310.34482758626   9.6732658E-7           
  505172.4137931035    9.6699628E-7           
  506034.4827586207    9.6666656E-7           
  506896.551724138     9.6633751E-7           
  507758.6206896552    9.660092E-7            
  508620.68965517246   9.6568146E-7           
  509482.7586206897    9.6535447E-7           
  510344.82758620696   9.6502813E-7           
  511206.8965517242    9.6470243E-7           
  512068.9655172414    9.6437738E-7           
  512931.03448275867   9.6405306E-7           
  513793.1034482759    9.6372928E-7           
  514655.17241379316   9.6340623E-7           
  515517.2413793104    9.6308381E-7           
  516379.3103448276    9.6276202E-7           
  517241.37931034487   9.6244085E-7           
  518103.4482758621    9.621204E-7            
  518965.51724137936   9.6180056E-7           
  519827.5862068966    9.6148133E-7           
  520689.65517241386   9.6116272E-7           
  521551.7241379311    9.608448E-7            
  522413.7931034483    9.6052749E-7           
  523275.86206896557   9.6021079E-7           
  524137.9310344828    9.5989468E-7           
  525000.0             9.5957925E-7           
  525862.0689655173    9.5926442E-7           
  526724.1379310346    9.5895027E-7           
  527586.2068965518    9.5863662E-7           
  528448.275862069     9.5832364E-7           
  529310.3448275862    9.5801133E-7           
  530172.4137931035    9.5769959E-7           
  531034.4827586208    9.5738844E-7           
  531896.551724138     9.5707785E-7           
  532758.6206896552    9.5676792E-7           
  533620.6896551724    9.5645865E-7           
  534482.7586206897    9.5614985E-7           
  535344.827586207     9.558417E-7            
  536206.8965517242    9.555342E-7            
  537068.9655172414    9.5522725E-7           
  537931.0344827586    9.5492085E-7           
  538793.103448276     9.5461509E-7           
  539655.1724137932    9.5430997E-7           
  540517.2413793104    9.540053E-7            
  541379.3103448276    9.5370134E-7           
  542241.3793103448    9.5339784E-7           
  543103.4482758621    9.5309504E-7           
  543965.5172413794    9.527927E-7            
  544827.5862068966    9.5249105E-7           
  545689.6551724138    9.5218994E-7           
  546551.724137931     9.5188934E-7           
  547413.7931034483    9.5158936E-7           
  548275.8620689656    9.512899E-7            
  549137.9310344828    9.5099104E-7           
  550000.0             9.5069269E-7           
  550862.0689655173    9.5039503E-7           
  551724.1379310346    9.5009779E-7           
  552586.2068965518    9.4980114E-7           
  553448.275862069     9.4950509E-7           
  554310.3448275862    9.4920961E-7           
  555172.4137931035    9.4891464E-7           
  556034.4827586208    9.4862017E-7           
  556896.551724138     9.4832636E-7           
  557758.6206896552    9.4803304E-7           
  558620.6896551724    9.4774021E-7           
  559482.7586206897    9.4744795E-7           
  560344.827586207     9.4715626E-7           
  561206.8965517242    9.4686513E-7           
  562068.9655172414    9.4657449E-7           
  562931.0344827586    9.4628441E-7           
  563793.103448276     9.459948E-7            
  564655.1724137932    9.4570583E-7           
  565517.2413793104    9.4541733E-7           
  566379.3103448276    9.451293E-7            
  567241.3793103448    9.448419E-7            
  568103.4482758621    9.4455496E-7           
  568965.5172413794    9.4426857E-7           
  569827.5862068966    9.4398264E-7           
  570689.6551724138    9.4369732E-7           
  571551.7241379311    9.4341247E-7           
  572413.7931034483    9.4312814E-7           
  573275.8620689656    9.4284427E-7           
  574137.9310344828    9.42561E-7             
  575000.0             9.4227819E-7           
  575862.0689655173    9.419959E-7            
  576724.1379310346    9.4171412E-7           
  577586.2068965518    9.4143287E-7           
  578448.275862069     9.4115206E-7           
  579310.3448275862    9.4087184E-7           
  580172.4137931035    9.4059206E-7           
  581034.4827586208    9.4031279E-7           
  581896.551724138     9.4003402E-7           
  582758.6206896552    9.3975568E-7           
  583620.6896551724    9.3947793E-7           
  584482.7586206897    9.392006E-7            
  585344.827586207     9.3892385E-7           
  586206.8965517242    9.3864751E-7           
  587068.9655172414    9.3837167E-7           
  587931.0344827586    9.3809633E-7           
  588793.103448276     9.3782148E-7           
  589655.1724137932    9.3754711E-7           
  590517.2413793104    9.3727316E-7           
  591379.3103448276    9.3699976E-7           
  592241.3793103448    9.3672685E-7           
  593103.4482758621    9.3645434E-7           
  593965.5172413794    9.3618239E-7           
  594827.5862068966    9.3591084E-7           
  595689.6551724138    9.3563984E-7           
  596551.7241379311    9.3536924E-7           
  597413.7931034483    9.3509918E-7           
  598275.8620689656    9.3482951E-7           
  599137.9310344828    9.3456031E-7           
  600000.0             9.3429165E-7           
  600862.0689655173    9.3402338E-7           
  601724.1379310346    9.3375564E-7           
  602586.2068965518    9.3348829E-7           
  603448.275862069     9.3322146E-7           
  604310.3448275862    9.3295502E-7           
  605172.4137931035    9.3268911E-7           
  606034.4827586208    9.3242356E-7           
  606896.551724138     9.3215855E-7           
  607758.6206896552    9.318939E-7            
  608620.6896551724    9.3162978E-7           
  609482.7586206897    9.313661E-7            
  610344.827586207     9.3110286E-7           
  611206.8965517242    9.3084005E-7           
  612068.9655172414    9.3057769E-7           
  612931.0344827586    9.3031576E-7           
  613793.103448276     9.3005434E-7           
  614655.1724137932    9.2979327E-7           
  615517.2413793104    9.2953272E-7           
  616379.3103448276    9.2927251E-7           
  617241.3793103449    9.290128E-7            
  618103.4482758621    9.2875352E-7           
  618965.5172413794    9.2849467E-7           
  619827.5862068966    9.2823623E-7           
  620689.6551724138    9.2797829E-7           
  621551.7241379311    9.2772076E-7           
  622413.7931034483    9.2746357E-7           
  623275.8620689656    9.2720688E-7           
  624137.9310344828    9.2695059E-7           
  625000.0             9.2669479E-7           
  625862.0689655173    9.2643932E-7           
  626724.1379310346    9.2618433E-7           
  627586.2068965518    9.2592975E-7           
  628448.275862069     9.2567558E-7           
  629310.3448275862    9.254218E-7            
  630172.4137931035    9.251685E-7            
  631034.4827586208    9.2491559E-7           
  631896.551724138     9.2466308E-7           
  632758.6206896552    9.2441097E-7           
  633620.6896551724    9.2415932E-7           
  634482.7586206897    9.2390807E-7           
  635344.827586207     9.236572E-7            
  636206.8965517242    9.2340672E-7           
  637068.9655172414    9.231567E-7            
  637931.0344827586    9.2290707E-7           
  638793.103448276     9.2265782E-7           
  639655.1724137932    9.2240903E-7           
  640517.2413793104    9.2216054E-7           
  641379.3103448276    9.2191257E-7           
  642241.3793103449    9.2166491E-7           
  643103.4482758621    9.214177E-7            
  643965.5172413794    9.2117086E-7           
  644827.5862068966    9.209244E-7            
  645689.6551724138    9.2067837E-7           
  646551.7241379311    9.2043272E-7           
  647413.7931034483    9.2018751E-7           
  648275.8620689656    9.1994266E-7           
  649137.9310344828    9.1969817E-7           
  650000.0             9.1945405E-7           
  650862.0689655173    9.1921036E-7           
  651724.1379310346    9.1896711E-7           
  652586.2068965518    9.1872414E-7           
  653448.275862069     9.1848159E-7           
  654310.3448275862    9.1823948E-7           
  655172.4137931035    9.1799772E-7           
  656034.4827586208    9.1775631E-7           
  656896.551724138     9.1751532E-7           
  657758.6206896552    9.1727468E-7           
  658620.6896551724    9.170344E-7            
  659482.7586206897    9.1679452E-7           
  660344.827586207     9.1655507E-7           
  661206.8965517242    9.1631596E-7           
  662068.9655172414    9.1607719E-7           
  662931.0344827586    9.1583883E-7           
  663793.103448276     9.1560081E-7           
  664655.1724137932    9.153632E-7            
  665517.2413793104    9.1512592E-7           
  666379.3103448276    9.1488899E-7           
  667241.3793103449    9.1465245E-7           
  668103.4482758621    9.1441632E-7           
  668965.5172413794    9.1418052E-7           
  669827.5862068966    9.1394511E-7           
  670689.6551724138    9.1371004E-7           
  671551.7241379311    9.1347529E-7           
  672413.7931034483    9.1324094E-7           
  673275.8620689656    9.1300699E-7           
  674137.9310344828    9.1277335E-7           
  675000.0             9.1254011E-7           
  675862.0689655173    9.1230718E-7           
  676724.1379310346    9.1207465E-7           
  677586.2068965518    9.1184243E-7           
  678448.275862069     9.116106E-7            
  679310.3448275862    9.1137908E-7           
  680172.4137931035    9.1114795E-7           
  681034.4827586208    9.1091719E-7           
  681896.551724138     9.1068675E-7           
  682758.6206896552    9.1045668E-7           
  683620.6896551724    9.1022693E-7           
  684482.7586206897    9.0999755E-7           
  685344.827586207     9.0976847E-7           
  686206.8965517242    9.0953977E-7           
  687068.9655172414    9.0931144E-7           
  687931.0344827587    9.0908342E-7           
  688793.103448276     9.0885576E-7           
  689655.1724137932    9.086284E-7            
  690517.2413793104    9.0840141E-7           
  691379.3103448276    9.0817478E-7           
  692241.3793103449    9.0794845E-7           
  693103.4482758621    9.0772248E-7           
  693965.5172413794    9.0749687E-7           
  694827.5862068966    9.0727156E-7           
  695689.6551724138    9.070466E-7            
  696551.7241379311    9.06822E-7             
  697413.7931034483    9.0659769E-7           
  698275.8620689656    9.0637374E-7           
  699137.9310344828    9.0615007E-7           
  700000.0             9.0592682E-7           
  700862.0689655173    9.0570386E-7           
  701724.1379310346    9.0548117E-7           
  702586.2068965518    9.0525884E-7           
  703448.275862069     9.0503685E-7           
  704310.3448275862    9.0481521E-7           
  705172.4137931035    9.0459392E-7           
  706034.4827586208    9.043729E-7            
  706896.551724138     9.0415222E-7           
  707758.6206896552    9.0393182E-7           
  708620.6896551724    9.0371176E-7           
  709482.7586206897    9.0349204E-7           
  710344.827586207     9.0327266E-7           
  711206.8965517242    9.0305361E-7           
  712068.9655172414    9.0283483E-7           
  712931.0344827587    9.0261639E-7           
  713793.103448276     9.0239827E-7           
  714655.1724137932    9.0218043E-7           
  715517.2413793104    9.0196291E-7           
  716379.3103448276    9.0174573E-7           
  717241.3793103449    9.0152887E-7           
  718103.4482758621    9.0131234E-7           
  718965.5172413794    9.0109607E-7           
  719827.5862068966    9.0088013E-7           
  720689.6551724138    9.0066451E-7           
  721551.7241379311    9.0044921E-7           
  722413.7931034483    9.0023417E-7           
  723275.8620689656    9.0001951E-7           
  724137.9310344828    8.9980511E-7           
  725000.0             8.9959102E-7           
  725862.0689655173    8.9937726E-7           
  726724.1379310346    8.9916374E-7           
  727586.2068965518    8.989506E-7            
  728448.275862069     8.9873772E-7           
  729310.3448275862    8.9852514E-7           
  730172.4137931035    8.9831288E-7           
  731034.4827586208    8.9810093E-7           
  731896.551724138     8.9788928E-7           
  732758.6206896552    8.9767788E-7           
  733620.6896551725    8.9746679E-7           
  734482.7586206897    8.9725607E-7           
  735344.827586207     8.9704559E-7           
  736206.8965517242    8.9683541E-7           
  737068.9655172414    8.9662548E-7           
  737931.0344827587    8.964159E-7            
  738793.103448276     8.9620663E-7           
  739655.1724137932    8.959976E-7            
  740517.2413793104    8.9578893E-7           
  741379.3103448276    8.9558049E-7           
  742241.3793103449    8.9537235E-7           
  743103.4482758621    8.951645E-7            
  743965.5172413794    8.9495695E-7           
  744827.5862068966    8.9474969E-7           
  745689.6551724138    8.9454273E-7           
  746551.7241379311    8.9433606E-7           
  747413.7931034483    8.9412961E-7           
  748275.8620689656    8.9392352E-7           
  749137.9310344828    8.9371772E-7           
  750000.0             8.9351214E-7           
  750862.0689655173    8.9330691E-7           
  751724.1379310346    8.931019E-7            
  752586.2068965518    8.9289718E-7           
  753448.275862069     8.9269281E-7           
  754310.3448275862    8.9248865E-7           
  755172.4137931035    8.9228478E-7           
  756034.4827586208    8.9208119E-7           
  756896.551724138     8.9187794E-7           
  757758.6206896552    8.9167491E-7           
  758620.6896551725    8.9147215E-7           
  759482.7586206897    8.9126967E-7           
  760344.827586207     8.9106747E-7           
  761206.8965517242    8.9086555E-7           
  762068.9655172414    8.9066389E-7           
  762931.0344827587    8.9046258E-7           
  763793.103448276     8.9026147E-7           
  764655.1724137932    8.9006063E-7           
  765517.2413793104    8.8986007E-7           
  766379.3103448276    8.8965978E-7           
  767241.3793103449    8.8945975E-7           
  768103.4482758621    8.8926005E-7           
  768965.5172413794    8.8906056E-7           
  769827.5862068966    8.8886134E-7           
  770689.6551724138    8.8866238E-7           
  771551.7241379311    8.8846374E-7           
  772413.7931034483    8.8826531E-7           
  773275.8620689656    8.880672E-7            
  774137.9310344828    8.8786929E-7           
  775000.0             8.876717E-7            
  775862.0689655173    8.8747438E-7           
  776724.1379310346    8.8727725E-7           
  777586.2068965518    8.8708044E-7           
  778448.275862069     8.8688388E-7           
  779310.3448275862    8.8668759E-7           
  780172.4137931035    8.8649155E-7           
  781034.4827586208    8.8629576E-7           
  781896.551724138     8.8610022E-7           
  782758.6206896552    8.85905E-7             
  783620.6896551725    8.8570998E-7           
  784482.7586206897    8.855152E-7            
  785344.827586207     8.8532073E-7           
  786206.8965517242    8.8512651E-7           
  787068.9655172414    8.8493254E-7           
  787931.0344827587    8.8473882E-7           
  788793.103448276     8.8454535E-7           
  789655.1724137932    8.8435212E-7           
  790517.2413793104    8.8415914E-7           
  791379.3103448276    8.8396646E-7           
  792241.3793103449    8.8377396E-7           
  793103.4482758621    8.8358177E-7           
  793965.5172413794    8.8338982E-7           
  794827.5862068966    8.8319811E-7           
  795689.6551724138    8.8300664E-7           
  796551.7241379311    8.8281541E-7           
  797413.7931034483    8.8262448E-7           
  798275.8620689656    8.8243379E-7           
  799137.9310344828    8.8224327E-7           
  800000.0             8.8205305E-7           
  800862.0689655173    8.8186312E-7           
  801724.1379310346    8.8167338E-7           
  802586.2068965518    8.8148386E-7           
  803448.275862069     8.8129464E-7           
  804310.3448275863    8.8110565E-7           
  805172.4137931035    8.8091689E-7           
  806034.4827586208    8.8072836E-7           
  806896.551724138     8.8054012E-7           
  807758.6206896552    8.8035205E-7           
  808620.6896551725    8.8016427E-7           
  809482.7586206897    8.7997671E-7           
  810344.827586207     8.7978945E-7           
  811206.8965517242    8.7960235E-7           
  812068.9655172414    8.7941553E-7           
  812931.0344827587    8.7922894E-7           
  813793.103448276     8.7904257E-7           
  814655.1724137932    8.7885648E-7           
  815517.2413793104    8.7867056E-7           
  816379.3103448276    8.7848492E-7           
  817241.3793103449    8.782995E-7            
  818103.4482758621    8.7811436E-7           
  818965.5172413794    8.7792938E-7           
  819827.5862068966    8.7774467E-7           
  820689.6551724138    8.7756019E-7           
  821551.7241379311    8.7737598E-7           
  822413.7931034483    8.7719193E-7           
  823275.8620689656    8.7700815E-7           
  824137.9310344828    8.7682459E-7           
  825000.0             8.766413E-7            
  825862.0689655173    8.7645822E-7           
  826724.1379310346    8.7627536E-7           
  827586.2068965518    8.7609271E-7           
  828448.275862069     8.7591033E-7           
  829310.3448275863    8.757281E-7            
  830172.4137931035    8.755462E-7            
  831034.4827586208    8.7536445E-7           
  831896.551724138     8.7518296E-7           
  832758.6206896552    8.7500168E-7           
  833620.6896551725    8.7482062E-7           
  834482.7586206897    8.7463981E-7           
  835344.827586207     8.7445921E-7           
  836206.8965517242    8.7427882E-7           
  837068.9655172414    8.7409869E-7           
  837931.0344827587    8.7391876E-7           
  838793.103448276     8.7373904E-7           
  839655.1724137932    8.7355957E-7           
  840517.2413793104    8.7338031E-7           
  841379.3103448276    8.7320125E-7           
  842241.3793103449    8.7302245E-7           
  843103.4482758621    8.7284379E-7           
  843965.5172413794    8.7266544E-7           
  844827.5862068966    8.7248724E-7           
  845689.6551724138    8.7230929E-7           
  846551.7241379311    8.7213159E-7           
  847413.7931034483    8.7195409E-7           
  848275.8620689656    8.7177679E-7           
  849137.9310344828    8.7159968E-7           
  850000.0000000001    8.7142283E-7           
  850862.0689655173    8.7124617E-7           
  851724.1379310346    8.7106975E-7           
  852586.2068965518    8.7089353E-7           
  853448.275862069     8.7071751E-7           
  854310.3448275863    8.7054173E-7           
  855172.4137931035    8.7036614E-7           
  856034.4827586208    8.7019074E-7           
  856896.551724138     8.7001559E-7           
  857758.6206896552    8.6984063E-7           
  858620.6896551725    8.6966591E-7           
  859482.7586206897    8.6949138E-7           
  860344.827586207     8.6931704E-7           
  861206.8965517242    8.6914293E-7           
  862068.9655172414    8.6896907E-7           
  862931.0344827587    8.6879535E-7           
  863793.103448276     8.6862191E-7           
  864655.1724137932    8.6844861E-7           
  865517.2413793104    8.6827554E-7           
  866379.3103448276    8.6810266E-7           
  867241.3793103449    8.6793001E-7           
  868103.4482758621    8.677576E-7            
  868965.5172413794    8.6758532E-7           
  869827.5862068966    8.6741328E-7           
