# File: out_constant_SFH.ised
# Column            2
# Age(yr)       2.000E+08
# Lambda(A)       Flux   
  9.100000E+01 6.1824E+03
  9.400000E+01 7.1533E+03
  9.600000E+01 7.6627E+03
  9.800000E+01 4.1319E+04
  1.000000E+02 1.2619E+05
  1.020000E+02 1.3555E+05
  1.040000E+02 1.2883E+05
  1.060000E+02 1.3064E+05
  1.080000E+02 1.3473E+05
  1.100000E+02 1.4984E+05
  1.140000E+02 1.5837E+05
  1.180000E+02 1.5062E+05
  1.210000E+02 1.9468E+05
  1.250000E+02 2.0186E+05
  1.270000E+02 2.0733E+05
  1.280000E+02 2.0911E+05
  1.310000E+02 2.0298E+05
  1.320000E+02 2.0857E+05
  1.340000E+02 1.9892E+05
  1.370000E+02 2.2212E+05
  1.400000E+02 2.2305E+05
  1.430000E+02 2.7928E+05
  1.470000E+02 3.4876E+05
  1.500000E+02 2.9723E+05
  1.510000E+02 3.2141E+05
  1.550000E+02 3.5246E+05
  1.590000E+02 3.5364E+05
  1.620000E+02 3.5431E+05
  1.660000E+02 3.5656E+05
  1.700000E+02 3.5636E+05
  1.730000E+02 2.6014E+05
  1.770000E+02 3.5908E+05
  1.800000E+02 3.5957E+05
  1.820000E+02 3.5947E+05
  1.860000E+02 3.6013E+05
  1.910000E+02 3.6044E+05
  1.940000E+02 3.6282E+05
  1.980000E+02 3.6275E+05
  2.000000E+02 3.6253E+05
  2.020000E+02 3.6295E+05
  2.050000E+02 3.6266E+05
  2.100000E+02 3.5560E+05
  2.160000E+02 3.6264E+05
  2.200000E+02 3.6350E+05
  2.230000E+02 3.5909E+05
  2.270000E+02 3.6391E+05
  2.300000E+02 4.5772E+05
  2.340000E+02 6.5207E+05
  2.400000E+02 7.4443E+05
  2.460000E+02 6.7568E+05
  2.520000E+02 7.2653E+05
  2.570000E+02 6.8784E+05
  2.600000E+02 7.1430E+05
  2.640000E+02 9.3560E+05
  2.690000E+02 9.6997E+05
  2.740000E+02 9.9243E+05
  2.790000E+02 8.3999E+05
  2.840000E+02 1.0269E+06
  2.900000E+02 1.0934E+06
  2.960000E+02 9.8731E+05
  3.000000E+02 9.0903E+05
  3.010000E+02 8.8811E+05
  3.080000E+02 9.5614E+05
  3.180000E+02 9.3291E+05
  3.280000E+02 9.6539E+05
  3.380000E+02 9.0166E+05
  3.480000E+02 8.4711E+05
  3.570000E+02 1.1474E+06
  3.660000E+02 1.7560E+06
  3.750000E+02 1.7214E+06
  3.850000E+02 1.3469E+06
  3.950000E+02 1.9959E+06
  4.000000E+02 2.2118E+06
  4.050000E+02 2.4558E+06
  4.140000E+02 2.4182E+06
  4.220000E+02 2.1727E+06
  4.300000E+02 2.0583E+06
  4.410000E+02 2.3831E+06
  4.510000E+02 2.4026E+06
  4.600000E+02 2.0893E+06
  4.700000E+02 2.1040E+06
  4.800000E+02 2.3377E+06
  4.900000E+02 1.9601E+06
  5.000000E+02 2.3913E+06
  5.060000E+02 2.0293E+06
  5.120000E+02 3.0609E+06
  5.200000E+02 2.8780E+06
  5.300000E+02 2.6250E+06
  5.400000E+02 2.1159E+06
  5.500000E+02 2.0068E+06
  5.600000E+02 2.5959E+06
  5.700000E+02 2.8630E+06
  5.800000E+02 2.7638E+06
  5.900000E+02 2.7644E+06
  6.000000E+02 2.2971E+06
  6.100000E+02 2.1595E+06
  6.200000E+02 2.6954E+06
  6.300000E+02 2.4836E+06
  6.400000E+02 2.7091E+06
  6.500000E+02 2.5586E+06
  6.580000E+02 2.3186E+06
  6.650000E+02 2.5871E+06
  6.750000E+02 2.6662E+06
  6.850000E+02 2.2599E+06
  6.950000E+02 2.5635E+06
  7.000000E+02 2.2911E+06
  7.050000E+02 2.0536E+06
  7.160000E+02 2.5506E+06
  7.260000E+02 2.5413E+06
  7.350000E+02 2.5135E+06
  7.450000E+02 2.3908E+06
  7.550000E+02 2.3353E+06
  7.650000E+02 2.0585E+06
  7.750000E+02 2.2672E+06
  7.850000E+02 2.0339E+06
  7.950000E+02 2.1643E+06
  8.000000E+02 2.1785E+06
  8.050000E+02 2.1934E+06
  8.150000E+02 2.1712E+06
  8.250000E+02 2.1697E+06
  8.350000E+02 1.7181E+06
  8.450000E+02 2.0679E+06
  8.550000E+02 2.0008E+06
  8.650000E+02 2.0438E+06
  8.750000E+02 2.0232E+06
  8.850000E+02 1.9954E+06
  8.950000E+02 1.9722E+06
  9.000000E+02 1.9401E+06
  9.050000E+02 1.9087E+06
  9.150000E+02 1.7953E+06
  9.250000E+02 3.8539E+06
  9.350000E+02 5.8932E+06
  9.450000E+02 7.6711E+06
  9.550000E+02 8.7508E+06
  9.650000E+02 9.3192E+06
  9.750000E+02 3.7941E+06
  9.850000E+02 7.2362E+06
  9.950000E+02 6.9370E+06
  1.000000E+03 7.6704E+06
  1.005000E+03 8.5375E+06
  1.015000E+03 8.6806E+06
  1.025000E+03 6.0934E+06
  1.035000E+03 7.5134E+06
  1.045000E+03 1.0059E+07
  1.055000E+03 9.5820E+06
  1.065000E+03 8.0298E+06
  1.075000E+03 8.7301E+06
  1.085000E+03 7.5822E+06
  1.095000E+03 8.7838E+06
  1.100000E+03 8.5392E+06
  1.105000E+03 8.3210E+06
  1.115000E+03 8.0460E+06
  1.125000E+03 7.0372E+06
  1.135000E+03 8.2581E+06
  1.145000E+03 7.7551E+06
  1.155000E+03 7.7242E+06
  1.165000E+03 7.5506E+06
  1.175000E+03 5.1633E+06
  1.185000E+03 7.0933E+06
  1.195000E+03 6.0036E+06
  1.200000E+03 5.5078E+06
  1.205000E+03 5.0999E+06
  1.215000E+03 4.1340E+06
  1.225000E+03 5.7017E+06
  1.235000E+03 6.8272E+06
  1.245000E+03 6.9881E+06
  1.255000E+03 6.7361E+06
  1.265000E+03 6.3815E+06
  1.275000E+03 7.1256E+06
  1.285000E+03 7.1998E+06
  1.295000E+03 6.1341E+06
  1.300000E+03 6.1178E+06
  1.305000E+03 6.1095E+06
  1.315000E+03 6.9208E+06
  1.325000E+03 6.5729E+06
  1.335000E+03 6.0923E+06
  1.345000E+03 6.5805E+06
  1.355000E+03 6.3554E+06
  1.365000E+03 5.8417E+06
  1.375000E+03 5.8211E+06
  1.385000E+03 5.7411E+06
  1.395000E+03 4.4138E+06
  1.400000E+03 4.3499E+06
  1.405000E+03 4.3007E+06
  1.415000E+03 5.2724E+06
  1.425000E+03 5.1274E+06
  1.435000E+03 5.2543E+06
  1.442000E+03 5.3256E+06
  1.447000E+03 5.3162E+06
  1.455000E+03 5.1180E+06
  1.465000E+03 4.8026E+06
  1.475000E+03 4.8131E+06
  1.485000E+03 4.8270E+06
  1.495000E+03 4.7644E+06
  1.500000E+03 4.6290E+06
  1.505000E+03 4.4996E+06
  1.512000E+03 4.1234E+06
  1.517000E+03 4.2714E+06
  1.525000E+03 4.1938E+06
  1.535000E+03 3.6161E+06
  1.545000E+03 3.3686E+06
  1.555000E+03 3.3165E+06
  1.565000E+03 3.6183E+06
  1.575000E+03 3.8150E+06
  1.585000E+03 3.8912E+06
  1.595000E+03 3.8881E+06
  1.600000E+03 3.8350E+06
  1.605000E+03 3.7841E+06
  1.615000E+03 3.7204E+06
  1.625000E+03 3.6221E+06
  1.635000E+03 3.7700E+06
  1.645000E+03 3.7540E+06
  1.655000E+03 3.6295E+06
  1.665000E+03 3.7465E+06
  1.672000E+03 3.4466E+06
  1.677000E+03 3.8303E+06
  1.685000E+03 3.8138E+06
  1.695000E+03 3.6217E+06
  1.700000E+03 3.5626E+06
  1.705000E+03 3.5050E+06
  1.715000E+03 3.2995E+06
  1.725000E+03 3.2358E+06
  1.735000E+03 3.3844E+06
  1.745000E+03 3.3072E+06
  1.755000E+03 3.3800E+06
  1.765000E+03 3.2219E+06
  1.775000E+03 3.1516E+06
  1.785000E+03 3.2030E+06
  1.795000E+03 3.2691E+06
  1.800000E+03 3.2635E+06
  1.805000E+03 3.2582E+06
  1.815000E+03 3.0061E+06
  1.825000E+03 3.0523E+06
  1.835000E+03 2.9637E+06
  1.845000E+03 2.7521E+06
  1.855000E+03 2.7402E+06
  1.865000E+03 2.7732E+06
  1.875000E+03 2.8966E+06
  1.885000E+03 2.6597E+06
  1.895000E+03 2.5351E+06
  1.900000E+03 2.6075E+06
  1.905000E+03 2.6834E+06
  1.915000E+03 2.5498E+06
  1.925000E+03 2.4500E+06
  1.935000E+03 2.5732E+06
  1.945000E+03 2.6087E+06
  1.955000E+03 2.3961E+06
  1.967000E+03 2.5699E+06
  1.976000E+03 2.6333E+06
  1.984000E+03 2.4902E+06
  1.995000E+03 2.4201E+06
  2.000000E+03 2.4535E+06
  2.005000E+03 2.4877E+06
  2.015000E+03 2.4224E+06
  2.025000E+03 2.4963E+06
  2.035000E+03 2.3280E+06
  2.045000E+03 2.3625E+06
  2.055000E+03 2.1242E+06
  2.065000E+03 2.1967E+06
  2.074000E+03 2.3885E+06
  2.078000E+03 2.2309E+06
  2.085000E+03 2.3016E+06
  2.095000E+03 2.1815E+06
  2.100000E+03 2.1967E+06
  2.105000E+03 2.2123E+06
  2.115000E+03 2.2231E+06
  2.125000E+03 2.2240E+06
  2.135000E+03 2.1406E+06
  2.145000E+03 2.1027E+06
  2.155000E+03 2.1613E+06
  2.165000E+03 2.1050E+06
  2.175000E+03 2.0888E+06
  2.185000E+03 2.0243E+06
  2.195000E+03 2.0759E+06
  2.200000E+03 2.0549E+06
  2.205000E+03 2.0342E+06
  2.215000E+03 1.9661E+06
  2.225000E+03 1.9136E+06
  2.235000E+03 1.9439E+06
  2.245000E+03 1.8990E+06
  2.255000E+03 1.8378E+06
  2.265000E+03 1.8613E+06
  2.275000E+03 1.8639E+06
  2.285000E+03 1.8600E+06
  2.295000E+03 1.7537E+06
  2.300000E+03 1.7589E+06
  2.305000E+03 1.7647E+06
  2.315000E+03 1.7077E+06
  2.325000E+03 1.4702E+06
  2.335000E+03 1.6296E+06
  2.345000E+03 1.6144E+06
  2.355000E+03 1.6332E+06
  2.365000E+03 1.5762E+06
  2.375000E+03 1.5658E+06
  2.385000E+03 1.5060E+06
  2.395000E+03 1.5448E+06
  2.400000E+03 1.5217E+06
  2.405000E+03 1.4992E+06
  2.415000E+03 1.5019E+06
  2.425000E+03 1.5180E+06
  2.435000E+03 1.4657E+06
  2.445000E+03 1.4956E+06
  2.455000E+03 1.4722E+06
  2.465000E+03 1.4554E+06
  2.475000E+03 1.4200E+06
  2.485000E+03 1.4253E+06
  2.495000E+03 1.2476E+06
  2.500000E+03 1.3221E+06
  2.505000E+03 1.4033E+06
  2.513000E+03 1.3232E+06
  2.518000E+03 1.3727E+06
  2.525000E+03 1.3399E+06
  2.535000E+03 1.3357E+06
  2.545000E+03 1.3016E+06
  2.555000E+03 1.3253E+06
  2.565000E+03 1.3075E+06
  2.575000E+03 1.3292E+06
  2.585000E+03 1.3129E+06
  2.595000E+03 1.2969E+06
  2.600000E+03 1.2833E+06
  2.605000E+03 1.2700E+06
  2.615000E+03 1.2522E+06
  2.625000E+03 1.2569E+06
  2.635000E+03 1.2529E+06
  2.645000E+03 1.2719E+06
  2.655000E+03 1.2619E+06
  2.665000E+03 1.2072E+06
  2.675000E+03 1.2184E+06
  2.685000E+03 1.2087E+06
  2.695000E+03 1.1745E+06
  2.700000E+03 1.1725E+06
  2.705000E+03 1.1706E+06
  2.715000E+03 1.1480E+06
  2.725000E+03 1.1441E+06
  2.735000E+03 1.1509E+06
  2.745000E+03 1.0955E+06
  2.755000E+03 1.0896E+06
  2.765000E+03 1.0918E+06
  2.775000E+03 1.1078E+06
  2.785000E+03 1.0908E+06
  2.795000E+03 1.0024E+06
  2.800000E+03 1.0165E+06
  2.805000E+03 1.0311E+06
  2.815000E+03 1.0743E+06
  2.825000E+03 1.0662E+06
  2.835000E+03 1.0263E+06
  2.845000E+03 1.0193E+06
  2.855000E+03 1.0103E+06
  2.865000E+03 1.0221E+06
  2.875000E+03 1.0056E+06
  2.885000E+03 1.0013E+06
  2.895000E+03 9.8711E+05
  2.900000E+03 9.8866E+05
  2.910000E+03 9.9240E+05
  2.930000E+03 9.7033E+05
  2.950000E+03 9.4738E+05
  2.970000E+03 9.3622E+05
  2.990000E+03 9.1936E+05
  3.000000E+03 9.1160E+05
  3.010000E+03 9.0406E+05
  3.030000E+03 8.9289E+05
  3.050000E+03 8.7757E+05
  3.070000E+03 8.6225E+05
  3.090000E+03 8.4623E+05
  3.100000E+03 8.3923E+05
  3.110000E+03 8.3241E+05
  3.130000E+03 8.1535E+05
  3.150000E+03 8.0565E+05
  3.170000E+03 7.8846E+05
  3.190000E+03 7.6617E+05
  3.200000E+03 7.6321E+05
  3.210000E+03 7.6037E+05
  3.230000E+03 7.4569E+05
  3.250000E+03 7.3818E+05
  3.270000E+03 7.2679E+05
  3.290000E+03 7.1574E+05
  3.300000E+03 7.1059E+05
  3.310000E+03 7.0553E+05
  3.330000E+03 6.9147E+05
  3.350000E+03 6.7738E+05
  3.370000E+03 6.6530E+05
  3.390000E+03 6.5582E+05
  3.400000E+03 6.5184E+05
  3.410000E+03 6.4794E+05
  3.430000E+03 6.3428E+05
  3.450000E+03 6.2476E+05
  3.470000E+03 6.1649E+05
  3.490000E+03 6.0789E+05
  3.500000E+03 6.0468E+05
  3.510000E+03 6.0153E+05
  3.530000E+03 5.9206E+05
  3.550000E+03 5.8497E+05
  3.570000E+03 5.7161E+05
  3.590000E+03 5.6012E+05
  3.600000E+03 5.5700E+05
  3.610000E+03 5.5416E+05
  3.630000E+03 5.4806E+05
  3.640000E+03 5.4526E+05
  3.650000E+03 5.4584E+05
  3.670000E+03 5.3456E+05
  3.690000E+03 5.0784E+05
  3.700000E+03 5.1493E+05
  3.710000E+03 5.2312E+05
  3.730000E+03 5.1772E+05
  3.750000E+03 5.7868E+05
  3.770000E+03 5.8301E+05
  3.790000E+03 6.3017E+05
  3.800000E+03 6.5098E+05
  3.810000E+03 6.7285E+05
  3.830000E+03 5.7703E+05
  3.850000E+03 6.8312E+05
  3.870000E+03 7.0333E+05
  3.890000E+03 5.3964E+05
  3.900000E+03 6.1188E+05
  3.910000E+03 6.9775E+05
  3.930000E+03 6.6351E+05
  3.950000E+03 6.7025E+05
  3.970000E+03 4.9315E+05
  3.990000E+03 6.5883E+05
  4.000000E+03 6.6715E+05
  4.010000E+03 6.7623E+05
  4.030000E+03 6.5857E+05
  4.050000E+03 6.5981E+05
  4.070000E+03 6.3605E+05
  4.090000E+03 5.8176E+05
  4.100000E+03 5.3946E+05
  4.110000E+03 5.0099E+05
  4.130000E+03 6.0316E+05
  4.150000E+03 6.0891E+05
  4.170000E+03 6.0320E+05
  4.190000E+03 5.9744E+05
  4.200000E+03 5.9483E+05
  4.210000E+03 5.9246E+05
  4.230000E+03 5.8290E+05
  4.250000E+03 5.7532E+05
  4.270000E+03 5.5867E+05
  4.290000E+03 5.5426E+05
  4.300000E+03 5.4298E+05
  4.310000E+03 5.3214E+05
  4.330000E+03 4.8241E+05
  4.350000E+03 4.3740E+05
  4.370000E+03 5.2564E+05
  4.390000E+03 5.1644E+05
  4.400000E+03 5.1664E+05
  4.410000E+03 5.1698E+05
  4.430000E+03 5.1393E+05
  4.450000E+03 5.1104E+05
  4.470000E+03 4.9950E+05
  4.490000E+03 4.9955E+05
  4.500000E+03 5.0214E+05
  4.510000E+03 5.0510E+05
  4.530000E+03 4.8932E+05
  4.550000E+03 4.8274E+05
  4.570000E+03 4.8648E+05
  4.590000E+03 4.7471E+05
  4.600000E+03 4.7361E+05
  4.610000E+03 4.7257E+05
  4.630000E+03 4.6156E+05
  4.650000E+03 4.5735E+05
  4.670000E+03 4.5648E+05
  4.690000E+03 4.4897E+05
  4.700000E+03 4.4273E+05
  4.710000E+03 4.3662E+05
  4.730000E+03 4.4080E+05
  4.750000E+03 4.3888E+05
  4.770000E+03 4.3629E+05
  4.790000E+03 4.2929E+05
  4.800000E+03 4.2511E+05
  4.810000E+03 4.2098E+05
  4.830000E+03 4.1506E+05
  4.850000E+03 3.7373E+05
  4.870000E+03 3.2846E+05
  4.890000E+03 3.9744E+05
  4.900000E+03 3.9785E+05
  4.910000E+03 3.9831E+05
  4.930000E+03 3.8943E+05
  4.950000E+03 3.9382E+05
  4.970000E+03 3.8814E+05
  4.990000E+03 3.7742E+05
  5.000000E+03 3.7055E+05
  5.010000E+03 3.6383E+05
  5.030000E+03 3.6907E+05
  5.050000E+03 3.6289E+05
  5.070000E+03 3.6717E+05
  5.090000E+03 3.5835E+05
  5.100000E+03 3.5723E+05
  5.110000E+03 3.5618E+05
  5.130000E+03 3.4879E+05
  5.150000E+03 3.4215E+05
  5.170000E+03 3.3416E+05
  5.190000E+03 3.3352E+05
  5.200000E+03 3.3295E+05
  5.210000E+03 3.3248E+05
  5.230000E+03 3.3296E+05
  5.250000E+03 3.3371E+05
  5.270000E+03 3.2108E+05
  5.290000E+03 3.2951E+05
  5.300000E+03 3.2941E+05
  5.310000E+03 3.2944E+05
  5.330000E+03 3.1790E+05
  5.350000E+03 3.2241E+05
  5.370000E+03 3.1997E+05
  5.390000E+03 3.1386E+05
  5.400000E+03 3.1166E+05
  5.410000E+03 3.0949E+05
  5.430000E+03 3.0774E+05
  5.450000E+03 3.0830E+05
  5.470000E+03 3.0164E+05
  5.490000E+03 2.9920E+05
  5.500000E+03 2.9773E+05
  5.510000E+03 2.9627E+05
  5.530000E+03 2.9647E+05
  5.550000E+03 2.9581E+05
  5.570000E+03 2.9225E+05
  5.590000E+03 2.8690E+05
  5.600000E+03 2.8737E+05
  5.610000E+03 2.8794E+05
  5.630000E+03 2.8337E+05
  5.650000E+03 2.8144E+05
  5.670000E+03 2.7741E+05
  5.690000E+03 2.7868E+05
  5.700000E+03 2.7631E+05
  5.710000E+03 2.7400E+05
  5.730000E+03 2.7956E+05
  5.750000E+03 2.7245E+05
  5.770000E+03 2.7235E+05
  5.790000E+03 2.6619E+05
  5.800000E+03 2.6728E+05
  5.810000E+03 2.6848E+05
  5.830000E+03 2.6934E+05
  5.850000E+03 2.6403E+05
  5.870000E+03 2.5922E+05
  5.890000E+03 2.5063E+05
  5.900000E+03 2.5321E+05
  5.910000E+03 2.5609E+05
  5.930000E+03 2.5477E+05
  5.950000E+03 2.5221E+05
  5.970000E+03 2.5305E+05
  5.990000E+03 2.4867E+05
  6.000000E+03 2.4758E+05
  6.010000E+03 2.4652E+05
  6.030000E+03 2.4771E+05
  6.050000E+03 2.4765E+05
  6.070000E+03 2.4640E+05
  6.090000E+03 2.4064E+05
  6.100000E+03 2.4008E+05
  6.110000E+03 2.3954E+05
  6.130000E+03 2.3287E+05
  6.150000E+03 2.3177E+05
  6.170000E+03 2.2739E+05
  6.190000E+03 2.2980E+05
  6.200000E+03 2.2844E+05
  6.210000E+03 2.2710E+05
  6.230000E+03 2.2192E+05
  6.250000E+03 2.1666E+05
  6.270000E+03 2.2110E+05
  6.290000E+03 2.2223E+05
  6.300000E+03 2.2027E+05
  6.310000E+03 2.1837E+05
  6.330000E+03 2.1937E+05
  6.350000E+03 2.1671E+05
  6.370000E+03 2.1540E+05
  6.390000E+03 2.1681E+05
  6.400000E+03 2.1553E+05
  6.410000E+03 2.1425E+05
  6.430000E+03 2.1389E+05
  6.450000E+03 2.1238E+05
  6.470000E+03 2.1153E+05
  6.490000E+03 2.0729E+05
  6.500000E+03 2.0801E+05
  6.510000E+03 2.0877E+05
  6.530000E+03 2.0620E+05
  6.550000E+03 1.9667E+05
  6.570000E+03 1.7728E+05
  6.590000E+03 2.0055E+05
  6.600000E+03 2.0163E+05
  6.610000E+03 2.0274E+05
  6.630000E+03 2.0102E+05
  6.650000E+03 1.9934E+05
  6.670000E+03 1.9538E+05
  6.690000E+03 1.9627E+05
  6.700000E+03 1.9405E+05
  6.710000E+03 1.9188E+05
  6.730000E+03 1.9330E+05
  6.750000E+03 1.9044E+05
  6.770000E+03 1.9044E+05
  6.790000E+03 1.8812E+05
  6.800000E+03 1.8810E+05
  6.810000E+03 1.8809E+05
  6.830000E+03 1.8816E+05
  6.850000E+03 1.8526E+05
  6.870000E+03 1.8611E+05
  6.890000E+03 1.8711E+05
  6.900000E+03 1.8648E+05
  6.910000E+03 1.8587E+05
  6.930000E+03 1.8378E+05
  6.950000E+03 1.8176E+05
  6.970000E+03 1.8223E+05
  6.990000E+03 1.8077E+05
  7.000000E+03 1.7935E+05
  7.010000E+03 1.7801E+05
  7.030000E+03 1.7855E+05
  7.050000E+03 1.7748E+05
  7.070000E+03 1.7265E+05
  7.090000E+03 1.6976E+05
  7.100000E+03 1.6748E+05
  7.110000E+03 1.6531E+05
  7.130000E+03 1.6264E+05
  7.150000E+03 1.6275E+05
  7.170000E+03 1.6312E+05
  7.190000E+03 1.6112E+05
  7.200000E+03 1.6231E+05
  7.210000E+03 1.6356E+05
  7.230000E+03 1.6427E+05
  7.250000E+03 1.6473E+05
  7.270000E+03 1.6421E+05
  7.290000E+03 1.6197E+05
  7.300000E+03 1.6295E+05
  7.310000E+03 1.6401E+05
  7.330000E+03 1.6367E+05
  7.350000E+03 1.6362E+05
  7.370000E+03 1.6544E+05
  7.390000E+03 1.6280E+05
  7.400000E+03 1.6235E+05
  7.410000E+03 1.6190E+05
  7.430000E+03 1.6234E+05
  7.450000E+03 1.6203E+05
  7.470000E+03 1.6158E+05
  7.490000E+03 1.6043E+05
  7.500000E+03 1.6074E+05
  7.510000E+03 1.6107E+05
  7.530000E+03 1.6169E+05
  7.550000E+03 1.6158E+05
  7.570000E+03 1.6022E+05
  7.590000E+03 1.5821E+05
  7.600000E+03 1.5749E+05
  7.610000E+03 1.5678E+05
  7.630000E+03 1.5560E+05
  7.650000E+03 1.5413E+05
  7.670000E+03 1.5021E+05
  7.690000E+03 1.5177E+05
  7.700000E+03 1.5062E+05
  7.710000E+03 1.4952E+05
  7.730000E+03 1.4904E+05
  7.750000E+03 1.4804E+05
  7.770000E+03 1.4810E+05
  7.790000E+03 1.4873E+05
  7.800000E+03 1.4844E+05
  7.810000E+03 1.4815E+05
  7.830000E+03 1.4736E+05
  7.850000E+03 1.4530E+05
  7.870000E+03 1.4517E+05
  7.890000E+03 1.4160E+05
  7.900000E+03 1.4043E+05
  7.910000E+03 1.3928E+05
  7.930000E+03 1.3948E+05
  7.950000E+03 1.3788E+05
  7.970000E+03 1.4043E+05
  7.990000E+03 1.3971E+05
  8.000000E+03 1.3998E+05
  8.010000E+03 1.4025E+05
  8.030000E+03 1.3979E+05
  8.050000E+03 1.3878E+05
  8.070000E+03 1.3780E+05
  8.090000E+03 1.3541E+05
  8.100000E+03 1.3507E+05
  8.110000E+03 1.3469E+05
  8.130000E+03 1.3603E+05
  8.150000E+03 1.3575E+05
  8.170000E+03 1.3583E+05
  8.190000E+03 1.3390E+05
  8.200000E+03 1.3330E+05
  8.210000E+03 1.3275E+05
  8.230000E+03 1.3319E+05
  8.250000E+03 1.3322E+05
  8.270000E+03 1.3363E+05
  8.290000E+03 1.3234E+05
  8.300000E+03 1.3053E+05
  8.310000E+03 1.2878E+05
  8.330000E+03 1.2863E+05
  8.350000E+03 1.2802E+05
  8.370000E+03 1.2822E+05
  8.390000E+03 1.2594E+05
  8.400000E+03 1.2688E+05
  8.410000E+03 1.2785E+05
  8.430000E+03 1.2531E+05
  8.450000E+03 1.2460E+05
  8.470000E+03 1.2352E+05
  8.490000E+03 1.2550E+05
  8.500000E+03 1.2233E+05
  8.510000E+03 1.1929E+05
  8.530000E+03 1.2501E+05
  8.550000E+03 1.1486E+05
  8.570000E+03 1.2731E+05
  8.590000E+03 1.2238E+05
  8.600000E+03 1.2225E+05
  8.610000E+03 1.2214E+05
  8.630000E+03 1.2766E+05
  8.650000E+03 1.2525E+05
  8.670000E+03 1.1240E+05
  8.690000E+03 1.2352E+05
  8.700000E+03 1.2514E+05
  8.710000E+03 1.2678E+05
  8.730000E+03 1.2515E+05
  8.750000E+03 1.1682E+05
  8.770000E+03 1.2368E+05
  8.790000E+03 1.2600E+05
  8.800000E+03 1.2506E+05
  8.810000E+03 1.2412E+05
  8.830000E+03 1.2413E+05
  8.850000E+03 1.2110E+05
  8.870000E+03 1.1409E+05
  8.890000E+03 1.2207E+05
  8.900000E+03 1.2305E+05
  8.910000E+03 1.2400E+05
  8.930000E+03 1.2188E+05
  8.950000E+03 1.2183E+05
  8.970000E+03 1.2140E+05
  8.990000E+03 1.1978E+05
  9.000000E+03 1.1537E+05
  9.010000E+03 1.1128E+05
  9.030000E+03 1.1593E+05
  9.050000E+03 1.2144E+05
  9.070000E+03 1.2028E+05
  9.090000E+03 1.1737E+05
  9.100000E+03 1.1762E+05
  9.110000E+03 1.1785E+05
  9.130000E+03 1.1923E+05
  9.150000E+03 1.1817E+05
  9.170000E+03 1.1683E+05
  9.190000E+03 1.1627E+05
  9.200000E+03 1.1377E+05
  9.210000E+03 1.1133E+05
  9.230000E+03 1.0464E+05
  9.250000E+03 1.0951E+05
  9.270000E+03 1.1184E+05
  9.290000E+03 1.1232E+05
  9.300000E+03 1.1254E+05
  9.310000E+03 1.1278E+05
  9.330000E+03 1.1210E+05
  9.350000E+03 1.1183E+05
  9.370000E+03 1.1035E+05
  9.390000E+03 1.1083E+05
  9.400000E+03 1.0956E+05
  9.410000E+03 1.0826E+05
  9.430000E+03 1.1029E+05
  9.450000E+03 1.0840E+05
  9.470000E+03 1.0946E+05
  9.490000E+03 1.0917E+05
  9.500000E+03 1.0831E+05
  9.510000E+03 1.0739E+05
  9.530000E+03 1.0579E+05
  9.550000E+03 9.9140E+04
  9.570000E+03 1.0462E+05
  9.590000E+03 1.0725E+05
  9.600000E+03 1.0671E+05
  9.610000E+03 1.0613E+05
  9.630000E+03 1.0591E+05
  9.650000E+03 1.0500E+05
  9.670000E+03 1.0439E+05
  9.690000E+03 1.0526E+05
  9.700000E+03 1.0485E+05
  9.710000E+03 1.0447E+05
  9.730000E+03 1.0388E+05
  9.750000E+03 1.0306E+05
  9.770000E+03 1.0309E+05
  9.790000E+03 1.0175E+05
  9.800000E+03 1.0250E+05
  9.810000E+03 1.0328E+05
  9.830000E+03 1.0238E+05
  9.850000E+03 1.0263E+05
  9.870000E+03 1.0182E+05
  9.890000E+03 1.0137E+05
  9.900000E+03 1.0115E+05
  9.910000E+03 1.0089E+05
  9.930000E+03 1.0099E+05
  9.950000E+03 1.0071E+05
  9.970000E+03 1.0049E+05
  9.990000E+03 9.9780E+04
  1.000000E+04 9.9024E+04
  1.002500E+04 9.7265E+04
  1.007500E+04 9.4995E+04
  1.010000E+04 9.6026E+04
  1.012500E+04 9.7084E+04
  1.017500E+04 9.5953E+04
  1.020000E+04 9.5750E+04
  1.022500E+04 9.5568E+04
  1.027500E+04 9.5122E+04
  1.030000E+04 9.4307E+04
  1.032500E+04 9.3484E+04
  1.037500E+04 9.2450E+04
  1.040000E+04 9.2226E+04
  1.042500E+04 9.2054E+04
  1.047500E+04 9.0805E+04
  1.050000E+04 9.0512E+04
  1.052500E+04 9.0181E+04
  1.057500E+04 8.8941E+04
  1.060000E+04 8.8581E+04
  1.062500E+04 8.8129E+04
  1.067500E+04 8.6373E+04
  1.070000E+04 8.6242E+04
  1.072500E+04 8.6017E+04
  1.077500E+04 8.5087E+04
  1.080000E+04 8.4159E+04
  1.082500E+04 8.3312E+04
  1.087500E+04 8.1937E+04
  1.090000E+04 8.0283E+04
  1.092500E+04 7.8685E+04
  1.097500E+04 7.8419E+04
  1.100000E+04 7.8274E+04
  1.102500E+04 7.8245E+04
  1.107500E+04 7.7350E+04
  1.110000E+04 7.7123E+04
  1.112500E+04 7.6857E+04
  1.117500E+04 7.6212E+04
  1.120000E+04 7.5985E+04
  1.122500E+04 7.5787E+04
  1.127500E+04 7.4750E+04
  1.130000E+04 7.4510E+04
  1.132500E+04 7.4283E+04
  1.137500E+04 7.3764E+04
  1.140000E+04 7.3456E+04
  1.142500E+04 7.3038E+04
  1.147500E+04 7.3341E+04
  1.150000E+04 7.3167E+04
  1.152500E+04 7.2942E+04
  1.157500E+04 7.2034E+04
  1.160000E+04 7.1587E+04
  1.162500E+04 7.1087E+04
  1.167500E+04 7.0675E+04
  1.170000E+04 7.0716E+04
  1.172500E+04 7.0779E+04
  1.177500E+04 6.9716E+04
  1.180000E+04 6.9396E+04
  1.182500E+04 6.9090E+04
  1.187500E+04 6.8001E+04
  1.190000E+04 6.8297E+04
  1.192500E+04 6.8511E+04
  1.197500E+04 6.6561E+04
  1.200000E+04 6.6903E+04
  1.202500E+04 6.7203E+04
  1.207500E+04 6.6299E+04
  1.210000E+04 6.6092E+04
  1.212500E+04 6.6005E+04
  1.217500E+04 6.5857E+04
  1.220000E+04 6.5572E+04
  1.222500E+04 6.5234E+04
  1.227500E+04 6.4651E+04
  1.230000E+04 6.4355E+04
  1.232500E+04 6.3978E+04
  1.237500E+04 6.3637E+04
  1.240000E+04 6.3316E+04
  1.242500E+04 6.2947E+04
  1.247500E+04 6.2530E+04
  1.250000E+04 6.2168E+04
  1.252500E+04 6.1772E+04
  1.257500E+04 6.1397E+04
  1.260000E+04 6.1256E+04
  1.262500E+04 6.1025E+04
  1.267500E+04 6.0250E+04
  1.270000E+04 6.0188E+04
  1.272500E+04 6.0079E+04
  1.277500E+04 5.9608E+04
  1.280000E+04 5.8207E+04
  1.282500E+04 5.6811E+04
  1.287500E+04 5.8340E+04
  1.290000E+04 5.8096E+04
  1.292500E+04 5.7805E+04
  1.297500E+04 5.7980E+04
  1.300000E+04 5.7598E+04
  1.302500E+04 5.7220E+04
  1.307500E+04 5.7220E+04
  1.310000E+04 5.6742E+04
  1.312500E+04 5.6321E+04
  1.317500E+04 5.5984E+04
  1.320000E+04 5.5912E+04
  1.322500E+04 5.5777E+04
  1.327500E+04 5.4911E+04
  1.330000E+04 5.4951E+04
  1.332500E+04 5.4998E+04
  1.337500E+04 5.4340E+04
  1.340000E+04 5.4418E+04
  1.342500E+04 5.4435E+04
  1.347500E+04 5.3964E+04
  1.350000E+04 5.3806E+04
  1.352500E+04 5.3654E+04
  1.357500E+04 5.2750E+04
  1.360000E+04 5.2650E+04
  1.362500E+04 5.2446E+04
  1.367500E+04 5.2378E+04
  1.370000E+04 5.2286E+04
  1.372500E+04 5.2166E+04
  1.377500E+04 5.1868E+04
  1.380000E+04 5.1783E+04
  1.382500E+04 5.1676E+04
  1.387500E+04 5.1083E+04
  1.390000E+04 5.0678E+04
  1.392500E+04 5.0295E+04
  1.397500E+04 5.0017E+04
  1.400000E+04 4.9630E+04
  1.402500E+04 4.9226E+04
  1.407500E+04 4.8989E+04
  1.410000E+04 4.8495E+04
  1.412500E+04 4.8022E+04
  1.417500E+04 4.7926E+04
  1.420000E+04 4.7573E+04
  1.422500E+04 4.7284E+04
  1.427500E+04 4.6733E+04
  1.430000E+04 4.6886E+04
  1.432500E+04 4.7132E+04
  1.437500E+04 4.7160E+04
  1.440000E+04 4.6605E+04
  1.442500E+04 4.5964E+04
  1.447500E+04 4.6503E+04
  1.450000E+04 4.6194E+04
  1.452500E+04 4.5870E+04
  1.457000E+04 4.6047E+04
  1.460000E+04 4.5732E+04
  1.462000E+04 4.5484E+04
  1.467500E+04 4.5260E+04
  1.470000E+04 4.4878E+04
  1.472500E+04 4.4611E+04
  1.477500E+04 4.4687E+04
  1.480000E+04 4.4636E+04
  1.482500E+04 4.4653E+04
  1.487500E+04 4.4374E+04
  1.490000E+04 4.4603E+04
  1.492500E+04 4.4936E+04
  1.497500E+04 4.4419E+04
  1.500000E+04 4.4309E+04
  1.502500E+04 4.4142E+04
  1.507500E+04 4.3804E+04
  1.510000E+04 4.3948E+04
  1.512500E+04 4.4044E+04
  1.517500E+04 4.4130E+04
  1.520000E+04 4.4107E+04
  1.522500E+04 4.3943E+04
  1.527500E+04 4.3985E+04
  1.530000E+04 4.3778E+04
  1.532500E+04 4.3603E+04
  1.537500E+04 4.3743E+04
  1.540000E+04 4.3648E+04
  1.542500E+04 4.3503E+04
  1.547500E+04 4.3509E+04
  1.550000E+04 4.3258E+04
  1.552500E+04 4.2990E+04
  1.557500E+04 4.1259E+04
  1.560000E+04 4.1577E+04
  1.562500E+04 4.1851E+04
  1.567500E+04 4.1584E+04
  1.570000E+04 4.1850E+04
  1.572500E+04 4.2126E+04
  1.577500E+04 3.9785E+04
  1.580000E+04 3.9627E+04
  1.582500E+04 3.9578E+04
  1.587500E+04 3.9197E+04
  1.590000E+04 3.9880E+04
  1.592500E+04 4.0482E+04
  1.597500E+04 3.9491E+04
  1.600000E+04 3.9559E+04
  1.605000E+04 3.9749E+04
  1.610000E+04 3.9816E+04
  1.615000E+04 3.9951E+04
  1.620000E+04 3.9498E+04
  1.625000E+04 3.9014E+04
  1.630000E+04 3.9398E+04
  1.635000E+04 3.9714E+04
  1.640000E+04 3.8889E+04
  1.645000E+04 3.8076E+04
  1.650000E+04 3.8350E+04
  1.655000E+04 3.8646E+04
  1.660000E+04 3.8282E+04
  1.665000E+04 3.7774E+04
  1.670000E+04 3.7699E+04
  1.675000E+04 3.7547E+04
  1.680000E+04 3.6922E+04
  1.685000E+04 3.6471E+04
  1.690000E+04 3.6601E+04
  1.695000E+04 3.6681E+04
  1.700000E+04 3.6329E+04
  1.705000E+04 3.5926E+04
  1.710000E+04 3.5770E+04
  1.715000E+04 3.5560E+04
  1.720000E+04 3.5139E+04
  1.725000E+04 3.4743E+04
  1.730000E+04 3.4238E+04
  1.735000E+04 3.3752E+04
  1.740000E+04 3.3702E+04
  1.745000E+04 3.3647E+04
  1.750000E+04 3.3349E+04
  1.755000E+04 3.3218E+04
  1.760000E+04 3.2955E+04
  1.765000E+04 3.2628E+04
  1.770000E+04 3.2218E+04
  1.775000E+04 3.1941E+04
  1.780000E+04 3.1805E+04
  1.785000E+04 3.1725E+04
  1.790000E+04 3.1207E+04
  1.795000E+04 3.0889E+04
  1.800000E+04 3.0738E+04
  1.805000E+04 3.0297E+04
  1.810000E+04 3.0044E+04
  1.815000E+04 2.9679E+04
  1.820000E+04 2.9494E+04
  1.825000E+04 2.9181E+04
  1.830000E+04 2.8949E+04
  1.835000E+04 2.8691E+04
  1.840000E+04 2.8369E+04
  1.845000E+04 2.8255E+04
  1.850000E+04 2.8188E+04
  1.855000E+04 2.7898E+04
  1.860000E+04 2.7512E+04
  1.865000E+04 2.7113E+04
  1.870000E+04 2.6908E+04
  1.875000E+04 2.6397E+04
  1.880000E+04 2.6374E+04
  1.885000E+04 2.6340E+04
  1.890000E+04 2.5844E+04
  1.895000E+04 2.5492E+04
  1.900000E+04 2.5652E+04
  1.905000E+04 2.5780E+04
  1.910000E+04 2.5450E+04
  1.915000E+04 2.5152E+04
  1.920000E+04 2.4987E+04
  1.925000E+04 2.4868E+04
  1.930000E+04 2.4611E+04
  1.935000E+04 2.4293E+04
  1.940000E+04 2.3829E+04
  1.945000E+04 2.3468E+04
  1.950000E+04 2.3506E+04
  1.955000E+04 2.3536E+04
  1.960000E+04 2.3358E+04
  1.965000E+04 2.3089E+04
  1.970000E+04 2.2903E+04
  1.975000E+04 2.2599E+04
  1.980000E+04 2.2366E+04
  1.985000E+04 2.2209E+04
  1.990000E+04 2.2133E+04
  1.995000E+04 2.1992E+04
  2.000000E+04 2.1808E+04
  2.005000E+04 2.1766E+04
  2.010000E+04 2.1675E+04
  2.015000E+04 2.1546E+04
  2.020000E+04 2.1245E+04
  2.025000E+04 2.0924E+04
  2.030000E+04 2.0714E+04
  2.035000E+04 2.0552E+04
  2.040000E+04 2.0426E+04
  2.045000E+04 2.0389E+04
  2.050000E+04 2.0205E+04
  2.055000E+04 2.0001E+04
  2.060000E+04 1.9793E+04
  2.065000E+04 1.9627E+04
  2.070000E+04 1.9502E+04
  2.075000E+04 1.9352E+04
  2.080000E+04 1.9233E+04
  2.085000E+04 1.9185E+04
  2.090000E+04 1.9000E+04
  2.095000E+04 1.8737E+04
  2.100000E+04 1.8660E+04
  2.105000E+04 1.8624E+04
  2.110000E+04 1.8461E+04
  2.115000E+04 1.8241E+04
  2.120000E+04 1.8075E+04
  2.125000E+04 1.7998E+04
  2.130000E+04 1.7899E+04
  2.135000E+04 1.7820E+04
  2.140000E+04 1.7675E+04
  2.145000E+04 1.7484E+04
  2.150000E+04 1.7371E+04
  2.155000E+04 1.7229E+04
  2.160000E+04 1.6993E+04
  2.165000E+04 1.6782E+04
  2.170000E+04 1.6679E+04
  2.175000E+04 1.6587E+04
  2.180000E+04 1.6508E+04
  2.185000E+04 1.6395E+04
  2.190000E+04 1.6271E+04
  2.195000E+04 1.6158E+04
  2.200000E+04 1.5955E+04
  2.205000E+04 1.5770E+04
  2.210000E+04 1.5721E+04
  2.215000E+04 1.5688E+04
  2.220000E+04 1.5539E+04
  2.225000E+04 1.5392E+04
  2.230000E+04 1.5316E+04
  2.235000E+04 1.5194E+04
  2.240000E+04 1.5097E+04
  2.245000E+04 1.5029E+04
  2.250000E+04 1.4901E+04
  2.255000E+04 1.4763E+04
  2.260000E+04 1.4600E+04
  2.265000E+04 1.4491E+04
  2.270000E+04 1.4474E+04
  2.275000E+04 1.4413E+04
  2.280000E+04 1.4249E+04
  2.285000E+04 1.4113E+04
  2.290000E+04 1.3041E+04
  2.295000E+04 1.2078E+04
  2.300000E+04 1.2489E+04
  2.305000E+04 1.2903E+04
  2.310000E+04 1.2920E+04
  2.315000E+04 1.2853E+04
  2.320000E+04 1.1855E+04
  2.325000E+04 1.1073E+04
  2.330000E+04 1.1585E+04
  2.335000E+04 1.1985E+04
  2.340000E+04 1.1636E+04
  2.345000E+04 1.1359E+04
  2.350000E+04 1.0745E+04
  2.355000E+04 1.0215E+04
  2.360000E+04 1.0596E+04
  2.365000E+04 1.1044E+04
  2.370000E+04 1.0823E+04
  2.375000E+04 1.0567E+04
  2.380000E+04 1.0103E+04
  2.385000E+04 9.6623E+03
  2.390000E+04 1.0051E+04
  2.395000E+04 1.0394E+04
  2.400000E+04 1.0244E+04
  2.405000E+04 1.0101E+04
  2.410000E+04 9.6761E+03
  2.415000E+04 9.2806E+03
  2.420000E+04 9.4815E+03
  2.425000E+04 9.7172E+03
  2.430000E+04 9.5852E+03
  2.435000E+04 9.4498E+03
  2.440000E+04 9.2813E+03
  2.445000E+04 9.0815E+03
  2.450000E+04 9.0766E+03
  2.455000E+04 9.0825E+03
  2.460000E+04 9.1058E+03
  2.465000E+04 9.1290E+03
  2.470000E+04 9.0039E+03
  2.475000E+04 8.8780E+03
  2.480000E+04 8.4657E+03
  2.485000E+04 8.0970E+03
  2.490000E+04 8.0856E+03
  2.495000E+04 8.0783E+03
  2.500000E+04 8.1795E+03
  2.505000E+04 8.2880E+03
  2.510000E+04 8.0954E+03
  2.515000E+04 7.9229E+03
  2.520000E+04 8.0429E+03
  2.525000E+04 8.1713E+03
  2.530000E+04 8.1983E+03
  2.535000E+04 8.2219E+03
  2.540000E+04 8.1987E+03
  2.545000E+04 8.1862E+03
  2.550000E+04 8.1808E+03
  2.555000E+04 8.1702E+03
  2.560000E+04 8.1795E+03
  2.565000E+04 8.1908E+03
  2.570000E+04 8.2228E+03
  2.575000E+04 8.2596E+03
  2.580000E+04 8.1244E+03
  2.585000E+04 7.9893E+03
  2.590000E+04 7.9928E+03
  2.595000E+04 8.0118E+03
  2.600000E+04 8.0318E+03
  2.605000E+04 8.0463E+03
  2.610000E+04 7.9594E+03
  2.615000E+04 7.8530E+03
  2.620000E+04 7.7953E+03
  2.625000E+04 7.7470E+03
  2.630000E+04 7.7902E+03
  2.635000E+04 7.8097E+03
  2.640000E+04 7.7662E+03
  2.645000E+04 7.7168E+03
  2.650000E+04 7.6646E+03
  2.655000E+04 7.6215E+03
  2.660000E+04 7.5904E+03
  2.665000E+04 7.5240E+03
  2.670000E+04 7.5324E+03
  2.675000E+04 7.5299E+03
  2.680000E+04 7.4804E+03
  2.685000E+04 7.4320E+03
  2.690000E+04 7.3483E+03
  2.695000E+04 7.2864E+03
  2.700000E+04 7.3107E+03
  2.705000E+04 7.3039E+03
  2.710000E+04 7.2407E+03
  2.715000E+04 7.2108E+03
  2.720000E+04 7.2337E+03
  2.725000E+04 7.2272E+03
  2.730000E+04 7.1406E+03
  2.735000E+04 7.0405E+03
  2.740000E+04 7.0683E+03
  2.745000E+04 7.0798E+03
  2.750000E+04 7.0241E+03
  2.755000E+04 6.9605E+03
  2.760000E+04 6.8975E+03
  2.765000E+04 6.8573E+03
  2.770000E+04 6.8051E+03
  2.775000E+04 6.7567E+03
  2.780000E+04 6.7600E+03
  2.785000E+04 6.7638E+03
  2.790000E+04 6.7340E+03
  2.795000E+04 6.7341E+03
  2.800000E+04 6.6686E+03
  2.805000E+04 6.6298E+03
  2.810000E+04 6.5461E+03
  2.815000E+04 6.5040E+03
  2.820000E+04 6.4886E+03
  2.825000E+04 6.4755E+03
  2.830000E+04 6.4523E+03
  2.835000E+04 6.3925E+03
  2.840000E+04 6.3122E+03
  2.845000E+04 6.2399E+03
  2.850000E+04 6.2267E+03
  2.855000E+04 6.2291E+03
  2.860000E+04 6.2116E+03
  2.865000E+04 6.1771E+03
  2.870000E+04 6.1027E+03
  2.875000E+04 6.0626E+03
  2.880000E+04 6.0509E+03
  2.885000E+04 6.0133E+03
  2.890000E+04 5.9670E+03
  2.895000E+04 5.9179E+03
  2.900000E+04 5.9162E+03
  2.905000E+04 5.8886E+03
  2.910000E+04 5.8491E+03
  2.915000E+04 5.8014E+03
  2.920000E+04 5.7343E+03
  2.925000E+04 5.6735E+03
  2.930000E+04 5.6721E+03
  2.935000E+04 5.6436E+03
  2.940000E+04 5.5972E+03
  2.945000E+04 5.5446E+03
  2.950000E+04 5.5044E+03
  2.955000E+04 5.4716E+03
  2.960000E+04 5.4460E+03
  2.965000E+04 5.4197E+03
  2.970000E+04 5.3874E+03
  2.975000E+04 5.3533E+03
  2.980000E+04 5.3158E+03
  2.985000E+04 5.2745E+03
  2.990000E+04 5.2422E+03
  2.995000E+04 5.2138E+03
  3.000000E+04 5.1835E+03
  3.005000E+04 5.1528E+03
  3.010000E+04 5.1300E+03
  3.015000E+04 5.1051E+03
  3.020000E+04 5.0703E+03
  3.025000E+04 5.0360E+03
  3.030000E+04 4.9893E+03
  3.035000E+04 4.9436E+03
  3.040000E+04 4.9312E+03
  3.045000E+04 4.9192E+03
  3.050000E+04 4.8943E+03
  3.055000E+04 4.8703E+03
  3.060000E+04 4.8453E+03
  3.065000E+04 4.8190E+03
  3.070000E+04 4.7969E+03
  3.075000E+04 4.7753E+03
  3.080000E+04 4.7400E+03
  3.085000E+04 4.7057E+03
  3.090000E+04 4.6815E+03
  3.095000E+04 4.6571E+03
  3.100000E+04 4.6403E+03
  3.105000E+04 4.6234E+03
  3.110000E+04 4.5876E+03
  3.115000E+04 4.5505E+03
  3.120000E+04 4.5313E+03
  3.125000E+04 4.5124E+03
  3.130000E+04 4.4874E+03
  3.135000E+04 4.4634E+03
  3.140000E+04 4.4388E+03
  3.145000E+04 4.4146E+03
  3.150000E+04 4.3882E+03
  3.155000E+04 4.3615E+03
  3.160000E+04 4.3339E+03
  3.165000E+04 4.3059E+03
  3.170000E+04 4.2886E+03
  3.175000E+04 4.2715E+03
  3.180000E+04 4.2476E+03
  3.185000E+04 4.2244E+03
  3.190000E+04 4.2045E+03
  3.195000E+04 4.1844E+03
  3.200000E+04 4.1601E+03
  3.210000E+04 4.1106E+03
  3.220000E+04 4.0653E+03
  3.230000E+04 4.0220E+03
  3.240000E+04 3.9801E+03
  3.250000E+04 3.9395E+03
  3.260000E+04 3.8965E+03
  3.270000E+04 3.8537E+03
  3.280000E+04 3.8048E+03
  3.290000E+04 3.7578E+03
  3.300000E+04 3.7252E+03
  3.310000E+04 3.6918E+03
  3.320000E+04 3.6564E+03
  3.330000E+04 3.6221E+03
  3.340000E+04 3.5939E+03
  3.350000E+04 3.5694E+03
  3.360000E+04 3.5296E+03
  3.370000E+04 3.4843E+03
  3.380000E+04 3.4545E+03
  3.390000E+04 3.4210E+03
  3.400000E+04 3.3861E+03
  3.410000E+04 3.3601E+03
  3.420000E+04 3.3314E+03
  3.430000E+04 3.3167E+03
  3.440000E+04 3.2923E+03
  3.450000E+04 3.2515E+03
  3.460000E+04 3.2091E+03
  3.470000E+04 3.1840E+03
  3.480000E+04 3.1485E+03
  3.490000E+04 3.1072E+03
  3.500000E+04 3.0775E+03
  3.510000E+04 3.0599E+03
  3.520000E+04 3.0175E+03
  3.530000E+04 2.9895E+03
  3.540000E+04 2.9484E+03
  3.550000E+04 2.9157E+03
  3.560000E+04 2.8918E+03
  3.570000E+04 2.8679E+03
  3.580000E+04 2.8349E+03
  3.590000E+04 2.8015E+03
  3.600000E+04 2.7832E+03
  3.610000E+04 2.7567E+03
  3.620000E+04 2.7263E+03
  3.630000E+04 2.6890E+03
  3.640000E+04 2.6590E+03
  3.650000E+04 2.6247E+03
  3.660000E+04 2.5963E+03
  3.670000E+04 2.5726E+03
  3.680000E+04 2.5366E+03
  3.690000E+04 2.5017E+03
  3.700000E+04 2.4707E+03
  3.710000E+04 2.4442E+03
  3.720000E+04 2.4226E+03
  3.730000E+04 2.3999E+03
  3.740000E+04 2.3640E+03
  3.750000E+04 2.3305E+03
  3.760000E+04 2.3168E+03
  3.770000E+04 2.3039E+03
  3.780000E+04 2.2802E+03
  3.790000E+04 2.2581E+03
  3.800000E+04 2.2376E+03
  3.810000E+04 2.2165E+03
  3.820000E+04 2.1970E+03
  3.830000E+04 2.1786E+03
  3.840000E+04 2.1601E+03
  3.850000E+04 2.1411E+03
  3.860000E+04 2.1178E+03
  3.870000E+04 2.0950E+03
  3.880000E+04 2.0763E+03
  3.890000E+04 2.0574E+03
  3.900000E+04 2.0382E+03
  3.910000E+04 2.0195E+03
  3.920000E+04 2.0040E+03
  3.930000E+04 1.9887E+03
  3.940000E+04 1.9670E+03
  3.950000E+04 1.9460E+03
  3.960000E+04 1.9294E+03
  3.970000E+04 1.9138E+03
  3.980000E+04 1.8923E+03
  3.990000E+04 1.8717E+03
  4.000000E+04 1.8568E+03
  4.010000E+04 1.8427E+03
  4.020000E+04 1.8276E+03
  4.030000E+04 1.8143E+03
  4.040000E+04 1.7970E+03
  4.050000E+04 1.7788E+03
  4.060000E+04 1.7674E+03
  4.070000E+04 1.7555E+03
  4.080000E+04 1.7426E+03
  4.090000E+04 1.7291E+03
  4.100000E+04 1.7178E+03
  4.110000E+04 1.7046E+03
  4.120000E+04 1.6912E+03
  4.130000E+04 1.6766E+03
  4.140000E+04 1.6575E+03
  4.150000E+04 1.6412E+03
  4.160000E+04 1.6248E+03
  4.170000E+04 1.6138E+03
  4.180000E+04 1.6029E+03
  4.190000E+04 1.5932E+03
  4.200000E+04 1.5760E+03
  4.210000E+04 1.5623E+03
  4.220000E+04 1.5545E+03
  4.230000E+04 1.5466E+03
  4.240000E+04 1.5340E+03
  4.250000E+04 1.5178E+03
  4.260000E+04 1.5066E+03
  4.270000E+04 1.4969E+03
  4.280000E+04 1.4596E+03
  4.290000E+04 1.4245E+03
  4.300000E+04 1.3905E+03
  4.310000E+04 1.3597E+03
  4.320000E+04 1.3628E+03
  4.330000E+04 1.3604E+03
  4.340000E+04 1.3260E+03
  4.350000E+04 1.2947E+03
  4.360000E+04 1.2750E+03
  4.370000E+04 1.2609E+03
  4.380000E+04 1.2455E+03
  4.390000E+04 1.2338E+03
  4.400000E+04 1.2046E+03
  4.410000E+04 1.1810E+03
  4.420000E+04 1.1786E+03
  4.430000E+04 1.1729E+03
  4.440000E+04 1.1625E+03
  4.450000E+04 1.1454E+03
  4.460000E+04 1.1248E+03
  4.470000E+04 1.1041E+03
  4.480000E+04 1.1053E+03
  4.490000E+04 1.1098E+03
  4.500000E+04 1.0951E+03
  4.510000E+04 1.0805E+03
  4.520000E+04 1.0618E+03
  4.530000E+04 1.0448E+03
  4.540000E+04 1.0410E+03
  4.550000E+04 1.0377E+03
  4.560000E+04 1.0270E+03
  4.570000E+04 1.0182E+03
  4.580000E+04 1.0014E+03
  4.590000E+04 9.8395E+02
  4.600000E+04 9.8650E+02
  4.610000E+04 9.8944E+02
  4.620000E+04 9.7756E+02
  4.630000E+04 9.6726E+02
  4.640000E+04 9.6007E+02
  4.650000E+04 9.5257E+02
  4.660000E+04 9.4824E+02
  4.670000E+04 9.4321E+02
  4.680000E+04 9.3392E+02
  4.690000E+04 9.2604E+02
  4.700000E+04 9.1764E+02
  4.710000E+04 9.0888E+02
  4.720000E+04 9.1008E+02
  4.730000E+04 9.1199E+02
  4.740000E+04 9.0228E+02
  4.750000E+04 8.9284E+02
  4.760000E+04 8.8688E+02
  4.770000E+04 8.7998E+02
  4.780000E+04 8.7327E+02
  4.790000E+04 8.6681E+02
  4.800000E+04 8.5706E+02
  4.810000E+04 8.4827E+02
  4.820000E+04 8.4898E+02
  4.830000E+04 8.4978E+02
  4.840000E+04 8.4169E+02
  4.850000E+04 8.3300E+02
  4.860000E+04 8.2513E+02
  4.870000E+04 8.1737E+02
  4.880000E+04 8.1284E+02
  4.890000E+04 8.0910E+02
  4.900000E+04 8.0238E+02
  4.910000E+04 7.9518E+02
  4.920000E+04 7.9024E+02
  4.930000E+04 7.8502E+02
  4.940000E+04 7.7697E+02
  4.950000E+04 7.6983E+02
  4.960000E+04 7.6733E+02
  4.970000E+04 7.6441E+02
  4.980000E+04 7.5709E+02
  4.990000E+04 7.5197E+02
  5.000000E+04 7.4880E+02
  5.010000E+04 7.4558E+02
  5.020000E+04 7.4063E+02
  5.030000E+04 7.3494E+02
  5.040000E+04 7.2662E+02
  5.050000E+04 7.1862E+02
  5.060000E+04 7.1522E+02
  5.070000E+04 7.1178E+02
  5.080000E+04 7.0757E+02
  5.090000E+04 7.0336E+02
  5.100000E+04 6.9800E+02
  5.110000E+04 6.9213E+02
  5.120000E+04 6.8762E+02
  5.130000E+04 6.8251E+02
  5.140000E+04 6.7803E+02
  5.150000E+04 6.7390E+02
  5.160000E+04 6.7301E+02
  5.170000E+04 6.7183E+02
  5.180000E+04 6.6562E+02
  5.190000E+04 6.5994E+02
  5.200000E+04 6.5552E+02
  5.210000E+04 6.5041E+02
  5.220000E+04 6.4547E+02
  5.230000E+04 6.4090E+02
  5.240000E+04 6.3860E+02
  5.250000E+04 6.3547E+02
  5.260000E+04 6.3425E+02
  5.270000E+04 6.3330E+02
  5.280000E+04 6.2583E+02
  5.290000E+04 6.1826E+02
  5.300000E+04 6.1343E+02
  5.310000E+04 6.0869E+02
  5.320000E+04 6.0644E+02
  5.330000E+04 6.0395E+02
  5.340000E+04 5.9983E+02
  5.350000E+04 5.9565E+02
  5.360000E+04 5.9197E+02
  5.370000E+04 5.8841E+02
  5.380000E+04 5.8517E+02
  5.390000E+04 5.8189E+02
  5.400000E+04 5.7850E+02
  5.410000E+04 5.7517E+02
  5.420000E+04 5.7059E+02
  5.430000E+04 5.6584E+02
  5.440000E+04 5.6430E+02
  5.450000E+04 5.6277E+02
  5.460000E+04 5.5767E+02
  5.470000E+04 5.5267E+02
  5.480000E+04 5.5058E+02
  5.490000E+04 5.4837E+02
  5.500000E+04 5.4373E+02
  5.510000E+04 5.3915E+02
  5.520000E+04 5.3978E+02
  5.530000E+04 5.4076E+02
  5.540000E+04 5.3321E+02
  5.550000E+04 5.2672E+02
  5.560000E+04 5.2626E+02
  5.570000E+04 5.2559E+02
  5.580000E+04 5.2088E+02
  5.590000E+04 5.1603E+02
  5.600000E+04 5.1472E+02
  5.610000E+04 5.1322E+02
  5.620000E+04 5.0782E+02
  5.630000E+04 5.0287E+02
  5.640000E+04 5.0169E+02
  5.650000E+04 5.0047E+02
  5.660000E+04 4.9712E+02
  5.670000E+04 4.9362E+02
  5.680000E+04 4.8902E+02
  5.690000E+04 4.8445E+02
  5.700000E+04 4.8323E+02
  5.710000E+04 4.8202E+02
  5.720000E+04 4.7917E+02
  5.730000E+04 4.7651E+02
  5.740000E+04 4.7338E+02
  5.750000E+04 4.7011E+02
  5.760000E+04 4.6677E+02
  5.770000E+04 4.6387E+02
  5.780000E+04 4.6242E+02
  5.790000E+04 4.6097E+02
  5.800000E+04 4.5766E+02
  5.810000E+04 4.5451E+02
  5.820000E+04 4.5214E+02
  5.830000E+04 4.4981E+02
  5.840000E+04 4.4736E+02
  5.850000E+04 4.4456E+02
  5.860000E+04 4.4110E+02
  5.870000E+04 4.3786E+02
  5.880000E+04 4.3535E+02
  5.890000E+04 4.3296E+02
  5.900000E+04 4.2983E+02
  5.910000E+04 4.2670E+02
  5.920000E+04 4.2498E+02
  5.930000E+04 4.2330E+02
  5.940000E+04 4.2003E+02
  5.950000E+04 4.1713E+02
  5.960000E+04 4.1568E+02
  5.970000E+04 4.1416E+02
  5.980000E+04 4.1165E+02
  5.990000E+04 4.0908E+02
  6.000000E+04 4.0653E+02
  6.010000E+04 4.0400E+02
  6.020000E+04 4.0163E+02
  6.030000E+04 3.9935E+02
  6.040000E+04 3.9666E+02
  6.050000E+04 3.9403E+02
  6.060000E+04 3.9209E+02
  6.070000E+04 3.9012E+02
  6.080000E+04 3.8763E+02
  6.090000E+04 3.8517E+02
  6.100000E+04 3.8273E+02
  6.110000E+04 3.8018E+02
  6.120000E+04 3.7828E+02
  6.130000E+04 3.7644E+02
  6.140000E+04 3.7442E+02
  6.150000E+04 3.7245E+02
  6.160000E+04 3.7070E+02
  6.170000E+04 3.6883E+02
  6.180000E+04 3.6626E+02
  6.190000E+04 3.6373E+02
  6.200000E+04 3.6186E+02
  6.210000E+04 3.6013E+02
  6.220000E+04 3.5761E+02
  6.230000E+04 3.5512E+02
  6.240000E+04 3.5283E+02
  6.250000E+04 3.5057E+02
  6.260000E+04 3.4850E+02
  6.270000E+04 3.4643E+02
  6.280000E+04 3.4437E+02
  6.290000E+04 3.4236E+02
  6.300000E+04 3.4021E+02
  6.310000E+04 3.3819E+02
  6.320000E+04 3.3683E+02
  6.330000E+04 3.3550E+02
  6.340000E+04 3.3349E+02
  6.350000E+04 3.3148E+02
  6.360000E+04 3.3024E+02
  6.370000E+04 3.2893E+02
  6.380000E+04 3.2659E+02
  6.390000E+04 3.2415E+02
  6.400000E+04 3.2222E+02
  6.410000E+04 3.2025E+02
  6.420000E+04 3.1842E+02
  6.430000E+04 3.1644E+02
  6.440000E+04 3.1457E+02
  6.450000E+04 3.1268E+02
  6.460000E+04 3.1079E+02
  6.470000E+04 3.0896E+02
  6.480000E+04 3.0724E+02
  6.490000E+04 3.0572E+02
  6.500000E+04 3.0414E+02
  6.510000E+04 3.0249E+02
  6.520000E+04 3.0076E+02
  6.530000E+04 2.9905E+02
  6.540000E+04 2.9732E+02
  6.550000E+04 2.9571E+02
  6.560000E+04 2.9412E+02
  6.570000E+04 2.9238E+02
  6.580000E+04 2.9064E+02
  6.590000E+04 2.8885E+02
  6.600000E+04 2.8710E+02
  6.610000E+04 2.8541E+02
  6.620000E+04 2.8378E+02
  6.630000E+04 2.8230E+02
  6.640000E+04 2.8084E+02
  6.650000E+04 2.7939E+02
  6.660000E+04 2.7798E+02
  6.670000E+04 2.7658E+02
  6.680000E+04 2.7522E+02
  6.690000E+04 2.7374E+02
  6.700000E+04 2.7219E+02
  6.710000E+04 2.7056E+02
  6.720000E+04 2.6896E+02
  6.730000E+04 2.6748E+02
  6.740000E+04 2.6601E+02
  6.750000E+04 2.6455E+02
  6.760000E+04 2.6307E+02
  6.770000E+04 2.6152E+02
  6.780000E+04 2.6010E+02
  6.790000E+04 2.5876E+02
  6.800000E+04 2.5740E+02
  6.810000E+04 2.5604E+02
  6.820000E+04 2.5459E+02
  6.830000E+04 2.5319E+02
  6.840000E+04 2.5189E+02
  6.850000E+04 2.5061E+02
  6.860000E+04 2.4935E+02
  6.870000E+04 2.4797E+02
  6.880000E+04 2.4645E+02
  6.890000E+04 2.4494E+02
  6.900000E+04 2.4339E+02
  6.910000E+04 2.4200E+02
  6.920000E+04 2.4073E+02
  6.930000E+04 2.3947E+02
  6.940000E+04 2.3822E+02
  6.950000E+04 2.3692E+02
  6.960000E+04 2.3560E+02
  6.970000E+04 2.3436E+02
  6.980000E+04 2.3316E+02
  6.990000E+04 2.3195E+02
  7.000000E+04 2.3074E+02
  7.010000E+04 2.2950E+02
  7.020000E+04 2.2825E+02
  7.030000E+04 2.2704E+02
  7.040000E+04 2.2583E+02
  7.050000E+04 2.2467E+02
  7.060000E+04 2.2353E+02
  7.070000E+04 2.2235E+02
  7.080000E+04 2.2118E+02
  7.090000E+04 2.2000E+02
  7.100000E+04 2.1882E+02
  7.110000E+04 2.1768E+02
  7.120000E+04 2.1655E+02
  7.130000E+04 2.1544E+02
  7.140000E+04 2.1434E+02
  7.150000E+04 2.1323E+02
  7.160000E+04 2.1214E+02
  7.170000E+04 2.1105E+02
  7.180000E+04 2.0997E+02
  7.190000E+04 2.0892E+02
  7.200000E+04 2.0788E+02
  7.210000E+04 2.0686E+02
  7.220000E+04 2.0585E+02
  7.230000E+04 2.0482E+02
  7.240000E+04 2.0380E+02
  7.250000E+04 2.0276E+02
  7.260000E+04 2.0170E+02
  7.270000E+04 2.0066E+02
  7.280000E+04 1.9958E+02
  7.290000E+04 1.9852E+02
  7.300000E+04 1.9758E+02
  7.310000E+04 1.9660E+02
  7.320000E+04 1.9555E+02
  7.330000E+04 1.9451E+02
  7.340000E+04 1.9342E+02
  7.350000E+04 1.9236E+02
  7.360000E+04 1.9137E+02
  7.370000E+04 1.9042E+02
  7.380000E+04 1.8948E+02
  7.390000E+04 1.8849E+02
  7.400000E+04 1.8749E+02
  7.410000E+04 1.8647E+02
  7.420000E+04 1.8546E+02
  7.430000E+04 1.8443E+02
  7.440000E+04 1.8341E+02
  7.450000E+04 1.8252E+02
  7.460000E+04 1.8165E+02
  7.470000E+04 1.8074E+02
  7.480000E+04 1.7979E+02
  7.490000E+04 1.7889E+02
  7.500000E+04 1.7803E+02
  7.510000E+04 1.7725E+02
  7.520000E+04 1.7644E+02
  7.530000E+04 1.7565E+02
  7.540000E+04 1.7486E+02
  7.550000E+04 1.7403E+02
  7.560000E+04 1.7309E+02
  7.570000E+04 1.7211E+02
  7.580000E+04 1.7121E+02
  7.590000E+04 1.7037E+02
  7.600000E+04 1.6954E+02
  7.610000E+04 1.6868E+02
  7.620000E+04 1.6784E+02
  7.630000E+04 1.6697E+02
  7.640000E+04 1.6611E+02
  7.650000E+04 1.6523E+02
  7.660000E+04 1.6433E+02
  7.670000E+04 1.6344E+02
  7.680000E+04 1.6273E+02
  7.690000E+04 1.6202E+02
  7.700000E+04 1.6127E+02
  7.710000E+04 1.6055E+02
  7.720000E+04 1.5980E+02
  7.730000E+04 1.5903E+02
  7.740000E+04 1.5826E+02
  7.750000E+04 1.5747E+02
  7.760000E+04 1.5668E+02
  7.770000E+04 1.5595E+02
  7.780000E+04 1.5527E+02
  7.790000E+04 1.5456E+02
  7.800000E+04 1.5376E+02
  7.810000E+04 1.5297E+02
  7.820000E+04 1.5217E+02
  7.830000E+04 1.5137E+02
  7.840000E+04 1.5059E+02
  7.850000E+04 1.4986E+02
  7.860000E+04 1.4913E+02
  7.870000E+04 1.4840E+02
  7.880000E+04 1.4769E+02
  7.890000E+04 1.4699E+02
  7.900000E+04 1.4631E+02
  7.910000E+04 1.4564E+02
  7.920000E+04 1.4499E+02
  7.930000E+04 1.4434E+02
  7.940000E+04 1.4369E+02
  7.950000E+04 1.4302E+02
  7.960000E+04 1.4236E+02
  7.970000E+04 1.4168E+02
  7.980000E+04 1.4100E+02
  7.990000E+04 1.4031E+02
  8.000000E+04 1.3966E+02
  8.010000E+04 1.3901E+02
  8.020000E+04 1.3830E+02
  8.030000E+04 1.3759E+02
  8.040000E+04 1.3690E+02
  8.050000E+04 1.3625E+02
  8.060000E+04 1.3561E+02
  8.070000E+04 1.3499E+02
  8.080000E+04 1.3438E+02
  8.090000E+04 1.3377E+02
  8.100000E+04 1.3315E+02
  8.110000E+04 1.3250E+02
  8.120000E+04 1.3186E+02
  8.130000E+04 1.3122E+02
  8.140000E+04 1.3058E+02
  8.150000E+04 1.2999E+02
  8.160000E+04 1.2941E+02
  8.170000E+04 1.2883E+02
  8.180000E+04 1.2822E+02
  8.190000E+04 1.2760E+02
  8.200000E+04 1.2698E+02
  8.210000E+04 1.2635E+02
  8.220000E+04 1.2572E+02
  8.230000E+04 1.2513E+02
  8.240000E+04 1.2455E+02
  8.250000E+04 1.2398E+02
  8.260000E+04 1.2341E+02
  8.270000E+04 1.2285E+02
  8.280000E+04 1.2229E+02
  8.290000E+04 1.2174E+02
  8.300000E+04 1.2120E+02
  8.310000E+04 1.2063E+02
  8.320000E+04 1.2006E+02
  8.330000E+04 1.1949E+02
  8.340000E+04 1.1896E+02
  8.350000E+04 1.1847E+02
  8.360000E+04 1.1798E+02
  8.370000E+04 1.1745E+02
  8.380000E+04 1.1691E+02
  8.390000E+04 1.1638E+02
  8.400000E+04 1.1587E+02
  8.410000E+04 1.1535E+02
  8.420000E+04 1.1484E+02
  8.430000E+04 1.1431E+02
  8.440000E+04 1.1378E+02
  8.450000E+04 1.1327E+02
  8.460000E+04 1.1276E+02
  8.470000E+04 1.1226E+02
  8.480000E+04 1.1175E+02
  8.490000E+04 1.1125E+02
  8.500000E+04 1.1074E+02
  8.510000E+04 1.1026E+02
  8.520000E+04 1.0979E+02
  8.530000E+04 1.0933E+02
  8.540000E+04 1.0886E+02
  8.550000E+04 1.0839E+02
  8.560000E+04 1.0792E+02
  8.570000E+04 1.0745E+02
  8.580000E+04 1.0698E+02
  8.590000E+04 1.0652E+02
  8.600000E+04 1.0605E+02
  8.610000E+04 1.0559E+02
  8.620000E+04 1.0513E+02
  8.630000E+04 1.0468E+02
  8.640000E+04 1.0422E+02
  8.650000E+04 1.0378E+02
  8.660000E+04 1.0332E+02
  8.670000E+04 1.0286E+02
  8.680000E+04 1.0241E+02
  8.690000E+04 1.0197E+02
  8.700000E+04 1.0153E+02
  8.710000E+04 1.0110E+02
  8.720000E+04 1.0068E+02
  8.730000E+04 1.0026E+02
  8.740000E+04 9.9843E+01
  8.750000E+04 9.9431E+01
  8.760000E+04 9.9020E+01
  8.770000E+04 9.8612E+01
  8.780000E+04 9.8217E+01
  8.790000E+04 9.7823E+01
  8.800000E+04 9.7431E+01
  8.810000E+04 9.7043E+01
  8.820000E+04 9.6658E+01
  8.830000E+04 9.6283E+01
  8.840000E+04 9.5881E+01
  8.850000E+04 9.5461E+01
  8.860000E+04 9.5043E+01
  8.870000E+04 9.4642E+01
  8.880000E+04 9.4260E+01
  8.890000E+04 9.3881E+01
  8.900000E+04 9.3491E+01
  8.910000E+04 9.3086E+01
  8.920000E+04 9.2683E+01
  8.930000E+04 9.2284E+01
  8.940000E+04 9.1892E+01
  8.950000E+04 9.1483E+01
  8.960000E+04 9.1076E+01
  8.970000E+04 9.0675E+01
  8.980000E+04 9.0277E+01
  8.990000E+04 8.9905E+01
  9.000000E+04 8.9551E+01
  9.010000E+04 8.9206E+01
  9.020000E+04 8.8863E+01
  9.030000E+04 8.8488E+01
  9.040000E+04 8.8086E+01
  9.050000E+04 8.7687E+01
  9.060000E+04 8.7296E+01
  9.070000E+04 8.6908E+01
  9.080000E+04 8.6523E+01
  9.090000E+04 8.6139E+01
  9.100000E+04 8.5742E+01
  9.110000E+04 8.5373E+01
  9.120000E+04 8.5006E+01
  9.130000E+04 8.4647E+01
  9.140000E+04 8.4294E+01
  9.150000E+04 8.3939E+01
  9.160000E+04 8.3590E+01
  9.170000E+04 8.3252E+01
  9.180000E+04 8.2916E+01
  9.190000E+04 8.2582E+01
  9.200000E+04 8.2269E+01
  9.210000E+04 8.1960E+01
  9.220000E+04 8.1654E+01
  9.230000E+04 8.1352E+01
  9.240000E+04 8.1064E+01
  9.250000E+04 8.0778E+01
  9.260000E+04 8.0492E+01
  9.270000E+04 8.0189E+01
  9.280000E+04 7.9889E+01
  9.290000E+04 7.9589E+01
  9.300000E+04 7.9258E+01
  9.310000E+04 7.8902E+01
  9.320000E+04 7.8548E+01
  9.330000E+04 7.8198E+01
  9.340000E+04 7.7860E+01
  9.350000E+04 7.7530E+01
  9.360000E+04 7.7202E+01
  9.370000E+04 7.6881E+01
  9.380000E+04 7.6565E+01
  9.390000E+04 7.6248E+01
  9.400000E+04 7.5932E+01
  9.410000E+04 7.5610E+01
  9.420000E+04 7.5289E+01
  9.430000E+04 7.4966E+01
  9.440000E+04 7.4664E+01
  9.450000E+04 7.4376E+01
  9.460000E+04 7.4089E+01
  9.470000E+04 7.3811E+01
  9.480000E+04 7.3559E+01
  9.490000E+04 7.3309E+01
  9.500000E+04 7.3061E+01
  9.510000E+04 7.2795E+01
  9.520000E+04 7.2507E+01
  9.530000E+04 7.2220E+01
  9.540000E+04 7.1935E+01
  9.550000E+04 7.1641E+01
  9.560000E+04 7.1345E+01
  9.570000E+04 7.1051E+01
  9.580000E+04 7.0762E+01
  9.590000E+04 7.0493E+01
  9.600000E+04 7.0225E+01
  9.610000E+04 6.9959E+01
  9.620000E+04 6.9680E+01
  9.630000E+04 6.9392E+01
  9.640000E+04 6.9105E+01
  9.650000E+04 6.8820E+01
  9.660000E+04 6.8517E+01
  9.670000E+04 6.8210E+01
  9.680000E+04 6.7904E+01
  9.690000E+04 6.7601E+01
  9.700000E+04 6.7370E+01
  9.710000E+04 6.7128E+01
  9.720000E+04 6.6887E+01
  9.730000E+04 6.6646E+01
  9.740000E+04 6.6405E+01
  9.750000E+04 6.6185E+01
  9.760000E+04 6.5966E+01
  9.770000E+04 6.5733E+01
  9.780000E+04 6.5480E+01
  9.790000E+04 6.5223E+01
  9.800000E+04 6.4968E+01
  9.810000E+04 6.4722E+01
  9.820000E+04 6.4483E+01
  9.830000E+04 6.4243E+01
  9.840000E+04 6.4004E+01
  9.850000E+04 6.3785E+01
  9.860000E+04 6.3573E+01
  9.870000E+04 6.3362E+01
  9.880000E+04 6.3152E+01
  9.890000E+04 6.2906E+01
  9.900000E+04 6.2655E+01
  9.910000E+04 6.2400E+01
  9.920000E+04 6.2148E+01
  9.930000E+04 6.1880E+01
  9.940000E+04 6.1612E+01
  9.950000E+04 6.1350E+01
  9.960000E+04 6.1089E+01
  9.970000E+04 6.0832E+01
  9.980000E+04 6.0577E+01
  9.990000E+04 6.0322E+01
  1.000000E+05 6.0068E+01
  1.002000E+05 5.9592E+01
  1.050000E+05 4.9756E+01
  1.100000E+05 4.1304E+01
  1.130000E+05 3.7226E+01
  1.160000E+05 3.3395E+01
  1.200000E+05 2.9211E+01
  1.250000E+05 2.5322E+01
  1.300000E+05 2.1680E+01
  1.350000E+05 1.8673E+01
  1.400000E+05 1.6171E+01
  1.450000E+05 1.4076E+01
  1.500000E+05 1.2310E+01
  1.600000E+05 9.5388E+00
  1.700000E+05 7.5076E+00
  1.800000E+05 5.9910E+00
  1.900000E+05 4.8399E+00
  2.000000E+05 3.9533E+00
  2.200000E+05 2.7089E+00
  2.300000E+05 2.2710E+00
  2.400000E+05 1.9183E+00
  2.500000E+05 1.6316E+00
  2.600000E+05 1.3966E+00
  2.700000E+05 1.2024E+00
  2.800000E+05 1.0409E+00
  3.000000E+05 7.9177E-01
  3.500000E+05 4.2966E-01
  4.000000E+05 2.5303E-01
  4.500000E+05 1.5816E-01
  5.000000E+05 1.0388E-01
  5.500000E+05 7.1025E-02
  6.000000E+05 5.0195E-02
  6.500000E+05 3.6444E-02
  7.000000E+05 2.7096E-02
  7.500000E+05 2.0562E-02
  8.000000E+05 1.5884E-02
  8.500000E+05 1.2460E-02
  9.000000E+05 9.9105E-03
  9.500000E+05 7.9809E-03
  1.000000E+06 6.4988E-03
  1.050000E+06 5.3443E-03
  1.100000E+06 4.4351E-03
  1.200000E+06 3.1292E-03
  1.300000E+06 2.2699E-03
  1.400000E+06 1.6862E-03
  1.500000E+06 1.2785E-03
  1.600000E+06 9.8676E-04
  2.000000E+06 4.0487E-04
  2.500000E+06 1.6583E-04
  3.000000E+06 7.9974E-05
  4.000000E+06 2.5304E-05
  5.000000E+06 1.0365E-05
  7.000000E+06 2.6980E-06
  1.000000E+07 6.4779E-07
  1.500000E+07 1.2796E-07
  2.250000E+07 2.5276E-08
  3.350000E+07 5.1434E-09
  5.000000E+07 1.0365E-09
  7.400000E+07 2.1603E-10
  1.100000E+08 4.4245E-11
  1.300000E+08 2.2681E-11
  1.600000E+08 9.8845E-12
  2.400000E+08 1.9525E-12
  3.600000E+08 3.8568E-13
