# File: out_constant_SFH.ised
# Column            2
# Age(yr)       1.000E+08
# Lambda(A)       Flux   
  9.100000E+01 6.1823E+03
  9.400000E+01 7.1531E+03
  9.600000E+01 7.6624E+03
  9.800000E+01 4.1319E+04
  1.000000E+02 1.2619E+05
  1.020000E+02 1.3554E+05
  1.040000E+02 1.2883E+05
  1.060000E+02 1.3064E+05
  1.080000E+02 1.3473E+05
  1.100000E+02 1.4984E+05
  1.140000E+02 1.5837E+05
  1.180000E+02 1.5062E+05
  1.210000E+02 1.9467E+05
  1.250000E+02 2.0185E+05
  1.270000E+02 2.0732E+05
  1.280000E+02 2.0910E+05
  1.310000E+02 2.0297E+05
  1.320000E+02 2.0855E+05
  1.340000E+02 1.9891E+05
  1.370000E+02 2.2210E+05
  1.400000E+02 2.2303E+05
  1.430000E+02 2.7923E+05
  1.470000E+02 3.4866E+05
  1.500000E+02 2.9713E+05
  1.510000E+02 3.2131E+05
  1.550000E+02 3.5236E+05
  1.590000E+02 3.5353E+05
  1.620000E+02 3.5420E+05
  1.660000E+02 3.5644E+05
  1.700000E+02 3.5624E+05
  1.730000E+02 2.6002E+05
  1.770000E+02 3.5896E+05
  1.800000E+02 3.5944E+05
  1.820000E+02 3.5934E+05
  1.860000E+02 3.5999E+05
  1.910000E+02 3.6030E+05
  1.940000E+02 3.6268E+05
  1.980000E+02 3.6261E+05
  2.000000E+02 3.6239E+05
  2.020000E+02 3.6280E+05
  2.050000E+02 3.6251E+05
  2.100000E+02 3.5545E+05
  2.160000E+02 3.6248E+05
  2.200000E+02 3.6334E+05
  2.230000E+02 3.5893E+05
  2.270000E+02 3.6374E+05
  2.300000E+02 4.5749E+05
  2.340000E+02 6.5176E+05
  2.400000E+02 7.4403E+05
  2.460000E+02 6.7532E+05
  2.520000E+02 7.2615E+05
  2.570000E+02 6.8752E+05
  2.600000E+02 7.1394E+05
  2.640000E+02 9.3523E+05
  2.690000E+02 9.6961E+05
  2.740000E+02 9.9208E+05
  2.790000E+02 8.3965E+05
  2.840000E+02 1.0266E+06
  2.900000E+02 1.0930E+06
  2.960000E+02 9.8699E+05
  3.000000E+02 9.0872E+05
  3.010000E+02 8.8780E+05
  3.080000E+02 9.5584E+05
  3.180000E+02 9.3262E+05
  3.280000E+02 9.6510E+05
  3.380000E+02 9.0139E+05
  3.480000E+02 8.4685E+05
  3.570000E+02 1.1471E+06
  3.660000E+02 1.7557E+06
  3.750000E+02 1.7212E+06
  3.850000E+02 1.3467E+06
  3.950000E+02 1.9957E+06
  4.000000E+02 2.2116E+06
  4.050000E+02 2.4556E+06
  4.140000E+02 2.4180E+06
  4.220000E+02 2.1725E+06
  4.300000E+02 2.0581E+06
  4.410000E+02 2.3829E+06
  4.510000E+02 2.4024E+06
  4.600000E+02 2.0891E+06
  4.700000E+02 2.1038E+06
  4.800000E+02 2.3376E+06
  4.900000E+02 1.9600E+06
  5.000000E+02 2.3912E+06
  5.060000E+02 2.0292E+06
  5.120000E+02 3.0607E+06
  5.200000E+02 2.8779E+06
  5.300000E+02 2.6248E+06
  5.400000E+02 2.1157E+06
  5.500000E+02 2.0067E+06
  5.600000E+02 2.5958E+06
  5.700000E+02 2.8629E+06
  5.800000E+02 2.7637E+06
  5.900000E+02 2.7643E+06
  6.000000E+02 2.2970E+06
  6.100000E+02 2.1594E+06
  6.200000E+02 2.6953E+06
  6.300000E+02 2.4835E+06
  6.400000E+02 2.7090E+06
  6.500000E+02 2.5585E+06
  6.580000E+02 2.3185E+06
  6.650000E+02 2.5870E+06
  6.750000E+02 2.6661E+06
  6.850000E+02 2.2598E+06
  6.950000E+02 2.5634E+06
  7.000000E+02 2.2910E+06
  7.050000E+02 2.0535E+06
  7.160000E+02 2.5505E+06
  7.260000E+02 2.5412E+06
  7.350000E+02 2.5134E+06
  7.450000E+02 2.3907E+06
  7.550000E+02 2.3353E+06
  7.650000E+02 2.0585E+06
  7.750000E+02 2.2671E+06
  7.850000E+02 2.0339E+06
  7.950000E+02 2.1643E+06
  8.000000E+02 2.1784E+06
  8.050000E+02 2.1933E+06
  8.150000E+02 2.1712E+06
  8.250000E+02 2.1696E+06
  8.350000E+02 1.7181E+06
  8.450000E+02 2.0679E+06
  8.550000E+02 2.0007E+06
  8.650000E+02 2.0438E+06
  8.750000E+02 2.0231E+06
  8.850000E+02 1.9954E+06
  8.950000E+02 1.9722E+06
  9.000000E+02 1.9401E+06
  9.050000E+02 1.9087E+06
  9.150000E+02 1.7952E+06
  9.250000E+02 3.8536E+06
  9.350000E+02 5.8928E+06
  9.450000E+02 7.6696E+06
  9.550000E+02 8.7434E+06
  9.650000E+02 9.3080E+06
  9.750000E+02 3.7917E+06
  9.850000E+02 7.2115E+06
  9.950000E+02 6.9114E+06
  1.000000E+03 7.6386E+06
  1.005000E+03 8.4981E+06
  1.015000E+03 8.6530E+06
  1.025000E+03 6.0915E+06
  1.035000E+03 7.5011E+06
  1.045000E+03 1.0008E+07
  1.055000E+03 9.5165E+06
  1.065000E+03 7.9759E+06
  1.075000E+03 8.6637E+06
  1.085000E+03 7.5322E+06
  1.095000E+03 8.7162E+06
  1.100000E+03 8.4579E+06
  1.105000E+03 8.2183E+06
  1.115000E+03 7.9359E+06
  1.125000E+03 6.9187E+06
  1.135000E+03 8.1230E+06
  1.145000E+03 7.6347E+06
  1.155000E+03 7.5853E+06
  1.165000E+03 7.3973E+06
  1.175000E+03 5.0294E+06
  1.185000E+03 6.9692E+06
  1.195000E+03 5.9783E+06
  1.200000E+03 5.4812E+06
  1.205000E+03 5.0717E+06
  1.215000E+03 4.1309E+06
  1.225000E+03 5.6787E+06
  1.235000E+03 6.7114E+06
  1.245000E+03 6.8091E+06
  1.255000E+03 6.5600E+06
  1.265000E+03 6.2790E+06
  1.275000E+03 6.8946E+06
  1.285000E+03 6.9317E+06
  1.295000E+03 5.9167E+06
  1.300000E+03 5.9225E+06
  1.305000E+03 5.9335E+06
  1.315000E+03 6.6703E+06
  1.325000E+03 6.3160E+06
  1.335000E+03 5.8812E+06
  1.345000E+03 6.2981E+06
  1.355000E+03 6.0876E+06
  1.365000E+03 5.6121E+06
  1.375000E+03 5.5554E+06
  1.385000E+03 5.4694E+06
  1.395000E+03 4.1381E+06
  1.400000E+03 4.0751E+06
  1.405000E+03 4.0268E+06
  1.415000E+03 5.0242E+06
  1.425000E+03 4.8620E+06
  1.435000E+03 5.0093E+06
  1.442000E+03 5.0549E+06
  1.447000E+03 5.0278E+06
  1.455000E+03 4.8417E+06
  1.465000E+03 4.5516E+06
  1.475000E+03 4.5742E+06
  1.485000E+03 4.5739E+06
  1.495000E+03 4.4973E+06
  1.500000E+03 4.3656E+06
  1.505000E+03 4.2398E+06
  1.512000E+03 3.8932E+06
  1.517000E+03 4.0164E+06
  1.525000E+03 3.9726E+06
  1.535000E+03 3.4238E+06
  1.545000E+03 3.1258E+06
  1.555000E+03 3.0993E+06
  1.565000E+03 3.4137E+06
  1.575000E+03 3.6015E+06
  1.585000E+03 3.6578E+06
  1.595000E+03 3.6463E+06
  1.600000E+03 3.6010E+06
  1.605000E+03 3.5574E+06
  1.615000E+03 3.4916E+06
  1.625000E+03 3.4136E+06
  1.635000E+03 3.5512E+06
  1.645000E+03 3.5297E+06
  1.655000E+03 3.4348E+06
  1.665000E+03 3.5272E+06
  1.672000E+03 3.2732E+06
  1.677000E+03 3.6193E+06
  1.685000E+03 3.5809E+06
  1.695000E+03 3.4050E+06
  1.700000E+03 3.3535E+06
  1.705000E+03 3.3033E+06
  1.715000E+03 3.1106E+06
  1.725000E+03 3.0494E+06
  1.735000E+03 3.1855E+06
  1.745000E+03 3.1110E+06
  1.755000E+03 3.1637E+06
  1.765000E+03 3.0361E+06
  1.775000E+03 2.9494E+06
  1.785000E+03 2.9998E+06
  1.795000E+03 3.0490E+06
  1.800000E+03 3.0471E+06
  1.805000E+03 3.0453E+06
  1.815000E+03 2.8028E+06
  1.825000E+03 2.8525E+06
  1.835000E+03 2.7725E+06
  1.845000E+03 2.5765E+06
  1.855000E+03 2.5626E+06
  1.865000E+03 2.5924E+06
  1.875000E+03 2.6997E+06
  1.885000E+03 2.4743E+06
  1.895000E+03 2.3547E+06
  1.900000E+03 2.4260E+06
  1.905000E+03 2.5009E+06
  1.915000E+03 2.3684E+06
  1.925000E+03 2.2691E+06
  1.935000E+03 2.3906E+06
  1.945000E+03 2.4215E+06
  1.955000E+03 2.2169E+06
  1.967000E+03 2.3770E+06
  1.976000E+03 2.4373E+06
  1.984000E+03 2.3045E+06
  1.995000E+03 2.2431E+06
  2.000000E+03 2.2747E+06
  2.005000E+03 2.3071E+06
  2.015000E+03 2.2524E+06
  2.025000E+03 2.3171E+06
  2.035000E+03 2.1559E+06
  2.045000E+03 2.1837E+06
  2.055000E+03 1.9547E+06
  2.065000E+03 2.0278E+06
  2.074000E+03 2.2112E+06
  2.078000E+03 2.0559E+06
  2.085000E+03 2.1248E+06
  2.095000E+03 2.0143E+06
  2.100000E+03 2.0306E+06
  2.105000E+03 2.0473E+06
  2.115000E+03 2.0579E+06
  2.125000E+03 2.0567E+06
  2.135000E+03 1.9924E+06
  2.145000E+03 1.9434E+06
  2.155000E+03 1.9977E+06
  2.165000E+03 1.9501E+06
  2.175000E+03 1.9369E+06
  2.185000E+03 1.8753E+06
  2.195000E+03 1.9178E+06
  2.200000E+03 1.9006E+06
  2.205000E+03 1.8837E+06
  2.215000E+03 1.8256E+06
  2.225000E+03 1.7796E+06
  2.235000E+03 1.7964E+06
  2.245000E+03 1.7652E+06
  2.255000E+03 1.7083E+06
  2.265000E+03 1.7287E+06
  2.275000E+03 1.7257E+06
  2.285000E+03 1.7183E+06
  2.295000E+03 1.6189E+06
  2.300000E+03 1.6269E+06
  2.305000E+03 1.6356E+06
  2.315000E+03 1.5854E+06
  2.325000E+03 1.3749E+06
  2.335000E+03 1.5160E+06
  2.345000E+03 1.5067E+06
  2.355000E+03 1.5142E+06
  2.365000E+03 1.4702E+06
  2.375000E+03 1.4555E+06
  2.385000E+03 1.4066E+06
  2.395000E+03 1.4347E+06
  2.400000E+03 1.4150E+06
  2.405000E+03 1.3958E+06
  2.415000E+03 1.3956E+06
  2.425000E+03 1.4052E+06
  2.435000E+03 1.3589E+06
  2.445000E+03 1.3802E+06
  2.455000E+03 1.3616E+06
  2.465000E+03 1.3441E+06
  2.475000E+03 1.3143E+06
  2.485000E+03 1.3126E+06
  2.495000E+03 1.1390E+06
  2.500000E+03 1.2087E+06
  2.505000E+03 1.2850E+06
  2.513000E+03 1.2174E+06
  2.518000E+03 1.2637E+06
  2.525000E+03 1.2383E+06
  2.535000E+03 1.2331E+06
  2.545000E+03 1.2014E+06
  2.555000E+03 1.2183E+06
  2.565000E+03 1.2026E+06
  2.575000E+03 1.2166E+06
  2.585000E+03 1.2020E+06
  2.595000E+03 1.1876E+06
  2.600000E+03 1.1766E+06
  2.605000E+03 1.1658E+06
  2.615000E+03 1.1488E+06
  2.625000E+03 1.1489E+06
  2.635000E+03 1.1443E+06
  2.645000E+03 1.1542E+06
  2.655000E+03 1.1457E+06
  2.665000E+03 1.1001E+06
  2.675000E+03 1.1065E+06
  2.685000E+03 1.0988E+06
  2.695000E+03 1.0683E+06
  2.700000E+03 1.0648E+06
  2.705000E+03 1.0615E+06
  2.715000E+03 1.0445E+06
  2.725000E+03 1.0400E+06
  2.735000E+03 1.0406E+06
  2.745000E+03 1.0002E+06
  2.755000E+03 9.9399E+05
  2.765000E+03 9.9290E+05
  2.775000E+03 1.0040E+06
  2.785000E+03 9.8940E+05
  2.795000E+03 9.2431E+05
  2.800000E+03 9.3452E+05
  2.805000E+03 9.4504E+05
  2.815000E+03 9.7039E+05
  2.825000E+03 9.6068E+05
  2.835000E+03 9.2561E+05
  2.845000E+03 9.2214E+05
  2.855000E+03 9.1399E+05
  2.865000E+03 9.2074E+05
  2.875000E+03 9.0693E+05
  2.885000E+03 9.0139E+05
  2.895000E+03 8.8943E+05
  2.900000E+03 8.8867E+05
  2.910000E+03 8.8755E+05
  2.930000E+03 8.6954E+05
  2.950000E+03 8.4767E+05
  2.970000E+03 8.3654E+05
  2.990000E+03 8.2003E+05
  3.000000E+03 8.1163E+05
  3.010000E+03 8.0343E+05
  3.030000E+03 7.9380E+05
  3.050000E+03 7.7996E+05
  3.070000E+03 7.6579E+05
  3.090000E+03 7.4934E+05
  3.100000E+03 7.4349E+05
  3.110000E+03 7.3777E+05
  3.130000E+03 7.2186E+05
  3.150000E+03 7.1212E+05
  3.170000E+03 6.9614E+05
  3.190000E+03 6.7764E+05
  3.200000E+03 6.7397E+05
  3.210000E+03 6.7041E+05
  3.230000E+03 6.5788E+05
  3.250000E+03 6.4973E+05
  3.270000E+03 6.3794E+05
  3.290000E+03 6.2761E+05
  3.300000E+03 6.2274E+05
  3.310000E+03 6.1794E+05
  3.330000E+03 6.0540E+05
  3.350000E+03 5.9293E+05
  3.370000E+03 5.8242E+05
  3.390000E+03 5.7382E+05
  3.400000E+03 5.6971E+05
  3.410000E+03 5.6567E+05
  3.430000E+03 5.5269E+05
  3.450000E+03 5.4376E+05
  3.470000E+03 5.3662E+05
  3.490000E+03 5.2831E+05
  3.500000E+03 5.2500E+05
  3.510000E+03 5.2175E+05
  3.530000E+03 5.1354E+05
  3.550000E+03 5.0642E+05
  3.570000E+03 4.9599E+05
  3.590000E+03 4.8507E+05
  3.600000E+03 4.8179E+05
  3.610000E+03 4.7866E+05
  3.630000E+03 4.7281E+05
  3.640000E+03 4.7007E+05
  3.650000E+03 4.6922E+05
  3.670000E+03 4.5981E+05
  3.690000E+03 4.3902E+05
  3.700000E+03 4.4311E+05
  3.710000E+03 4.4812E+05
  3.730000E+03 4.4293E+05
  3.750000E+03 4.8729E+05
  3.770000E+03 4.8821E+05
  3.790000E+03 5.1980E+05
  3.800000E+03 5.3443E+05
  3.810000E+03 5.4969E+05
  3.830000E+03 4.7801E+05
  3.850000E+03 5.5428E+05
  3.870000E+03 5.6334E+05
  3.890000E+03 4.4825E+05
  3.900000E+03 4.9893E+05
  3.910000E+03 5.5776E+05
  3.930000E+03 5.3117E+05
  3.950000E+03 5.3460E+05
  3.970000E+03 4.0948E+05
  3.990000E+03 5.2433E+05
  4.000000E+03 5.2845E+05
  4.010000E+03 5.3310E+05
  4.030000E+03 5.1738E+05
  4.050000E+03 5.1959E+05
  4.070000E+03 5.0130E+05
  4.090000E+03 4.6530E+05
  4.100000E+03 4.3476E+05
  4.110000E+03 4.0670E+05
  4.130000E+03 4.7576E+05
  4.150000E+03 4.7802E+05
  4.170000E+03 4.7339E+05
  4.190000E+03 4.6893E+05
  4.200000E+03 4.6667E+05
  4.210000E+03 4.6461E+05
  4.230000E+03 4.5695E+05
  4.250000E+03 4.5054E+05
  4.270000E+03 4.3740E+05
  4.290000E+03 4.3436E+05
  4.300000E+03 4.2637E+05
  4.310000E+03 4.1866E+05
  4.330000E+03 3.8507E+05
  4.350000E+03 3.5162E+05
  4.370000E+03 4.1090E+05
  4.390000E+03 4.0317E+05
  4.400000E+03 4.0301E+05
  4.410000E+03 4.0295E+05
  4.430000E+03 4.0040E+05
  4.450000E+03 3.9762E+05
  4.470000E+03 3.8715E+05
  4.490000E+03 3.8839E+05
  4.500000E+03 3.8977E+05
  4.510000E+03 3.9142E+05
  4.530000E+03 3.7986E+05
  4.550000E+03 3.7474E+05
  4.570000E+03 3.7653E+05
  4.590000E+03 3.6784E+05
  4.600000E+03 3.6651E+05
  4.610000E+03 3.6523E+05
  4.630000E+03 3.5732E+05
  4.650000E+03 3.5281E+05
  4.670000E+03 3.5253E+05
  4.690000E+03 3.4696E+05
  4.700000E+03 3.4215E+05
  4.710000E+03 3.3745E+05
  4.730000E+03 3.4013E+05
  4.750000E+03 3.3828E+05
  4.770000E+03 3.3634E+05
  4.790000E+03 3.3081E+05
  4.800000E+03 3.2766E+05
  4.810000E+03 3.2456E+05
  4.830000E+03 3.2044E+05
  4.850000E+03 2.9333E+05
  4.870000E+03 2.6014E+05
  4.890000E+03 3.0745E+05
  4.900000E+03 3.0717E+05
  4.910000E+03 3.0691E+05
  4.930000E+03 2.9945E+05
  4.950000E+03 3.0244E+05
  4.970000E+03 2.9804E+05
  4.990000E+03 2.9017E+05
  5.000000E+03 2.8474E+05
  5.010000E+03 2.7944E+05
  5.030000E+03 2.8362E+05
  5.050000E+03 2.7888E+05
  5.070000E+03 2.8182E+05
  5.090000E+03 2.7540E+05
  5.100000E+03 2.7442E+05
  5.110000E+03 2.7349E+05
  5.130000E+03 2.6764E+05
  5.150000E+03 2.6278E+05
  5.170000E+03 2.5691E+05
  5.190000E+03 2.5597E+05
  5.200000E+03 2.5526E+05
  5.210000E+03 2.5463E+05
  5.230000E+03 2.5511E+05
  5.250000E+03 2.5525E+05
  5.270000E+03 2.4645E+05
  5.290000E+03 2.5192E+05
  5.300000E+03 2.5168E+05
  5.310000E+03 2.5153E+05
  5.330000E+03 2.4336E+05
  5.350000E+03 2.4602E+05
  5.370000E+03 2.4422E+05
  5.390000E+03 2.3962E+05
  5.400000E+03 2.3796E+05
  5.410000E+03 2.3633E+05
  5.430000E+03 2.3470E+05
  5.450000E+03 2.3458E+05
  5.470000E+03 2.2964E+05
  5.490000E+03 2.2774E+05
  5.500000E+03 2.2661E+05
  5.510000E+03 2.2551E+05
  5.530000E+03 2.2556E+05
  5.550000E+03 2.2495E+05
  5.570000E+03 2.2233E+05
  5.590000E+03 2.1823E+05
  5.600000E+03 2.1837E+05
  5.610000E+03 2.1857E+05
  5.630000E+03 2.1509E+05
  5.650000E+03 2.1348E+05
  5.670000E+03 2.1052E+05
  5.690000E+03 2.1127E+05
  5.700000E+03 2.0958E+05
  5.710000E+03 2.0794E+05
  5.730000E+03 2.1170E+05
  5.750000E+03 2.0642E+05
  5.770000E+03 2.0630E+05
  5.790000E+03 2.0182E+05
  5.800000E+03 2.0250E+05
  5.810000E+03 2.0327E+05
  5.830000E+03 2.0372E+05
  5.850000E+03 1.9977E+05
  5.870000E+03 1.9558E+05
  5.890000E+03 1.8967E+05
  5.900000E+03 1.9145E+05
  5.910000E+03 1.9347E+05
  5.930000E+03 1.9240E+05
  5.950000E+03 1.9043E+05
  5.970000E+03 1.9105E+05
  5.990000E+03 1.8775E+05
  6.000000E+03 1.8701E+05
  6.010000E+03 1.8628E+05
  6.030000E+03 1.8708E+05
  6.050000E+03 1.8699E+05
  6.070000E+03 1.8614E+05
  6.090000E+03 1.8193E+05
  6.100000E+03 1.8148E+05
  6.110000E+03 1.8104E+05
  6.130000E+03 1.7615E+05
  6.150000E+03 1.7511E+05
  6.170000E+03 1.7160E+05
  6.190000E+03 1.7296E+05
  6.200000E+03 1.7186E+05
  6.210000E+03 1.7079E+05
  6.230000E+03 1.6689E+05
  6.250000E+03 1.6308E+05
  6.270000E+03 1.6630E+05
  6.290000E+03 1.6728E+05
  6.300000E+03 1.6588E+05
  6.310000E+03 1.6454E+05
  6.330000E+03 1.6540E+05
  6.350000E+03 1.6352E+05
  6.370000E+03 1.6253E+05
  6.390000E+03 1.6344E+05
  6.400000E+03 1.6255E+05
  6.410000E+03 1.6167E+05
  6.430000E+03 1.6134E+05
  6.450000E+03 1.6032E+05
  6.470000E+03 1.5966E+05
  6.490000E+03 1.5652E+05
  6.500000E+03 1.5704E+05
  6.510000E+03 1.5759E+05
  6.530000E+03 1.5583E+05
  6.550000E+03 1.4971E+05
  6.570000E+03 1.3580E+05
  6.590000E+03 1.5175E+05
  6.600000E+03 1.5237E+05
  6.610000E+03 1.5300E+05
  6.630000E+03 1.5159E+05
  6.650000E+03 1.5013E+05
  6.670000E+03 1.4699E+05
  6.690000E+03 1.4744E+05
  6.700000E+03 1.4581E+05
  6.710000E+03 1.4422E+05
  6.730000E+03 1.4510E+05
  6.750000E+03 1.4293E+05
  6.770000E+03 1.4296E+05
  6.790000E+03 1.4120E+05
  6.800000E+03 1.4126E+05
  6.810000E+03 1.4133E+05
  6.830000E+03 1.4139E+05
  6.850000E+03 1.3942E+05
  6.870000E+03 1.4006E+05
  6.890000E+03 1.4089E+05
  6.900000E+03 1.4049E+05
  6.910000E+03 1.4010E+05
  6.930000E+03 1.3854E+05
  6.950000E+03 1.3702E+05
  6.970000E+03 1.3745E+05
  6.990000E+03 1.3633E+05
  7.000000E+03 1.3540E+05
  7.010000E+03 1.3448E+05
  7.030000E+03 1.3470E+05
  7.050000E+03 1.3371E+05
  7.070000E+03 1.2969E+05
  7.090000E+03 1.2733E+05
  7.100000E+03 1.2541E+05
  7.110000E+03 1.2357E+05
  7.130000E+03 1.2149E+05
  7.150000E+03 1.2172E+05
  7.170000E+03 1.2207E+05
  7.190000E+03 1.2088E+05
  7.200000E+03 1.2182E+05
  7.210000E+03 1.2281E+05
  7.230000E+03 1.2338E+05
  7.250000E+03 1.2396E+05
  7.270000E+03 1.2368E+05
  7.290000E+03 1.2220E+05
  7.300000E+03 1.2301E+05
  7.310000E+03 1.2386E+05
  7.330000E+03 1.2364E+05
  7.350000E+03 1.2370E+05
  7.370000E+03 1.2512E+05
  7.390000E+03 1.2326E+05
  7.400000E+03 1.2295E+05
  7.410000E+03 1.2265E+05
  7.430000E+03 1.2287E+05
  7.450000E+03 1.2266E+05
  7.470000E+03 1.2224E+05
  7.490000E+03 1.2138E+05
  7.500000E+03 1.2163E+05
  7.510000E+03 1.2188E+05
  7.530000E+03 1.2233E+05
  7.550000E+03 1.2224E+05
  7.570000E+03 1.2122E+05
  7.590000E+03 1.1972E+05
  7.600000E+03 1.1917E+05
  7.610000E+03 1.1863E+05
  7.630000E+03 1.1772E+05
  7.650000E+03 1.1660E+05
  7.670000E+03 1.1370E+05
  7.690000E+03 1.1475E+05
  7.700000E+03 1.1393E+05
  7.710000E+03 1.1311E+05
  7.730000E+03 1.1272E+05
  7.750000E+03 1.1203E+05
  7.770000E+03 1.1210E+05
  7.790000E+03 1.1253E+05
  7.800000E+03 1.1234E+05
  7.810000E+03 1.1215E+05
  7.830000E+03 1.1163E+05
  7.850000E+03 1.1003E+05
  7.870000E+03 1.0994E+05
  7.890000E+03 1.0711E+05
  7.900000E+03 1.0626E+05
  7.910000E+03 1.0542E+05
  7.930000E+03 1.0564E+05
  7.950000E+03 1.0452E+05
  7.970000E+03 1.0639E+05
  7.990000E+03 1.0591E+05
  8.000000E+03 1.0614E+05
  8.010000E+03 1.0637E+05
  8.030000E+03 1.0602E+05
  8.050000E+03 1.0528E+05
  8.070000E+03 1.0440E+05
  8.090000E+03 1.0261E+05
  8.100000E+03 1.0230E+05
  8.110000E+03 1.0200E+05
  8.130000E+03 1.0296E+05
  8.150000E+03 1.0266E+05
  8.170000E+03 1.0272E+05
  8.190000E+03 1.0138E+05
  8.200000E+03 1.0100E+05
  8.210000E+03 1.0063E+05
  8.230000E+03 1.0106E+05
  8.250000E+03 1.0103E+05
  8.270000E+03 1.0130E+05
  8.290000E+03 1.0034E+05
  8.300000E+03 9.8999E+04
  8.310000E+03 9.7697E+04
  8.330000E+03 9.7632E+04
  8.350000E+03 9.7214E+04
  8.370000E+03 9.7372E+04
  8.390000E+03 9.5835E+04
  8.400000E+03 9.6554E+04
  8.410000E+03 9.7299E+04
  8.430000E+03 9.5522E+04
  8.450000E+03 9.4922E+04
  8.470000E+03 9.4220E+04
  8.490000E+03 9.5623E+04
  8.500000E+03 9.3309E+04
  8.510000E+03 9.1082E+04
  8.530000E+03 9.5134E+04
  8.550000E+03 8.7936E+04
  8.570000E+03 9.6825E+04
  8.590000E+03 9.3418E+04
  8.600000E+03 9.3358E+04
  8.610000E+03 9.3306E+04
  8.630000E+03 9.6999E+04
  8.650000E+03 9.5341E+04
  8.670000E+03 8.6211E+04
  8.690000E+03 9.3984E+04
  8.700000E+03 9.5089E+04
  8.710000E+03 9.6217E+04
  8.730000E+03 9.5159E+04
  8.750000E+03 8.9499E+04
  8.770000E+03 9.4155E+04
  8.790000E+03 9.5479E+04
  8.800000E+03 9.4762E+04
  8.810000E+03 9.4058E+04
  8.830000E+03 9.4103E+04
  8.850000E+03 9.2329E+04
  8.870000E+03 8.7526E+04
  8.890000E+03 9.3047E+04
  8.900000E+03 9.3655E+04
  8.910000E+03 9.4271E+04
  8.930000E+03 9.2614E+04
  8.950000E+03 9.2537E+04
  8.970000E+03 9.2262E+04
  8.990000E+03 9.1190E+04
  9.000000E+03 8.8184E+04
  9.010000E+03 8.5375E+04
  9.030000E+03 8.8630E+04
  9.050000E+03 9.2284E+04
  9.070000E+03 9.1140E+04
  9.090000E+03 8.8794E+04
  9.100000E+03 8.8907E+04
  9.110000E+03 8.9023E+04
  9.130000E+03 9.0036E+04
  9.150000E+03 8.9220E+04
  9.170000E+03 8.8093E+04
  9.190000E+03 8.7618E+04
  9.200000E+03 8.5853E+04
  9.210000E+03 8.4130E+04
  9.230000E+03 7.9707E+04
  9.250000E+03 8.3010E+04
  9.270000E+03 8.4552E+04
  9.290000E+03 8.4842E+04
  9.300000E+03 8.5022E+04
  9.310000E+03 8.5204E+04
  9.330000E+03 8.4628E+04
  9.350000E+03 8.4446E+04
  9.370000E+03 8.3347E+04
  9.390000E+03 8.3683E+04
  9.400000E+03 8.2718E+04
  9.410000E+03 8.1771E+04
  9.430000E+03 8.3217E+04
  9.450000E+03 8.1833E+04
  9.470000E+03 8.2533E+04
  9.490000E+03 8.2372E+04
  9.500000E+03 8.1770E+04
  9.510000E+03 8.1175E+04
  9.530000E+03 8.0237E+04
  9.550000E+03 7.5551E+04
  9.570000E+03 7.9275E+04
  9.590000E+03 8.1055E+04
  9.600000E+03 8.0601E+04
  9.610000E+03 8.0153E+04
  9.630000E+03 7.9993E+04
  9.650000E+03 7.9301E+04
  9.670000E+03 7.8813E+04
  9.690000E+03 7.9453E+04
  9.700000E+03 7.9204E+04
  9.710000E+03 7.8957E+04
  9.730000E+03 7.8594E+04
  9.750000E+03 7.7987E+04
  9.770000E+03 7.7984E+04
  9.790000E+03 7.6985E+04
  9.800000E+03 7.7546E+04
  9.810000E+03 7.8123E+04
  9.830000E+03 7.7450E+04
  9.850000E+03 7.7700E+04
  9.870000E+03 7.7140E+04
  9.890000E+03 7.6797E+04
  9.900000E+03 7.6600E+04
  9.910000E+03 7.6405E+04
  9.930000E+03 7.6459E+04
  9.950000E+03 7.6244E+04
  9.970000E+03 7.6094E+04
  9.990000E+03 7.5568E+04
  1.000000E+04 7.5061E+04
  1.002500E+04 7.3836E+04
  1.007500E+04 7.2192E+04
  1.010000E+04 7.2834E+04
  1.012500E+04 7.3493E+04
  1.017500E+04 7.2658E+04
  1.020000E+04 7.2490E+04
  1.022500E+04 7.2325E+04
  1.027500E+04 7.1963E+04
  1.030000E+04 7.1319E+04
  1.032500E+04 7.0684E+04
  1.037500E+04 6.9926E+04
  1.040000E+04 6.9785E+04
  1.042500E+04 6.9647E+04
  1.047500E+04 6.8749E+04
  1.050000E+04 6.8546E+04
  1.052500E+04 6.8346E+04
  1.057500E+04 6.7442E+04
  1.060000E+04 6.7152E+04
  1.062500E+04 6.6864E+04
  1.067500E+04 6.5518E+04
  1.070000E+04 6.5352E+04
  1.072500E+04 6.5187E+04
  1.077500E+04 6.4463E+04
  1.080000E+04 6.3769E+04
  1.082500E+04 6.3085E+04
  1.087500E+04 6.2024E+04
  1.090000E+04 6.0807E+04
  1.092500E+04 5.9660E+04
  1.097500E+04 5.9265E+04
  1.100000E+04 5.9092E+04
  1.102500E+04 5.8933E+04
  1.107500E+04 5.8307E+04
  1.110000E+04 5.8103E+04
  1.112500E+04 5.7901E+04
  1.117500E+04 5.7431E+04
  1.120000E+04 5.7263E+04
  1.122500E+04 5.7096E+04
  1.127500E+04 5.6392E+04
  1.130000E+04 5.6228E+04
  1.132500E+04 5.6067E+04
  1.137500E+04 5.5719E+04
  1.140000E+04 5.5474E+04
  1.142500E+04 5.5233E+04
  1.147500E+04 5.5440E+04
  1.150000E+04 5.5282E+04
  1.152500E+04 5.5126E+04
  1.157500E+04 5.4470E+04
  1.160000E+04 5.4122E+04
  1.162500E+04 5.3778E+04
  1.167500E+04 5.3507E+04
  1.170000E+04 5.3573E+04
  1.172500E+04 5.3640E+04
  1.177500E+04 5.2879E+04
  1.180000E+04 5.2658E+04
  1.182500E+04 5.2438E+04
  1.187500E+04 5.1624E+04
  1.190000E+04 5.1835E+04
  1.192500E+04 5.2049E+04
  1.197500E+04 5.0588E+04
  1.200000E+04 5.0805E+04
  1.202500E+04 5.1026E+04
  1.207500E+04 5.0400E+04
  1.210000E+04 5.0265E+04
  1.212500E+04 5.0132E+04
  1.217500E+04 5.0014E+04
  1.220000E+04 4.9771E+04
  1.222500E+04 4.9529E+04
  1.227500E+04 4.9110E+04
  1.230000E+04 4.8865E+04
  1.232500E+04 4.8622E+04
  1.237500E+04 4.8345E+04
  1.240000E+04 4.8104E+04
  1.242500E+04 4.7864E+04
  1.247500E+04 4.7579E+04
  1.250000E+04 4.7276E+04
  1.252500E+04 4.6975E+04
  1.257500E+04 4.6717E+04
  1.260000E+04 4.6552E+04
  1.262500E+04 4.6388E+04
  1.267500E+04 4.5859E+04
  1.270000E+04 4.5773E+04
  1.272500E+04 4.5688E+04
  1.277500E+04 4.5384E+04
  1.280000E+04 4.4367E+04
  1.282500E+04 4.3390E+04
  1.287500E+04 4.4443E+04
  1.290000E+04 4.4188E+04
  1.292500E+04 4.3935E+04
  1.297500E+04 4.4099E+04
  1.300000E+04 4.3791E+04
  1.302500E+04 4.3487E+04
  1.307500E+04 4.3518E+04
  1.310000E+04 4.3179E+04
  1.312500E+04 4.2845E+04
  1.317500E+04 4.2618E+04
  1.320000E+04 4.2539E+04
  1.322500E+04 4.2461E+04
  1.327500E+04 4.1831E+04
  1.330000E+04 4.1870E+04
  1.332500E+04 4.1910E+04
  1.337500E+04 4.1435E+04
  1.340000E+04 4.1449E+04
  1.342500E+04 4.1464E+04
  1.347500E+04 4.1114E+04
  1.350000E+04 4.0994E+04
  1.352500E+04 4.0876E+04
  1.357500E+04 4.0253E+04
  1.360000E+04 4.0145E+04
  1.362500E+04 4.0039E+04
  1.367500E+04 3.9948E+04
  1.370000E+04 3.9885E+04
  1.372500E+04 3.9823E+04
  1.377500E+04 3.9550E+04
  1.380000E+04 3.9476E+04
  1.382500E+04 3.9402E+04
  1.387500E+04 3.8946E+04
  1.390000E+04 3.8693E+04
  1.392500E+04 3.8448E+04
  1.397500E+04 3.8306E+04
  1.400000E+04 3.7968E+04
  1.402500E+04 3.7633E+04
  1.407500E+04 3.7445E+04
  1.410000E+04 3.7063E+04
  1.412500E+04 3.6687E+04
  1.417500E+04 3.6546E+04
  1.420000E+04 3.6285E+04
  1.422500E+04 3.6028E+04
  1.427500E+04 3.5575E+04
  1.430000E+04 3.5742E+04
  1.432500E+04 3.5912E+04
  1.437500E+04 3.5906E+04
  1.440000E+04 3.5467E+04
  1.442500E+04 3.5037E+04
  1.447500E+04 3.5453E+04
  1.450000E+04 3.5230E+04
  1.452500E+04 3.5010E+04
  1.457000E+04 3.5086E+04
  1.460000E+04 3.4857E+04
  1.462000E+04 3.4706E+04
  1.467500E+04 3.4565E+04
  1.470000E+04 3.4317E+04
  1.472500E+04 3.4073E+04
  1.477500E+04 3.4135E+04
  1.480000E+04 3.4099E+04
  1.482500E+04 3.4064E+04
  1.487500E+04 3.3856E+04
  1.490000E+04 3.4063E+04
  1.492500E+04 3.4272E+04
  1.497500E+04 3.3905E+04
  1.500000E+04 3.3835E+04
  1.502500E+04 3.3766E+04
  1.507500E+04 3.3469E+04
  1.510000E+04 3.3589E+04
  1.512500E+04 3.3710E+04
  1.517500E+04 3.3720E+04
  1.520000E+04 3.3673E+04
  1.522500E+04 3.3626E+04
  1.527500E+04 3.3593E+04
  1.530000E+04 3.3463E+04
  1.532500E+04 3.3335E+04
  1.537500E+04 3.3523E+04
  1.540000E+04 3.3426E+04
  1.542500E+04 3.3331E+04
  1.547500E+04 3.3347E+04
  1.550000E+04 3.3156E+04
  1.552500E+04 3.2968E+04
  1.557500E+04 3.1572E+04
  1.560000E+04 3.1765E+04
  1.562500E+04 3.1965E+04
  1.567500E+04 3.1824E+04
  1.570000E+04 3.2038E+04
  1.572500E+04 3.2258E+04
  1.577500E+04 3.0412E+04
  1.580000E+04 3.0294E+04
  1.582500E+04 3.0188E+04
  1.587500E+04 3.0009E+04
  1.590000E+04 3.0494E+04
  1.592500E+04 3.0988E+04
  1.597500E+04 3.0068E+04
  1.600000E+04 3.0156E+04
  1.605000E+04 3.0354E+04
  1.610000E+04 3.0461E+04
  1.615000E+04 3.0582E+04
  1.620000E+04 3.0201E+04
  1.625000E+04 2.9837E+04
  1.630000E+04 3.0099E+04
  1.635000E+04 3.0378E+04
  1.640000E+04 2.9711E+04
  1.645000E+04 2.9063E+04
  1.650000E+04 2.9307E+04
  1.655000E+04 2.9557E+04
  1.660000E+04 2.9214E+04
  1.665000E+04 2.8879E+04
  1.670000E+04 2.8735E+04
  1.675000E+04 2.8597E+04
  1.680000E+04 2.8234E+04
  1.685000E+04 2.7879E+04
  1.690000E+04 2.7922E+04
  1.695000E+04 2.7968E+04
  1.700000E+04 2.7679E+04
  1.705000E+04 2.7396E+04
  1.710000E+04 2.7236E+04
  1.715000E+04 2.7079E+04
  1.720000E+04 2.6794E+04
  1.725000E+04 2.6515E+04
  1.730000E+04 2.6137E+04
  1.735000E+04 2.5768E+04
  1.740000E+04 2.5716E+04
  1.745000E+04 2.5667E+04
  1.750000E+04 2.5477E+04
  1.755000E+04 2.5289E+04
  1.760000E+04 2.5096E+04
  1.765000E+04 2.4905E+04
  1.770000E+04 2.4663E+04
  1.775000E+04 2.4424E+04
  1.780000E+04 2.4307E+04
  1.785000E+04 2.4192E+04
  1.790000E+04 2.3968E+04
  1.795000E+04 2.3747E+04
  1.800000E+04 2.3492E+04
  1.805000E+04 2.3241E+04
  1.810000E+04 2.3004E+04
  1.815000E+04 2.2773E+04
  1.820000E+04 2.2614E+04
  1.825000E+04 2.2457E+04
  1.830000E+04 2.2272E+04
  1.835000E+04 2.2089E+04
  1.840000E+04 2.1865E+04
  1.845000E+04 2.1644E+04
  1.850000E+04 2.1508E+04
  1.855000E+04 2.1373E+04
  1.860000E+04 2.1099E+04
  1.865000E+04 2.0830E+04
  1.870000E+04 2.0582E+04
  1.875000E+04 2.0340E+04
  1.880000E+04 2.0291E+04
  1.885000E+04 2.0244E+04
  1.890000E+04 1.9909E+04
  1.895000E+04 1.9583E+04
  1.900000E+04 1.9631E+04
  1.905000E+04 1.9683E+04
  1.910000E+04 1.9481E+04
  1.915000E+04 1.9283E+04
  1.920000E+04 1.9142E+04
  1.925000E+04 1.9004E+04
  1.930000E+04 1.8761E+04
  1.935000E+04 1.8522E+04
  1.940000E+04 1.8272E+04
  1.945000E+04 1.8028E+04
  1.950000E+04 1.8013E+04
  1.955000E+04 1.7999E+04
  1.960000E+04 1.7820E+04
  1.965000E+04 1.7644E+04
  1.970000E+04 1.7459E+04
  1.975000E+04 1.7276E+04
  1.980000E+04 1.7156E+04
  1.985000E+04 1.7037E+04
  1.990000E+04 1.6907E+04
  1.995000E+04 1.6779E+04
  2.000000E+04 1.6696E+04
  2.005000E+04 1.6615E+04
  2.010000E+04 1.6491E+04
  2.015000E+04 1.6369E+04
  2.020000E+04 1.6155E+04
  2.025000E+04 1.5946E+04
  2.030000E+04 1.5815E+04
  2.035000E+04 1.5686E+04
  2.040000E+04 1.5636E+04
  2.045000E+04 1.5586E+04
  2.050000E+04 1.5432E+04
  2.055000E+04 1.5280E+04
  2.060000E+04 1.5139E+04
  2.065000E+04 1.5000E+04
  2.070000E+04 1.4897E+04
  2.075000E+04 1.4795E+04
  2.080000E+04 1.4669E+04
  2.085000E+04 1.4544E+04
  2.090000E+04 1.4410E+04
  2.095000E+04 1.4278E+04
  2.100000E+04 1.4220E+04
  2.105000E+04 1.4163E+04
  2.110000E+04 1.4026E+04
  2.115000E+04 1.3890E+04
  2.120000E+04 1.3778E+04
  2.125000E+04 1.3668E+04
  2.130000E+04 1.3605E+04
  2.135000E+04 1.3542E+04
  2.140000E+04 1.3429E+04
  2.145000E+04 1.3316E+04
  2.150000E+04 1.3205E+04
  2.155000E+04 1.3095E+04
  2.160000E+04 1.2935E+04
  2.165000E+04 1.2778E+04
  2.170000E+04 1.2711E+04
  2.175000E+04 1.2646E+04
  2.180000E+04 1.2569E+04
  2.185000E+04 1.2493E+04
  2.190000E+04 1.2414E+04
  2.195000E+04 1.2336E+04
  2.200000E+04 1.2198E+04
  2.205000E+04 1.2062E+04
  2.210000E+04 1.2028E+04
  2.215000E+04 1.1994E+04
  2.220000E+04 1.1858E+04
  2.225000E+04 1.1723E+04
  2.230000E+04 1.1646E+04
  2.235000E+04 1.1570E+04
  2.240000E+04 1.1489E+04
  2.245000E+04 1.1409E+04
  2.250000E+04 1.1333E+04
  2.255000E+04 1.1257E+04
  2.260000E+04 1.1149E+04
  2.265000E+04 1.1043E+04
  2.270000E+04 1.1006E+04
  2.275000E+04 1.0970E+04
  2.280000E+04 1.0858E+04
  2.285000E+04 1.0748E+04
  2.290000E+04 9.8911E+03
  2.295000E+04 9.1154E+03
  2.300000E+04 9.4112E+03
  2.305000E+04 9.7197E+03
  2.310000E+04 9.6808E+03
  2.315000E+04 9.6425E+03
  2.320000E+04 8.9339E+03
  2.325000E+04 8.2864E+03
  2.330000E+04 8.6048E+03
  2.335000E+04 8.9392E+03
  2.340000E+04 8.7005E+03
  2.345000E+04 8.4712E+03
  2.350000E+04 8.0175E+03
  2.355000E+04 7.5960E+03
  2.360000E+04 7.9191E+03
  2.365000E+04 8.2608E+03
  2.370000E+04 8.0377E+03
  2.375000E+04 7.8228E+03
  2.380000E+04 7.5069E+03
  2.385000E+04 7.2089E+03
  2.390000E+04 7.4644E+03
  2.395000E+04 7.7322E+03
  2.400000E+04 7.6278E+03
  2.405000E+04 7.5256E+03
  2.410000E+04 7.2427E+03
  2.415000E+04 6.9743E+03
  2.420000E+04 7.1618E+03
  2.425000E+04 7.3563E+03
  2.430000E+04 7.2455E+03
  2.435000E+04 7.1377E+03
  2.440000E+04 7.0054E+03
  2.445000E+04 6.8777E+03
  2.450000E+04 6.8985E+03
  2.455000E+04 6.9196E+03
  2.460000E+04 6.9395E+03
  2.465000E+04 6.9612E+03
  2.470000E+04 6.8774E+03
  2.475000E+04 6.7952E+03
  2.480000E+04 6.4825E+03
  2.485000E+04 6.1911E+03
  2.490000E+04 6.1897E+03
  2.495000E+04 6.1913E+03
  2.500000E+04 6.2761E+03
  2.505000E+04 6.3621E+03
  2.510000E+04 6.2322E+03
  2.515000E+04 6.1137E+03
  2.520000E+04 6.2146E+03
  2.525000E+04 6.3190E+03
  2.530000E+04 6.3430E+03
  2.535000E+04 6.3673E+03
  2.540000E+04 6.3621E+03
  2.545000E+04 6.3580E+03
  2.550000E+04 6.3534E+03
  2.555000E+04 6.3499E+03
  2.560000E+04 6.3595E+03
  2.565000E+04 6.3697E+03
  2.570000E+04 6.3899E+03
  2.575000E+04 6.4102E+03
  2.580000E+04 6.3017E+03
  2.585000E+04 6.1970E+03
  2.590000E+04 6.2024E+03
  2.595000E+04 6.2082E+03
  2.600000E+04 6.2134E+03
  2.605000E+04 6.2193E+03
  2.610000E+04 6.1460E+03
  2.615000E+04 6.0740E+03
  2.620000E+04 6.0235E+03
  2.625000E+04 5.9737E+03
  2.630000E+04 5.9871E+03
  2.635000E+04 6.0010E+03
  2.640000E+04 5.9744E+03
  2.645000E+04 5.9480E+03
  2.650000E+04 5.8969E+03
  2.655000E+04 5.8463E+03
  2.660000E+04 5.7957E+03
  2.665000E+04 5.7457E+03
  2.670000E+04 5.7619E+03
  2.675000E+04 5.7797E+03
  2.680000E+04 5.7527E+03
  2.685000E+04 5.7262E+03
  2.690000E+04 5.6518E+03
  2.695000E+04 5.5790E+03
  2.700000E+04 5.5861E+03
  2.705000E+04 5.5937E+03
  2.710000E+04 5.5605E+03
  2.715000E+04 5.5276E+03
  2.720000E+04 5.5116E+03
  2.725000E+04 5.4958E+03
  2.730000E+04 5.4230E+03
  2.735000E+04 5.3517E+03
  2.740000E+04 5.3517E+03
  2.745000E+04 5.3520E+03
  2.750000E+04 5.3232E+03
  2.755000E+04 5.2950E+03
  2.760000E+04 5.2592E+03
  2.765000E+04 5.2238E+03
  2.770000E+04 5.1730E+03
  2.775000E+04 5.1229E+03
  2.780000E+04 5.1189E+03
  2.785000E+04 5.1152E+03
  2.790000E+04 5.0993E+03
  2.795000E+04 5.0837E+03
  2.800000E+04 5.0517E+03
  2.805000E+04 5.0200E+03
  2.810000E+04 4.9738E+03
  2.815000E+04 4.9281E+03
  2.820000E+04 4.9137E+03
  2.825000E+04 4.8994E+03
  2.830000E+04 4.8841E+03
  2.835000E+04 4.8689E+03
  2.840000E+04 4.8359E+03
  2.845000E+04 4.8031E+03
  2.850000E+04 4.7724E+03
  2.855000E+04 4.7419E+03
  2.860000E+04 4.7150E+03
  2.865000E+04 4.6883E+03
  2.870000E+04 4.6542E+03
  2.875000E+04 4.6206E+03
  2.880000E+04 4.6055E+03
  2.885000E+04 4.5907E+03
  2.890000E+04 4.5653E+03
  2.895000E+04 4.5401E+03
  2.900000E+04 4.5133E+03
  2.905000E+04 4.4868E+03
  2.910000E+04 4.4656E+03
  2.915000E+04 4.4445E+03
  2.920000E+04 4.4061E+03
  2.925000E+04 4.3681E+03
  2.930000E+04 4.3585E+03
  2.935000E+04 4.3490E+03
  2.940000E+04 4.3145E+03
  2.945000E+04 4.2804E+03
  2.950000E+04 4.2559E+03
  2.955000E+04 4.2316E+03
  2.960000E+04 4.2140E+03
  2.965000E+04 4.1964E+03
  2.970000E+04 4.1714E+03
  2.975000E+04 4.1465E+03
  2.980000E+04 4.1178E+03
  2.985000E+04 4.0893E+03
  2.990000E+04 4.0651E+03
  2.995000E+04 4.0411E+03
  3.000000E+04 4.0161E+03
  3.005000E+04 3.9912E+03
  3.010000E+04 3.9727E+03
  3.015000E+04 3.9544E+03
  3.020000E+04 3.9271E+03
  3.025000E+04 3.9001E+03
  3.030000E+04 3.8647E+03
  3.035000E+04 3.8298E+03
  3.040000E+04 3.8183E+03
  3.045000E+04 3.8069E+03
  3.050000E+04 3.7857E+03
  3.055000E+04 3.7648E+03
  3.060000E+04 3.7433E+03
  3.065000E+04 3.7220E+03
  3.070000E+04 3.7035E+03
  3.075000E+04 3.6851E+03
  3.080000E+04 3.6572E+03
  3.085000E+04 3.6296E+03
  3.090000E+04 3.6100E+03
  3.095000E+04 3.5906E+03
  3.100000E+04 3.5758E+03
  3.105000E+04 3.5611E+03
  3.110000E+04 3.5319E+03
  3.115000E+04 3.5029E+03
  3.120000E+04 3.4878E+03
  3.125000E+04 3.4728E+03
  3.130000E+04 3.4532E+03
  3.135000E+04 3.4339E+03
  3.140000E+04 3.4141E+03
  3.145000E+04 3.3945E+03
  3.150000E+04 3.3734E+03
  3.155000E+04 3.3524E+03
  3.160000E+04 3.3303E+03
  3.165000E+04 3.3083E+03
  3.170000E+04 3.2944E+03
  3.175000E+04 3.2805E+03
  3.180000E+04 3.2606E+03
  3.185000E+04 3.2408E+03
  3.190000E+04 3.2232E+03
  3.195000E+04 3.2058E+03
  3.200000E+04 3.1859E+03
  3.210000E+04 3.1467E+03
  3.220000E+04 3.1108E+03
  3.230000E+04 3.0755E+03
  3.240000E+04 3.0405E+03
  3.250000E+04 3.0060E+03
  3.260000E+04 2.9711E+03
  3.270000E+04 2.9366E+03
  3.280000E+04 2.8981E+03
  3.290000E+04 2.8604E+03
  3.300000E+04 2.8327E+03
  3.310000E+04 2.8054E+03
  3.320000E+04 2.7743E+03
  3.330000E+04 2.7436E+03
  3.340000E+04 2.7166E+03
  3.350000E+04 2.6898E+03
  3.360000E+04 2.6588E+03
  3.370000E+04 2.6283E+03
  3.380000E+04 2.5989E+03
  3.390000E+04 2.5698E+03
  3.400000E+04 2.5406E+03
  3.410000E+04 2.5118E+03
  3.420000E+04 2.4878E+03
  3.430000E+04 2.4641E+03
  3.440000E+04 2.4394E+03
  3.450000E+04 2.4151E+03
  3.460000E+04 2.3891E+03
  3.470000E+04 2.3634E+03
  3.480000E+04 2.3393E+03
  3.490000E+04 2.3155E+03
  3.500000E+04 2.2927E+03
  3.510000E+04 2.2703E+03
  3.520000E+04 2.2444E+03
  3.530000E+04 2.2188E+03
  3.540000E+04 2.1977E+03
  3.550000E+04 2.1769E+03
  3.560000E+04 2.1539E+03
  3.570000E+04 2.1311E+03
  3.580000E+04 2.1094E+03
  3.590000E+04 2.0879E+03
  3.600000E+04 2.0686E+03
  3.610000E+04 2.0496E+03
  3.620000E+04 2.0296E+03
  3.630000E+04 2.0098E+03
  3.640000E+04 1.9866E+03
  3.650000E+04 1.9637E+03
  3.660000E+04 1.9447E+03
  3.670000E+04 1.9259E+03
  3.680000E+04 1.9019E+03
  3.690000E+04 1.8783E+03
  3.700000E+04 1.8590E+03
  3.710000E+04 1.8399E+03
  3.720000E+04 1.8245E+03
  3.730000E+04 1.8092E+03
  3.740000E+04 1.7851E+03
  3.750000E+04 1.7614E+03
  3.760000E+04 1.7519E+03
  3.770000E+04 1.7426E+03
  3.780000E+04 1.7252E+03
  3.790000E+04 1.7080E+03
  3.800000E+04 1.6926E+03
  3.810000E+04 1.6775E+03
  3.820000E+04 1.6634E+03
  3.830000E+04 1.6495E+03
  3.840000E+04 1.6348E+03
  3.850000E+04 1.6203E+03
  3.860000E+04 1.6026E+03
  3.870000E+04 1.5852E+03
  3.880000E+04 1.5708E+03
  3.890000E+04 1.5566E+03
  3.900000E+04 1.5422E+03
  3.910000E+04 1.5279E+03
  3.920000E+04 1.5154E+03
  3.930000E+04 1.5031E+03
  3.940000E+04 1.4860E+03
  3.950000E+04 1.4693E+03
  3.960000E+04 1.4564E+03
  3.970000E+04 1.4437E+03
  3.980000E+04 1.4271E+03
  3.990000E+04 1.4109E+03
  4.000000E+04 1.3996E+03
  4.010000E+04 1.3886E+03
  4.020000E+04 1.3770E+03
  4.030000E+04 1.3657E+03
  4.040000E+04 1.3512E+03
  4.050000E+04 1.3369E+03
  4.060000E+04 1.3268E+03
  4.070000E+04 1.3169E+03
  4.080000E+04 1.3054E+03
  4.090000E+04 1.2940E+03
  4.100000E+04 1.2831E+03
  4.110000E+04 1.2722E+03
  4.120000E+04 1.2616E+03
  4.130000E+04 1.2510E+03
  4.140000E+04 1.2390E+03
  4.150000E+04 1.2272E+03
  4.160000E+04 1.2149E+03
  4.170000E+04 1.2028E+03
  4.180000E+04 1.1932E+03
  4.190000E+04 1.1837E+03
  4.200000E+04 1.1726E+03
  4.210000E+04 1.1616E+03
  4.220000E+04 1.1540E+03
  4.230000E+04 1.1465E+03
  4.240000E+04 1.1350E+03
  4.250000E+04 1.1236E+03
  4.260000E+04 1.1151E+03
  4.270000E+04 1.1066E+03
  4.280000E+04 1.0792E+03
  4.290000E+04 1.0530E+03
  4.300000E+04 1.0293E+03
  4.310000E+04 1.0065E+03
  4.320000E+04 1.0072E+03
  4.330000E+04 1.0081E+03
  4.340000E+04 9.8481E+02
  4.350000E+04 9.6242E+02
  4.360000E+04 9.5018E+02
  4.370000E+04 9.3814E+02
  4.380000E+04 9.2800E+02
  4.390000E+04 9.1803E+02
  4.400000E+04 8.9655E+02
  4.410000E+04 8.7596E+02
  4.420000E+04 8.7275E+02
  4.430000E+04 8.6959E+02
  4.440000E+04 8.5968E+02
  4.450000E+04 8.4991E+02
  4.460000E+04 8.3401E+02
  4.470000E+04 8.1861E+02
  4.480000E+04 8.2012E+02
  4.490000E+04 8.2177E+02
  4.500000E+04 8.1069E+02
  4.510000E+04 7.9982E+02
  4.520000E+04 7.8798E+02
  4.530000E+04 7.7641E+02
  4.540000E+04 7.7576E+02
  4.550000E+04 7.7518E+02
  4.560000E+04 7.6875E+02
  4.570000E+04 7.6239E+02
  4.580000E+04 7.4930E+02
  4.590000E+04 7.3656E+02
  4.600000E+04 7.3821E+02
  4.610000E+04 7.3998E+02
  4.620000E+04 7.3127E+02
  4.630000E+04 7.2270E+02
  4.640000E+04 7.1713E+02
  4.650000E+04 7.1165E+02
  4.660000E+04 7.0851E+02
  4.670000E+04 7.0541E+02
  4.680000E+04 6.9961E+02
  4.690000E+04 6.9389E+02
  4.700000E+04 6.8719E+02
  4.710000E+04 6.8057E+02
  4.720000E+04 6.8044E+02
  4.730000E+04 6.8037E+02
  4.740000E+04 6.7331E+02
  4.750000E+04 6.6634E+02
  4.760000E+04 6.6175E+02
  4.770000E+04 6.5720E+02
  4.780000E+04 6.5234E+02
  4.790000E+04 6.4752E+02
  4.800000E+04 6.4063E+02
  4.810000E+04 6.3384E+02
  4.820000E+04 6.3434E+02
  4.830000E+04 6.3492E+02
  4.840000E+04 6.2870E+02
  4.850000E+04 6.2255E+02
  4.860000E+04 6.1655E+02
  4.870000E+04 6.1061E+02
  4.880000E+04 6.0734E+02
  4.890000E+04 6.0410E+02
  4.900000E+04 5.9903E+02
  4.910000E+04 5.9401E+02
  4.920000E+04 5.9006E+02
  4.930000E+04 5.8616E+02
  4.940000E+04 5.8112E+02
  4.950000E+04 5.7614E+02
  4.960000E+04 5.7455E+02
  4.970000E+04 5.7298E+02
  4.980000E+04 5.6768E+02
  4.990000E+04 5.6244E+02
  5.000000E+04 5.5992E+02
  5.010000E+04 5.5742E+02
  5.020000E+04 5.5356E+02
  5.030000E+04 5.4972E+02
  5.040000E+04 5.4385E+02
  5.050000E+04 5.3806E+02
  5.060000E+04 5.3552E+02
  5.070000E+04 5.3301E+02
  5.080000E+04 5.2945E+02
  5.090000E+04 5.2591E+02
  5.100000E+04 5.2150E+02
  5.110000E+04 5.1713E+02
  5.120000E+04 5.1340E+02
  5.130000E+04 5.0973E+02
  5.140000E+04 5.0638E+02
  5.150000E+04 5.0308E+02
  5.160000E+04 5.0216E+02
  5.170000E+04 5.0127E+02
  5.180000E+04 4.9681E+02
  5.190000E+04 4.9240E+02
  5.200000E+04 4.8895E+02
  5.210000E+04 4.8553E+02
  5.220000E+04 4.8202E+02
  5.230000E+04 4.7854E+02
  5.240000E+04 4.7643E+02
  5.250000E+04 4.7434E+02
  5.260000E+04 4.7342E+02
  5.270000E+04 4.7252E+02
  5.280000E+04 4.6671E+02
  5.290000E+04 4.6100E+02
  5.300000E+04 4.5743E+02
  5.310000E+04 4.5389E+02
  5.320000E+04 4.5229E+02
  5.330000E+04 4.5070E+02
  5.340000E+04 4.4771E+02
  5.350000E+04 4.4475E+02
  5.360000E+04 4.4195E+02
  5.370000E+04 4.3918E+02
  5.380000E+04 4.3678E+02
  5.390000E+04 4.3440E+02
  5.400000E+04 4.3175E+02
  5.410000E+04 4.2911E+02
  5.420000E+04 4.2539E+02
  5.430000E+04 4.2171E+02
  5.440000E+04 4.2055E+02
  5.450000E+04 4.1941E+02
  5.460000E+04 4.1549E+02
  5.470000E+04 4.1162E+02
  5.480000E+04 4.1003E+02
  5.490000E+04 4.0845E+02
  5.500000E+04 4.0487E+02
  5.510000E+04 4.0132E+02
  5.520000E+04 4.0186E+02
  5.530000E+04 4.0244E+02
  5.540000E+04 3.9732E+02
  5.550000E+04 3.9229E+02
  5.560000E+04 3.9151E+02
  5.570000E+04 3.9075E+02
  5.580000E+04 3.8739E+02
  5.590000E+04 3.8407E+02
  5.600000E+04 3.8300E+02
  5.610000E+04 3.8194E+02
  5.620000E+04 3.7811E+02
  5.630000E+04 3.7434E+02
  5.640000E+04 3.7335E+02
  5.650000E+04 3.7238E+02
  5.660000E+04 3.6990E+02
  5.670000E+04 3.6743E+02
  5.680000E+04 3.6398E+02
  5.690000E+04 3.6056E+02
  5.700000E+04 3.5979E+02
  5.710000E+04 3.5904E+02
  5.720000E+04 3.5696E+02
  5.730000E+04 3.5491E+02
  5.740000E+04 3.5257E+02
  5.750000E+04 3.5025E+02
  5.760000E+04 3.4802E+02
  5.770000E+04 3.4582E+02
  5.780000E+04 3.4443E+02
  5.790000E+04 3.4305E+02
  5.800000E+04 3.4061E+02
  5.810000E+04 3.3819E+02
  5.820000E+04 3.3630E+02
  5.830000E+04 3.3443E+02
  5.840000E+04 3.3245E+02
  5.850000E+04 3.3048E+02
  5.860000E+04 3.2784E+02
  5.870000E+04 3.2523E+02
  5.880000E+04 3.2353E+02
  5.890000E+04 3.2184E+02
  5.900000E+04 3.1959E+02
  5.910000E+04 3.1737E+02
  5.920000E+04 3.1625E+02
  5.930000E+04 3.1514E+02
  5.940000E+04 3.1277E+02
  5.950000E+04 3.1043E+02
  5.960000E+04 3.0927E+02
  5.970000E+04 3.0813E+02
  5.980000E+04 3.0632E+02
  5.990000E+04 3.0452E+02
  6.000000E+04 3.0273E+02
  6.010000E+04 3.0095E+02
  6.020000E+04 2.9914E+02
  6.030000E+04 2.9733E+02
  6.040000E+04 2.9516E+02
  6.050000E+04 2.9301E+02
  6.060000E+04 2.9143E+02
  6.070000E+04 2.8985E+02
  6.080000E+04 2.8801E+02
  6.090000E+04 2.8618E+02
  6.100000E+04 2.8442E+02
  6.110000E+04 2.8267E+02
  6.120000E+04 2.8135E+02
  6.130000E+04 2.8003E+02
  6.140000E+04 2.7858E+02
  6.150000E+04 2.7714E+02
  6.160000E+04 2.7591E+02
  6.170000E+04 2.7468E+02
  6.180000E+04 2.7290E+02
  6.190000E+04 2.7112E+02
  6.200000E+04 2.6985E+02
  6.210000E+04 2.6858E+02
  6.220000E+04 2.6663E+02
  6.230000E+04 2.6469E+02
  6.240000E+04 2.6289E+02
  6.250000E+04 2.6110E+02
  6.260000E+04 2.5967E+02
  6.270000E+04 2.5825E+02
  6.280000E+04 2.5687E+02
  6.290000E+04 2.5549E+02
  6.300000E+04 2.5398E+02
  6.310000E+04 2.5247E+02
  6.320000E+04 2.5144E+02
  6.330000E+04 2.5042E+02
  6.340000E+04 2.4879E+02
  6.350000E+04 2.4717E+02
  6.360000E+04 2.4618E+02
  6.370000E+04 2.4519E+02
  6.380000E+04 2.4344E+02
  6.390000E+04 2.4170E+02
  6.400000E+04 2.4042E+02
  6.410000E+04 2.3914E+02
  6.420000E+04 2.3788E+02
  6.430000E+04 2.3646E+02
  6.440000E+04 2.3504E+02
  6.450000E+04 2.3364E+02
  6.460000E+04 2.3225E+02
  6.470000E+04 2.3097E+02
  6.480000E+04 2.2970E+02
  6.490000E+04 2.2843E+02
  6.500000E+04 2.2718E+02
  6.510000E+04 2.2589E+02
  6.520000E+04 2.2462E+02
  6.530000E+04 2.2336E+02
  6.540000E+04 2.2210E+02
  6.550000E+04 2.2094E+02
  6.560000E+04 2.1978E+02
  6.570000E+04 2.1863E+02
  6.580000E+04 2.1749E+02
  6.590000E+04 2.1623E+02
  6.600000E+04 2.1498E+02
  6.610000E+04 2.1374E+02
  6.620000E+04 2.1250E+02
  6.630000E+04 2.1135E+02
  6.640000E+04 2.1020E+02
  6.650000E+04 2.0907E+02
  6.660000E+04 2.0793E+02
  6.670000E+04 2.0681E+02
  6.680000E+04 2.0570E+02
  6.690000E+04 2.0459E+02
  6.700000E+04 2.0349E+02
  6.710000E+04 2.0231E+02
  6.720000E+04 2.0115E+02
  6.730000E+04 2.0000E+02
  6.740000E+04 1.9885E+02
  6.750000E+04 1.9778E+02
  6.760000E+04 1.9672E+02
  6.770000E+04 1.9566E+02
  6.780000E+04 1.9461E+02
  6.790000E+04 1.9354E+02
  6.800000E+04 1.9247E+02
  6.810000E+04 1.9141E+02
  6.820000E+04 1.9036E+02
  6.830000E+04 1.8937E+02
  6.840000E+04 1.8839E+02
  6.850000E+04 1.8741E+02
  6.860000E+04 1.8645E+02
  6.870000E+04 1.8540E+02
  6.880000E+04 1.8435E+02
  6.890000E+04 1.8332E+02
  6.900000E+04 1.8229E+02
  6.910000E+04 1.8132E+02
  6.920000E+04 1.8036E+02
  6.930000E+04 1.7940E+02
  6.940000E+04 1.7846E+02
  6.950000E+04 1.7750E+02
  6.960000E+04 1.7655E+02
  6.970000E+04 1.7560E+02
  6.980000E+04 1.7466E+02
  6.990000E+04 1.7371E+02
  7.000000E+04 1.7277E+02
  7.010000E+04 1.7183E+02
  7.020000E+04 1.7089E+02
  7.030000E+04 1.7002E+02
  7.040000E+04 1.6914E+02
  7.050000E+04 1.6827E+02
  7.060000E+04 1.6741E+02
  7.070000E+04 1.6651E+02
  7.080000E+04 1.6561E+02
  7.090000E+04 1.6472E+02
  7.100000E+04 1.6383E+02
  7.110000E+04 1.6298E+02
  7.120000E+04 1.6214E+02
  7.130000E+04 1.6131E+02
  7.140000E+04 1.6048E+02
  7.150000E+04 1.5962E+02
  7.160000E+04 1.5877E+02
  7.170000E+04 1.5792E+02
  7.180000E+04 1.5708E+02
  7.190000E+04 1.5627E+02
  7.200000E+04 1.5546E+02
  7.210000E+04 1.5466E+02
  7.220000E+04 1.5386E+02
  7.230000E+04 1.5305E+02
  7.240000E+04 1.5224E+02
  7.250000E+04 1.5144E+02
  7.260000E+04 1.5064E+02
  7.270000E+04 1.4987E+02
  7.280000E+04 1.4910E+02
  7.290000E+04 1.4834E+02
  7.300000E+04 1.4759E+02
  7.310000E+04 1.4681E+02
  7.320000E+04 1.4604E+02
  7.330000E+04 1.4527E+02
  7.340000E+04 1.4451E+02
  7.350000E+04 1.4378E+02
  7.360000E+04 1.4305E+02
  7.370000E+04 1.4233E+02
  7.380000E+04 1.4162E+02
  7.390000E+04 1.4085E+02
  7.400000E+04 1.4009E+02
  7.410000E+04 1.3933E+02
  7.420000E+04 1.3858E+02
  7.430000E+04 1.3782E+02
  7.440000E+04 1.3706E+02
  7.450000E+04 1.3631E+02
  7.460000E+04 1.3556E+02
  7.470000E+04 1.3488E+02
  7.480000E+04 1.3419E+02
  7.490000E+04 1.3352E+02
  7.500000E+04 1.3284E+02
  7.510000E+04 1.3222E+02
  7.520000E+04 1.3161E+02
  7.530000E+04 1.3100E+02
  7.540000E+04 1.3039E+02
  7.550000E+04 1.2976E+02
  7.560000E+04 1.2914E+02
  7.570000E+04 1.2852E+02
  7.580000E+04 1.2790E+02
  7.590000E+04 1.2726E+02
  7.600000E+04 1.2663E+02
  7.610000E+04 1.2599E+02
  7.620000E+04 1.2536E+02
  7.630000E+04 1.2474E+02
  7.640000E+04 1.2412E+02
  7.650000E+04 1.2351E+02
  7.660000E+04 1.2289E+02
  7.670000E+04 1.2228E+02
  7.680000E+04 1.2166E+02
  7.690000E+04 1.2105E+02
  7.700000E+04 1.2044E+02
  7.710000E+04 1.1985E+02
  7.720000E+04 1.1927E+02
  7.730000E+04 1.1868E+02
  7.740000E+04 1.1811E+02
  7.750000E+04 1.1753E+02
  7.760000E+04 1.1695E+02
  7.770000E+04 1.1638E+02
  7.780000E+04 1.1581E+02
  7.790000E+04 1.1524E+02
  7.800000E+04 1.1468E+02
  7.810000E+04 1.1412E+02
  7.820000E+04 1.1356E+02
  7.830000E+04 1.1301E+02
  7.840000E+04 1.1246E+02
  7.850000E+04 1.1191E+02
  7.860000E+04 1.1137E+02
  7.870000E+04 1.1083E+02
  7.880000E+04 1.1029E+02
  7.890000E+04 1.0975E+02
  7.900000E+04 1.0922E+02
  7.910000E+04 1.0869E+02
  7.920000E+04 1.0816E+02
  7.930000E+04 1.0764E+02
  7.940000E+04 1.0712E+02
  7.950000E+04 1.0661E+02
  7.960000E+04 1.0610E+02
  7.970000E+04 1.0560E+02
  7.980000E+04 1.0510E+02
  7.990000E+04 1.0458E+02
  8.000000E+04 1.0407E+02
  8.010000E+04 1.0355E+02
  8.020000E+04 1.0304E+02
  8.030000E+04 1.0255E+02
  8.040000E+04 1.0206E+02
  8.050000E+04 1.0158E+02
  8.060000E+04 1.0109E+02
  8.070000E+04 1.0062E+02
  8.080000E+04 1.0016E+02
  8.090000E+04 9.9696E+01
  8.100000E+04 9.9236E+01
  8.110000E+04 9.8757E+01
  8.120000E+04 9.8281E+01
  8.130000E+04 9.7808E+01
  8.140000E+04 9.7338E+01
  8.150000E+04 9.6891E+01
  8.160000E+04 9.6446E+01
  8.170000E+04 9.6003E+01
  8.180000E+04 9.5564E+01
  8.190000E+04 9.5118E+01
  8.200000E+04 9.4674E+01
  8.210000E+04 9.4234E+01
  8.220000E+04 9.3796E+01
  8.230000E+04 9.3355E+01
  8.240000E+04 9.2917E+01
  8.250000E+04 9.2482E+01
  8.260000E+04 9.2049E+01
  8.270000E+04 9.1625E+01
  8.280000E+04 9.1204E+01
  8.290000E+04 9.0785E+01
  8.300000E+04 9.0368E+01
  8.310000E+04 8.9939E+01
  8.320000E+04 8.9513E+01
  8.330000E+04 8.9089E+01
  8.340000E+04 8.8668E+01
  8.350000E+04 8.8263E+01
  8.360000E+04 8.7860E+01
  8.370000E+04 8.7459E+01
  8.380000E+04 8.7061E+01
  8.390000E+04 8.6671E+01
  8.400000E+04 8.6283E+01
  8.410000E+04 8.5898E+01
  8.420000E+04 8.5514E+01
  8.430000E+04 8.5122E+01
  8.440000E+04 8.4733E+01
  8.450000E+04 8.4345E+01
  8.460000E+04 8.3960E+01
  8.470000E+04 8.3580E+01
  8.480000E+04 8.3202E+01
  8.490000E+04 8.2825E+01
  8.500000E+04 8.2451E+01
  8.510000E+04 8.2080E+01
  8.520000E+04 8.1712E+01
  8.530000E+04 8.1345E+01
  8.540000E+04 8.0980E+01
  8.550000E+04 8.0616E+01
  8.560000E+04 8.0255E+01
  8.570000E+04 7.9895E+01
  8.580000E+04 7.9537E+01
  8.590000E+04 7.9183E+01
  8.600000E+04 7.8831E+01
  8.610000E+04 7.8481E+01
  8.620000E+04 7.8133E+01
  8.630000E+04 7.7787E+01
  8.640000E+04 7.7443E+01
  8.650000E+04 7.7101E+01
  8.660000E+04 7.6761E+01
  8.670000E+04 7.6421E+01
  8.680000E+04 7.6083E+01
  8.690000E+04 7.5747E+01
  8.700000E+04 7.5412E+01
  8.710000E+04 7.5078E+01
  8.720000E+04 7.4747E+01
  8.730000E+04 7.4417E+01
  8.740000E+04 7.4089E+01
  8.750000E+04 7.3762E+01
  8.760000E+04 7.3437E+01
  8.770000E+04 7.3113E+01
  8.780000E+04 7.2792E+01
  8.790000E+04 7.2467E+01
  8.800000E+04 7.2145E+01
  8.810000E+04 7.1825E+01
  8.820000E+04 7.1506E+01
  8.830000E+04 7.1195E+01
  8.840000E+04 7.0886E+01
  8.850000E+04 7.0578E+01
  8.860000E+04 7.0273E+01
  8.870000E+04 6.9966E+01
  8.880000E+04 6.9662E+01
  8.890000E+04 6.9359E+01
  8.900000E+04 6.9058E+01
  8.910000E+04 6.8764E+01
  8.920000E+04 6.8473E+01
  8.930000E+04 6.8183E+01
  8.940000E+04 6.7895E+01
  8.950000E+04 6.7593E+01
  8.960000E+04 6.7293E+01
  8.970000E+04 6.6995E+01
  8.980000E+04 6.6699E+01
  8.990000E+04 6.6423E+01
  9.000000E+04 6.6149E+01
  9.010000E+04 6.5876E+01
  9.020000E+04 6.5604E+01
  9.030000E+04 6.5328E+01
  9.040000E+04 6.5052E+01
  9.050000E+04 6.4778E+01
  9.060000E+04 6.4506E+01
  9.070000E+04 6.4218E+01
  9.080000E+04 6.3932E+01
  9.090000E+04 6.3647E+01
  9.100000E+04 6.3364E+01
  9.110000E+04 6.3103E+01
  9.120000E+04 6.2843E+01
  9.130000E+04 6.2585E+01
  9.140000E+04 6.2327E+01
  9.150000E+04 6.2069E+01
  9.160000E+04 6.1812E+01
  9.170000E+04 6.1557E+01
  9.180000E+04 6.1303E+01
  9.190000E+04 6.1049E+01
  9.200000E+04 6.0797E+01
  9.210000E+04 6.0546E+01
  9.220000E+04 6.0297E+01
  9.230000E+04 6.0043E+01
  9.240000E+04 5.9791E+01
  9.250000E+04 5.9541E+01
  9.260000E+04 5.9292E+01
  9.270000E+04 5.9047E+01
  9.280000E+04 5.8804E+01
  9.290000E+04 5.8562E+01
  9.300000E+04 5.8321E+01
  9.310000E+04 5.8076E+01
  9.320000E+04 5.7833E+01
  9.330000E+04 5.7591E+01
  9.340000E+04 5.7350E+01
  9.350000E+04 5.7116E+01
  9.360000E+04 5.6882E+01
  9.370000E+04 5.6650E+01
  9.380000E+04 5.6419E+01
  9.390000E+04 5.6187E+01
  9.400000E+04 5.5956E+01
  9.410000E+04 5.5727E+01
  9.420000E+04 5.5499E+01
  9.430000E+04 5.5269E+01
  9.440000E+04 5.5041E+01
  9.450000E+04 5.4813E+01
  9.460000E+04 5.4587E+01
  9.470000E+04 5.4366E+01
  9.480000E+04 5.4146E+01
  9.490000E+04 5.3927E+01
  9.500000E+04 5.3710E+01
  9.510000E+04 5.3492E+01
  9.520000E+04 5.3276E+01
  9.530000E+04 5.3061E+01
  9.540000E+04 5.2847E+01
  9.550000E+04 5.2635E+01
  9.560000E+04 5.2424E+01
  9.570000E+04 5.2214E+01
  9.580000E+04 5.2006E+01
  9.590000E+04 5.1794E+01
  9.600000E+04 5.1584E+01
  9.610000E+04 5.1376E+01
  9.620000E+04 5.1167E+01
  9.630000E+04 5.0964E+01
  9.640000E+04 5.0761E+01
  9.650000E+04 5.0559E+01
  9.660000E+04 5.0358E+01
  9.670000E+04 5.0157E+01
  9.680000E+04 4.9958E+01
  9.690000E+04 4.9759E+01
  9.700000E+04 4.9561E+01
  9.710000E+04 4.9354E+01
  9.720000E+04 4.9148E+01
  9.730000E+04 4.8943E+01
  9.740000E+04 4.8739E+01
  9.750000E+04 4.8552E+01
  9.760000E+04 4.8366E+01
  9.770000E+04 4.8181E+01
  9.780000E+04 4.7996E+01
  9.790000E+04 4.7809E+01
  9.800000E+04 4.7623E+01
  9.810000E+04 4.7438E+01
  9.820000E+04 4.7253E+01
  9.830000E+04 4.7069E+01
  9.840000E+04 4.6886E+01
  9.850000E+04 4.6703E+01
  9.860000E+04 4.6522E+01
  9.870000E+04 4.6341E+01
  9.880000E+04 4.6160E+01
  9.890000E+04 4.5981E+01
  9.900000E+04 4.5802E+01
  9.910000E+04 4.5622E+01
  9.920000E+04 4.5442E+01
  9.930000E+04 4.5264E+01
  9.940000E+04 4.5086E+01
  9.950000E+04 4.4911E+01
  9.960000E+04 4.4737E+01
  9.970000E+04 4.4564E+01
  9.980000E+04 4.4392E+01
  9.990000E+04 4.4221E+01
  1.000000E+05 4.4050E+01
  1.002000E+05 4.3710E+01
  1.050000E+05 3.6399E+01
  1.100000E+05 3.0343E+01
  1.130000E+05 2.7312E+01
  1.160000E+05 2.4651E+01
  1.200000E+05 2.1590E+01
  1.250000E+05 1.8404E+01
  1.300000E+05 1.5786E+01
  1.350000E+05 1.3620E+01
  1.400000E+05 1.1814E+01
  1.450000E+05 1.0299E+01
  1.500000E+05 9.0207E+00
  1.600000E+05 7.0086E+00
  1.700000E+05 5.5294E+00
  1.800000E+05 4.4220E+00
  1.900000E+05 3.5794E+00
  2.000000E+05 2.9290E+00
  2.200000E+05 2.0075E+00
  2.300000E+05 1.6832E+00
  2.400000E+05 1.4219E+00
  2.500000E+05 1.2095E+00
  2.600000E+05 1.0354E+00
  2.700000E+05 8.9152E-01
  2.800000E+05 7.7185E-01
  3.000000E+05 5.8719E-01
  3.500000E+05 3.1876E-01
  4.000000E+05 1.8778E-01
  4.500000E+05 1.1739E-01
  5.000000E+05 7.7117E-02
  5.500000E+05 5.2732E-02
  6.000000E+05 3.7272E-02
  6.500000E+05 2.7063E-02
  7.000000E+05 2.0123E-02
  7.500000E+05 1.5271E-02
  8.000000E+05 1.1798E-02
  8.500000E+05 9.2550E-03
  9.000000E+05 7.3616E-03
  9.500000E+05 5.9286E-03
  1.000000E+06 4.8278E-03
  1.050000E+06 3.9703E-03
  1.100000E+06 3.2950E-03
  1.200000E+06 2.3249E-03
  1.300000E+06 1.6866E-03
  1.400000E+06 1.2530E-03
  1.500000E+06 9.5000E-04
  1.600000E+06 7.3329E-04
  2.000000E+06 3.0083E-04
  2.500000E+06 1.2322E-04
  3.000000E+06 5.9424E-05
  4.000000E+06 1.8802E-05
  5.000000E+06 7.7014E-06
  7.000000E+06 2.0047E-06
  1.000000E+07 4.8134E-07
  1.500000E+07 9.5079E-08
  2.250000E+07 1.8781E-08
  3.350000E+07 3.8218E-09
  5.000000E+07 7.7014E-10
  7.400000E+07 1.6052E-10
  1.100000E+08 3.2876E-11
  1.300000E+08 1.6853E-11
  1.600000E+08 7.3446E-12
  2.400000E+08 1.4508E-12
  3.600000E+08 2.8658E-13
