# File: out_constant_SFH.ised
# Column            2
# Age(yr)       4.000E+06
# Lambda(A)       Flux   
  9.100000E+01 3.2382E+03
  9.400000E+01 3.6762E+03
  9.600000E+01 3.9393E+03
  9.800000E+01 2.5516E+04
  1.000000E+02 7.9962E+04
  1.020000E+02 8.5728E+04
  1.040000E+02 8.1544E+04
  1.060000E+02 8.2615E+04
  1.080000E+02 8.4989E+04
  1.100000E+02 9.4324E+04
  1.140000E+02 9.9435E+04
  1.180000E+02 9.4548E+04
  1.210000E+02 1.1878E+05
  1.250000E+02 1.2284E+05
  1.270000E+02 1.2608E+05
  1.280000E+02 1.2709E+05
  1.310000E+02 1.2321E+05
  1.320000E+02 1.2592E+05
  1.340000E+02 1.1976E+05
  1.370000E+02 1.3308E+05
  1.400000E+02 1.3348E+05
  1.430000E+02 1.5698E+05
  1.470000E+02 1.8302E+05
  1.500000E+02 1.5036E+05
  1.510000E+02 1.6550E+05
  1.550000E+02 1.8473E+05
  1.590000E+02 1.8532E+05
  1.620000E+02 1.8560E+05
  1.660000E+02 1.8658E+05
  1.700000E+02 1.8625E+05
  1.730000E+02 1.2511E+05
  1.770000E+02 1.8752E+05
  1.800000E+02 1.8762E+05
  1.820000E+02 1.8751E+05
  1.860000E+02 1.8769E+05
  1.910000E+02 1.8765E+05
  1.940000E+02 1.8871E+05
  1.980000E+02 1.8849E+05
  2.000000E+02 1.8832E+05
  2.020000E+02 1.8840E+05
  2.050000E+02 1.8816E+05
  2.100000E+02 1.8450E+05
  2.160000E+02 1.8769E+05
  2.200000E+02 1.8797E+05
  2.230000E+02 1.8565E+05
  2.270000E+02 1.8801E+05
  2.300000E+02 2.3408E+05
  2.340000E+02 3.2745E+05
  2.400000E+02 3.7179E+05
  2.460000E+02 3.4099E+05
  2.520000E+02 3.8176E+05
  2.570000E+02 3.8795E+05
  2.600000E+02 3.9475E+05
  2.640000E+02 6.1376E+05
  2.690000E+02 6.5831E+05
  2.740000E+02 6.9127E+05
  2.790000E+02 5.4879E+05
  2.840000E+02 7.4516E+05
  2.900000E+02 8.2626E+05
  2.960000E+02 7.2936E+05
  3.000000E+02 6.5763E+05
  3.010000E+02 6.3998E+05
  3.080000E+02 7.1697E+05
  3.180000E+02 7.0556E+05
  3.280000E+02 7.5156E+05
  3.380000E+02 7.0112E+05
  3.480000E+02 6.5893E+05
  3.570000E+02 9.6896E+05
  3.660000E+02 1.5862E+06
  3.750000E+02 1.5608E+06
  3.850000E+02 1.1982E+06
  3.950000E+02 1.8522E+06
  4.000000E+02 2.0720E+06
  4.050000E+02 2.3194E+06
  4.140000E+02 2.2880E+06
  4.220000E+02 2.0486E+06
  4.300000E+02 1.9397E+06
  4.410000E+02 2.2703E+06
  4.510000E+02 2.2956E+06
  4.600000E+02 1.9874E+06
  4.700000E+02 2.0066E+06
  4.800000E+02 2.2439E+06
  4.900000E+02 1.8715E+06
  5.000000E+02 2.3048E+06
  5.060000E+02 1.9370E+06
  5.120000E+02 2.9006E+06
  5.200000E+02 2.7224E+06
  5.300000E+02 2.4815E+06
  5.400000E+02 1.9867E+06
  5.500000E+02 1.8642E+06
  5.600000E+02 2.4289E+06
  5.700000E+02 2.6874E+06
  5.800000E+02 2.6010E+06
  5.900000E+02 2.5946E+06
  6.000000E+02 2.1553E+06
  6.100000E+02 1.9987E+06
  6.200000E+02 2.5072E+06
  6.300000E+02 2.2994E+06
  6.400000E+02 2.5249E+06
  6.500000E+02 2.3738E+06
  6.580000E+02 2.1489E+06
  6.650000E+02 2.4019E+06
  6.750000E+02 2.4725E+06
  6.850000E+02 2.1021E+06
  6.950000E+02 2.3636E+06
  7.000000E+02 2.1163E+06
  7.050000E+02 1.8998E+06
  7.160000E+02 2.3385E+06
  7.260000E+02 2.3324E+06
  7.350000E+02 2.3054E+06
  7.450000E+02 2.1829E+06
  7.550000E+02 2.1270E+06
  7.650000E+02 1.8595E+06
  7.750000E+02 2.0515E+06
  7.850000E+02 1.8142E+06
  7.950000E+02 1.9418E+06
  8.000000E+02 1.9587E+06
  8.050000E+02 1.9762E+06
  8.150000E+02 1.9555E+06
  8.250000E+02 1.9435E+06
  8.350000E+02 1.5541E+06
  8.450000E+02 1.8508E+06
  8.550000E+02 1.7847E+06
  8.650000E+02 1.8197E+06
  8.750000E+02 1.7955E+06
  8.850000E+02 1.7603E+06
  8.950000E+02 1.7342E+06
  9.000000E+02 1.7056E+06
  9.050000E+02 1.6776E+06
  9.150000E+02 1.5048E+06
  9.250000E+02 2.6387E+06
  9.350000E+02 3.7377E+06
  9.450000E+02 4.4772E+06
  9.550000E+02 4.8888E+06
  9.650000E+02 5.1908E+06
  9.750000E+02 2.8925E+06
  9.850000E+02 4.2005E+06
  9.950000E+02 3.8123E+06
  1.000000E+03 3.9893E+06
  1.005000E+03 4.1886E+06
  1.015000E+03 4.3369E+06
  1.025000E+03 3.5690E+06
  1.035000E+03 4.1586E+06
  1.045000E+03 4.6850E+06
  1.055000E+03 4.4696E+06
  1.065000E+03 3.9813E+06
  1.075000E+03 4.1041E+06
  1.085000E+03 3.7547E+06
  1.095000E+03 4.0159E+06
  1.100000E+03 3.9238E+06
  1.105000E+03 3.8349E+06
  1.115000E+03 3.7510E+06
  1.125000E+03 3.3696E+06
  1.135000E+03 3.6482E+06
  1.145000E+03 3.5388E+06
  1.155000E+03 3.3846E+06
  1.165000E+03 3.2201E+06
  1.175000E+03 2.4164E+06
  1.185000E+03 3.0006E+06
  1.195000E+03 2.8370E+06
  1.200000E+03 2.7487E+06
  1.205000E+03 2.6701E+06
  1.215000E+03 2.2464E+06
  1.225000E+03 2.6347E+06
  1.235000E+03 2.7406E+06
  1.245000E+03 2.6971E+06
  1.255000E+03 2.6685E+06
  1.265000E+03 2.6805E+06
  1.275000E+03 2.7357E+06
  1.285000E+03 2.7172E+06
  1.295000E+03 2.5487E+06
  1.300000E+03 2.5284E+06
  1.305000E+03 2.5091E+06
  1.315000E+03 2.6183E+06
  1.325000E+03 2.5205E+06
  1.335000E+03 2.4451E+06
  1.345000E+03 2.4513E+06
  1.355000E+03 2.3660E+06
  1.365000E+03 2.2544E+06
  1.375000E+03 2.1746E+06
  1.385000E+03 2.1285E+06
  1.395000E+03 1.5713E+06
  1.400000E+03 1.4645E+06
  1.405000E+03 1.3702E+06
  1.415000E+03 2.0019E+06
  1.425000E+03 1.8743E+06
  1.435000E+03 1.9612E+06
  1.442000E+03 1.9188E+06
  1.447000E+03 1.9063E+06
  1.455000E+03 1.8352E+06
  1.465000E+03 1.7808E+06
  1.475000E+03 1.7803E+06
  1.485000E+03 1.7812E+06
  1.495000E+03 1.7297E+06
  1.500000E+03 1.7012E+06
  1.505000E+03 1.6737E+06
  1.512000E+03 1.6069E+06
  1.517000E+03 1.6100E+06
  1.525000E+03 1.5869E+06
  1.535000E+03 1.3998E+06
  1.545000E+03 1.1304E+06
  1.555000E+03 1.1650E+06
  1.565000E+03 1.3375E+06
  1.575000E+03 1.3959E+06
  1.585000E+03 1.3918E+06
  1.595000E+03 1.3822E+06
  1.600000E+03 1.3530E+06
  1.605000E+03 1.3249E+06
  1.615000E+03 1.2822E+06
  1.625000E+03 1.2837E+06
  1.635000E+03 1.2993E+06
  1.645000E+03 1.2748E+06
  1.655000E+03 1.2847E+06
  1.665000E+03 1.2717E+06
  1.672000E+03 1.1896E+06
  1.677000E+03 1.3245E+06
  1.685000E+03 1.2816E+06
  1.695000E+03 1.2407E+06
  1.700000E+03 1.2269E+06
  1.705000E+03 1.2133E+06
  1.715000E+03 1.1585E+06
  1.725000E+03 1.1268E+06
  1.735000E+03 1.1607E+06
  1.745000E+03 1.1427E+06
  1.755000E+03 1.1291E+06
  1.765000E+03 1.1073E+06
  1.775000E+03 1.0680E+06
  1.785000E+03 1.0777E+06
  1.795000E+03 1.0612E+06
  1.800000E+03 1.0581E+06
  1.805000E+03 1.0549E+06
  1.815000E+03 1.0083E+06
  1.825000E+03 1.0026E+06
  1.835000E+03 9.9015E+05
  1.845000E+03 9.4712E+05
  1.855000E+03 9.4773E+05
  1.865000E+03 9.4490E+05
  1.875000E+03 9.3644E+05
  1.885000E+03 8.8901E+05
  1.895000E+03 8.6890E+05
  1.900000E+03 8.7816E+05
  1.905000E+03 8.8792E+05
  1.915000E+03 8.5840E+05
  1.925000E+03 8.1618E+05
  1.935000E+03 8.4873E+05
  1.945000E+03 8.4985E+05
  1.955000E+03 7.9056E+05
  1.967000E+03 8.1780E+05
  1.976000E+03 8.2403E+05
  1.984000E+03 7.9855E+05
  1.995000E+03 7.8010E+05
  2.000000E+03 7.8401E+05
  2.005000E+03 7.8806E+05
  2.015000E+03 7.7742E+05
  2.025000E+03 7.7734E+05
  2.035000E+03 7.4261E+05
  2.045000E+03 7.3665E+05
  2.055000E+03 6.0089E+05
  2.065000E+03 6.4612E+05
  2.074000E+03 7.3081E+05
  2.078000E+03 7.0304E+05
  2.085000E+03 7.0987E+05
  2.095000E+03 6.8465E+05
  2.100000E+03 6.8484E+05
  2.105000E+03 6.8514E+05
  2.115000E+03 6.8891E+05
  2.125000E+03 6.7892E+05
  2.135000E+03 6.6968E+05
  2.145000E+03 6.5147E+05
  2.155000E+03 6.5667E+05
  2.165000E+03 6.3559E+05
  2.175000E+03 6.3811E+05
  2.185000E+03 6.1973E+05
  2.195000E+03 6.2578E+05
  2.200000E+03 6.2117E+05
  2.205000E+03 6.1662E+05
  2.215000E+03 5.9812E+05
  2.225000E+03 5.9360E+05
  2.235000E+03 5.8625E+05
  2.245000E+03 5.7893E+05
  2.255000E+03 5.6235E+05
  2.265000E+03 5.6439E+05
  2.275000E+03 5.5855E+05
  2.285000E+03 5.4810E+05
  2.295000E+03 5.2114E+05
  2.300000E+03 5.2302E+05
  2.305000E+03 5.2506E+05
  2.315000E+03 5.1836E+05
  2.325000E+03 4.9124E+05
  2.335000E+03 5.0413E+05
  2.345000E+03 4.9922E+05
  2.355000E+03 4.9167E+05
  2.365000E+03 4.8358E+05
  2.375000E+03 4.7370E+05
  2.385000E+03 4.5677E+05
  2.395000E+03 4.6058E+05
  2.400000E+03 4.5766E+05
  2.405000E+03 4.5478E+05
  2.415000E+03 4.5071E+05
  2.425000E+03 4.4907E+05
  2.435000E+03 4.3929E+05
  2.445000E+03 4.3670E+05
  2.455000E+03 4.3074E+05
  2.465000E+03 4.2537E+05
  2.475000E+03 4.1970E+05
  2.485000E+03 4.0955E+05
  2.495000E+03 3.4079E+05
  2.500000E+03 3.6666E+05
  2.505000E+03 3.9511E+05
  2.513000E+03 3.7586E+05
  2.518000E+03 3.8937E+05
  2.525000E+03 3.9003E+05
  2.535000E+03 3.8808E+05
  2.545000E+03 3.8063E+05
  2.555000E+03 3.7798E+05
  2.565000E+03 3.7354E+05
  2.575000E+03 3.7044E+05
  2.585000E+03 3.6573E+05
  2.595000E+03 3.5853E+05
  2.600000E+03 3.5745E+05
  2.605000E+03 3.5639E+05
  2.615000E+03 3.4955E+05
  2.625000E+03 3.4779E+05
  2.635000E+03 3.4466E+05
  2.645000E+03 3.4057E+05
  2.655000E+03 3.3750E+05
  2.665000E+03 3.2907E+05
  2.675000E+03 3.2432E+05
  2.685000E+03 3.2367E+05
  2.695000E+03 3.1611E+05
  2.700000E+03 3.1462E+05
  2.705000E+03 3.1315E+05
  2.715000E+03 3.0938E+05
  2.725000E+03 3.0715E+05
  2.735000E+03 2.9918E+05
  2.745000E+03 2.9915E+05
  2.755000E+03 2.9585E+05
  2.765000E+03 2.9226E+05
  2.775000E+03 2.9150E+05
  2.785000E+03 2.8649E+05
  2.795000E+03 2.7716E+05
  2.800000E+03 2.7767E+05
  2.805000E+03 2.7819E+05
  2.815000E+03 2.7806E+05
  2.825000E+03 2.7444E+05
  2.835000E+03 2.6837E+05
  2.845000E+03 2.6755E+05
  2.855000E+03 2.6378E+05
  2.865000E+03 2.6114E+05
  2.875000E+03 2.5803E+05
  2.885000E+03 2.5556E+05
  2.895000E+03 2.5221E+05
  2.900000E+03 2.5073E+05
  2.910000E+03 2.4784E+05
  2.930000E+03 2.4348E+05
  2.950000E+03 2.3696E+05
  2.970000E+03 2.3194E+05
  2.990000E+03 2.2599E+05
  3.000000E+03 2.2284E+05
  3.010000E+03 2.1975E+05
  3.030000E+03 2.1533E+05
  3.050000E+03 2.1170E+05
  3.070000E+03 2.0731E+05
  3.090000E+03 2.0206E+05
  3.100000E+03 2.0049E+05
  3.110000E+03 1.9895E+05
  3.130000E+03 1.9384E+05
  3.150000E+03 1.9053E+05
  3.170000E+03 1.8585E+05
  3.190000E+03 1.8182E+05
  3.200000E+03 1.7932E+05
  3.210000E+03 1.7687E+05
  3.230000E+03 1.7454E+05
  3.250000E+03 1.7146E+05
  3.270000E+03 1.6667E+05
  3.290000E+03 1.6389E+05
  3.300000E+03 1.6220E+05
  3.310000E+03 1.6052E+05
  3.330000E+03 1.5697E+05
  3.350000E+03 1.5317E+05
  3.370000E+03 1.5046E+05
  3.390000E+03 1.4794E+05
  3.400000E+03 1.4644E+05
  3.410000E+03 1.4496E+05
  3.430000E+03 1.4168E+05
  3.450000E+03 1.3843E+05
  3.470000E+03 1.3651E+05
  3.490000E+03 1.3386E+05
  3.500000E+03 1.3268E+05
  3.510000E+03 1.3151E+05
  3.530000E+03 1.2909E+05
  3.550000E+03 1.2659E+05
  3.570000E+03 1.2428E+05
  3.590000E+03 1.2137E+05
  3.600000E+03 1.2017E+05
  3.610000E+03 1.1898E+05
  3.630000E+03 1.1688E+05
  3.640000E+03 1.1504E+05
  3.650000E+03 1.1526E+05
  3.670000E+03 1.1289E+05
  3.690000E+03 1.0930E+05
  3.700000E+03 1.0802E+05
  3.710000E+03 1.0687E+05
  3.730000E+03 1.0484E+05
  3.750000E+03 1.0759E+05
  3.770000E+03 1.0583E+05
  3.790000E+03 1.0800E+05
  3.800000E+03 1.0930E+05
  3.810000E+03 1.1063E+05
  3.830000E+03 1.0120E+05
  3.850000E+03 1.0950E+05
  3.870000E+03 1.0832E+05
  3.890000E+03 9.4743E+04
  3.900000E+03 1.0039E+05
  3.910000E+03 1.0655E+05
  3.930000E+03 1.0335E+05
  3.950000E+03 1.0194E+05
  3.970000E+03 8.7362E+04
  3.990000E+03 9.8842E+04
  4.000000E+03 9.8338E+04
  4.010000E+03 9.7847E+04
  4.030000E+03 9.4895E+04
  4.050000E+03 9.4685E+04
  4.070000E+03 9.1568E+04
  4.090000E+03 8.6695E+04
  4.100000E+03 8.2932E+04
  4.110000E+03 7.9374E+04
  4.130000E+03 8.6868E+04
  4.150000E+03 8.6131E+04
  4.170000E+03 8.5274E+04
  4.190000E+03 8.4003E+04
  4.200000E+03 8.3250E+04
  4.210000E+03 8.2506E+04
  4.230000E+03 8.1339E+04
  4.250000E+03 7.9555E+04
  4.270000E+03 7.7659E+04
  4.290000E+03 7.6715E+04
  4.300000E+03 7.5676E+04
  4.310000E+03 7.4655E+04
  4.330000E+03 7.0127E+04
  4.350000E+03 6.5421E+04
  4.370000E+03 7.1212E+04
  4.390000E+03 7.0211E+04
  4.400000E+03 6.9806E+04
  4.410000E+03 6.9405E+04
  4.430000E+03 6.8554E+04
  4.450000E+03 6.7471E+04
  4.470000E+03 6.5476E+04
  4.490000E+03 6.5380E+04
  4.500000E+03 6.4837E+04
  4.510000E+03 6.4302E+04
  4.530000E+03 6.3358E+04
  4.550000E+03 6.1981E+04
  4.570000E+03 6.1571E+04
  4.590000E+03 6.0382E+04
  4.600000E+03 5.9909E+04
  4.610000E+03 5.9441E+04
  4.630000E+03 5.8273E+04
  4.650000E+03 5.6451E+04
  4.670000E+03 5.6643E+04
  4.690000E+03 5.5146E+04
  4.700000E+03 5.4841E+04
  4.710000E+03 5.4547E+04
  4.730000E+03 5.4441E+04
  4.750000E+03 5.3583E+04
  4.770000E+03 5.3058E+04
  4.790000E+03 5.2180E+04
  4.800000E+03 5.1716E+04
  4.810000E+03 5.1258E+04
  4.830000E+03 5.0319E+04
  4.850000E+03 4.7734E+04
  4.870000E+03 4.3586E+04
  4.890000E+03 4.8040E+04
  4.900000E+03 4.7783E+04
  4.910000E+03 4.7530E+04
  4.930000E+03 4.6373E+04
  4.950000E+03 4.6129E+04
  4.970000E+03 4.5670E+04
  4.990000E+03 4.4927E+04
  5.000000E+03 4.4235E+04
  5.010000E+03 4.3557E+04
  5.030000E+03 4.3517E+04
  5.050000E+03 4.2701E+04
  5.070000E+03 4.2381E+04
  5.090000E+03 4.1749E+04
  5.100000E+03 4.1426E+04
  5.110000E+03 4.1106E+04
  5.130000E+03 4.0415E+04
  5.150000E+03 3.9838E+04
  5.170000E+03 3.9332E+04
  5.190000E+03 3.8820E+04
  5.200000E+03 3.8532E+04
  5.210000E+03 3.8247E+04
  5.230000E+03 3.7732E+04
  5.250000E+03 3.7213E+04
  5.270000E+03 3.6584E+04
  5.290000E+03 3.6255E+04
  5.300000E+03 3.5974E+04
  5.310000E+03 3.5696E+04
  5.330000E+03 3.5230E+04
  5.350000E+03 3.4766E+04
  5.370000E+03 3.4304E+04
  5.390000E+03 3.3817E+04
  5.400000E+03 3.3446E+04
  5.410000E+03 3.3080E+04
  5.430000E+03 3.2902E+04
  5.450000E+03 3.2474E+04
  5.470000E+03 3.2022E+04
  5.490000E+03 3.1606E+04
  5.500000E+03 3.1392E+04
  5.510000E+03 3.1180E+04
  5.530000E+03 3.0764E+04
  5.550000E+03 3.0396E+04
  5.570000E+03 2.9967E+04
  5.590000E+03 2.9536E+04
  5.600000E+03 2.9372E+04
  5.610000E+03 2.9210E+04
  5.630000E+03 2.8837E+04
  5.650000E+03 2.8394E+04
  5.670000E+03 2.7975E+04
  5.690000E+03 2.7386E+04
  5.700000E+03 2.7265E+04
  5.710000E+03 2.7147E+04
  5.730000E+03 2.6872E+04
  5.750000E+03 2.6478E+04
  5.770000E+03 2.6215E+04
  5.790000E+03 2.5881E+04
  5.800000E+03 2.5701E+04
  5.810000E+03 2.5522E+04
  5.830000E+03 2.5245E+04
  5.850000E+03 2.4991E+04
  5.870000E+03 2.4267E+04
  5.890000E+03 2.4260E+04
  5.900000E+03 2.4147E+04
  5.910000E+03 2.4034E+04
  5.930000E+03 2.3718E+04
  5.950000E+03 2.3398E+04
  5.970000E+03 2.3182E+04
  5.990000E+03 2.2855E+04
  6.000000E+03 2.2726E+04
  6.010000E+03 2.2597E+04
  6.030000E+03 2.2298E+04
  6.050000E+03 2.2052E+04
  6.070000E+03 2.1781E+04
  6.090000E+03 2.1540E+04
  6.100000E+03 2.1400E+04
  6.110000E+03 2.1261E+04
  6.130000E+03 2.1009E+04
  6.150000E+03 2.0695E+04
  6.170000E+03 2.0461E+04
  6.190000E+03 2.0277E+04
  6.200000E+03 2.0160E+04
  6.210000E+03 2.0045E+04
  6.230000E+03 1.9770E+04
  6.250000E+03 1.9519E+04
  6.270000E+03 1.9334E+04
  6.290000E+03 1.9116E+04
  6.300000E+03 1.8977E+04
  6.310000E+03 1.8839E+04
  6.330000E+03 1.8672E+04
  6.350000E+03 1.8396E+04
  6.370000E+03 1.8212E+04
  6.390000E+03 1.8025E+04
  6.400000E+03 1.7902E+04
  6.410000E+03 1.7780E+04
  6.430000E+03 1.7624E+04
  6.450000E+03 1.7396E+04
  6.470000E+03 1.7191E+04
  6.490000E+03 1.6982E+04
  6.500000E+03 1.6891E+04
  6.510000E+03 1.6801E+04
  6.530000E+03 1.6545E+04
  6.550000E+03 1.6010E+04
  6.570000E+03 1.4432E+04
  6.590000E+03 1.5923E+04
  6.600000E+03 1.5905E+04
  6.610000E+03 1.5888E+04
  6.630000E+03 1.5740E+04
  6.650000E+03 1.5569E+04
  6.670000E+03 1.5306E+04
  6.690000E+03 1.5117E+04
  6.700000E+03 1.5089E+04
  6.710000E+03 1.5062E+04
  6.730000E+03 1.4883E+04
  6.750000E+03 1.4743E+04
  6.770000E+03 1.4602E+04
  6.790000E+03 1.4404E+04
  6.800000E+03 1.4345E+04
  6.810000E+03 1.4286E+04
  6.830000E+03 1.4133E+04
  6.850000E+03 1.3988E+04
  6.870000E+03 1.3842E+04
  6.890000E+03 1.3651E+04
  6.900000E+03 1.3595E+04
  6.910000E+03 1.3540E+04
  6.930000E+03 1.3415E+04
  6.950000E+03 1.3281E+04
  6.970000E+03 1.3146E+04
  6.990000E+03 1.3011E+04
  7.000000E+03 1.2941E+04
  7.010000E+03 1.2871E+04
  7.030000E+03 1.2731E+04
  7.050000E+03 1.2603E+04
  7.070000E+03 1.2365E+04
  7.090000E+03 1.2363E+04
  7.100000E+03 1.2279E+04
  7.110000E+03 1.2195E+04
  7.130000E+03 1.2084E+04
  7.150000E+03 1.1990E+04
  7.170000E+03 1.1840E+04
  7.190000E+03 1.1746E+04
  7.200000E+03 1.1693E+04
  7.210000E+03 1.1640E+04
  7.230000E+03 1.1454E+04
  7.250000E+03 1.1400E+04
  7.270000E+03 1.1300E+04
  7.290000E+03 1.1133E+04
  7.300000E+03 1.1103E+04
  7.310000E+03 1.1073E+04
  7.330000E+03 1.0970E+04
  7.350000E+03 1.0869E+04
  7.370000E+03 1.0764E+04
  7.390000E+03 1.0658E+04
  7.400000E+03 1.0604E+04
  7.410000E+03 1.0551E+04
  7.430000E+03 1.0449E+04
  7.450000E+03 1.0348E+04
  7.470000E+03 1.0235E+04
  7.490000E+03 1.0142E+04
  7.500000E+03 1.0099E+04
  7.510000E+03 1.0057E+04
  7.530000E+03 9.9656E+03
  7.550000E+03 9.8777E+03
  7.570000E+03 9.7829E+03
  7.590000E+03 9.6508E+03
  7.600000E+03 9.6210E+03
  7.610000E+03 9.5915E+03
  7.630000E+03 9.5086E+03
  7.650000E+03 9.4185E+03
  7.670000E+03 9.3309E+03
  7.690000E+03 9.2382E+03
  7.700000E+03 9.1955E+03
  7.710000E+03 9.1529E+03
  7.730000E+03 9.0675E+03
  7.750000E+03 8.9901E+03
  7.770000E+03 8.8767E+03
  7.790000E+03 8.8316E+03
  7.800000E+03 8.7906E+03
  7.810000E+03 8.7498E+03
  7.830000E+03 8.6704E+03
  7.850000E+03 8.5789E+03
  7.870000E+03 8.4961E+03
  7.890000E+03 8.4127E+03
  7.900000E+03 8.3824E+03
  7.910000E+03 8.3522E+03
  7.930000E+03 8.2755E+03
  7.950000E+03 8.1977E+03
  7.970000E+03 8.1307E+03
  7.990000E+03 8.0502E+03
  8.000000E+03 8.0191E+03
  8.010000E+03 7.9882E+03
  8.030000E+03 7.9155E+03
  8.050000E+03 7.8516E+03
  8.070000E+03 7.7849E+03
  8.090000E+03 7.7099E+03
  8.100000E+03 7.6686E+03
  8.110000E+03 7.6276E+03
  8.130000E+03 7.5840E+03
  8.150000E+03 7.5093E+03
  8.170000E+03 7.4488E+03
  8.190000E+03 7.3538E+03
  8.200000E+03 7.2621E+03
  8.210000E+03 7.1724E+03
  8.230000E+03 7.0899E+03
  8.250000E+03 7.0682E+03
  8.270000E+03 6.9862E+03
  8.290000E+03 6.9397E+03
  8.300000E+03 6.9086E+03
  8.310000E+03 6.8777E+03
  8.330000E+03 6.8053E+03
  8.350000E+03 6.7407E+03
  8.370000E+03 6.6933E+03
  8.390000E+03 6.6566E+03
  8.400000E+03 6.6314E+03
  8.410000E+03 6.6063E+03
  8.430000E+03 6.5945E+03
  8.450000E+03 6.5179E+03
  8.470000E+03 6.4259E+03
  8.490000E+03 6.4992E+03
  8.500000E+03 6.3995E+03
  8.510000E+03 6.3033E+03
  8.530000E+03 6.4321E+03
  8.550000E+03 6.1327E+03
  8.570000E+03 6.3925E+03
  8.590000E+03 6.1292E+03
  8.600000E+03 6.0972E+03
  8.610000E+03 6.0656E+03
  8.630000E+03 6.2799E+03
  8.650000E+03 6.1214E+03
  8.670000E+03 5.7230E+03
  8.690000E+03 6.0948E+03
  8.700000E+03 6.1031E+03
  8.710000E+03 6.1116E+03
  8.730000E+03 5.9725E+03
  8.750000E+03 5.4961E+03
  8.770000E+03 5.8149E+03
  8.790000E+03 5.9240E+03
  8.800000E+03 5.9043E+03
  8.810000E+03 5.8847E+03
  8.830000E+03 5.8071E+03
  8.850000E+03 5.5624E+03
  8.870000E+03 5.2067E+03
  8.890000E+03 5.6342E+03
  8.900000E+03 5.6410E+03
  8.910000E+03 5.6480E+03
  8.930000E+03 5.6045E+03
  8.950000E+03 5.5760E+03
  8.970000E+03 5.5208E+03
  8.990000E+03 5.3916E+03
  9.000000E+03 5.1529E+03
  9.010000E+03 4.9274E+03
  9.030000E+03 5.1169E+03
  9.050000E+03 5.3158E+03
  9.070000E+03 5.2695E+03
  9.090000E+03 5.2469E+03
  9.100000E+03 5.2340E+03
  9.110000E+03 5.2212E+03
  9.130000E+03 5.1903E+03
  9.150000E+03 5.1512E+03
  9.170000E+03 5.0943E+03
  9.190000E+03 5.0355E+03
  9.200000E+03 4.9555E+03
  9.210000E+03 4.8771E+03
  9.230000E+03 4.3937E+03
  9.250000E+03 4.7849E+03
  9.270000E+03 4.8503E+03
  9.290000E+03 4.8589E+03
  9.300000E+03 4.8387E+03
  9.310000E+03 4.8187E+03
  9.330000E+03 4.7856E+03
  9.350000E+03 4.7239E+03
  9.370000E+03 4.7108E+03
  9.390000E+03 4.6785E+03
  9.400000E+03 4.6515E+03
  9.410000E+03 4.6246E+03
  9.430000E+03 4.6050E+03
  9.450000E+03 4.5691E+03
  9.470000E+03 4.5205E+03
  9.490000E+03 4.4899E+03
  9.500000E+03 4.4521E+03
  9.510000E+03 4.4147E+03
  9.530000E+03 4.2700E+03
  9.550000E+03 3.8685E+03
  9.570000E+03 4.2588E+03
  9.590000E+03 4.3064E+03
  9.600000E+03 4.2924E+03
  9.610000E+03 4.2785E+03
  9.630000E+03 4.2346E+03
  9.650000E+03 4.2286E+03
  9.670000E+03 4.1932E+03
  9.690000E+03 4.1627E+03
  9.700000E+03 4.1339E+03
  9.710000E+03 4.1054E+03
  9.730000E+03 4.0986E+03
  9.750000E+03 4.0699E+03
  9.770000E+03 4.0344E+03
  9.790000E+03 4.0095E+03
  9.800000E+03 3.9936E+03
  9.810000E+03 3.9779E+03
  9.830000E+03 3.9474E+03
  9.850000E+03 3.9169E+03
  9.870000E+03 3.8865E+03
  9.890000E+03 3.8526E+03
  9.900000E+03 3.8353E+03
  9.910000E+03 3.8181E+03
  9.930000E+03 3.8010E+03
  9.950000E+03 3.7716E+03
  9.970000E+03 3.7411E+03
  9.990000E+03 3.7106E+03
  1.000000E+04 3.6634E+03
  1.002500E+04 3.5483E+03
  1.007500E+04 3.4305E+03
  1.010000E+04 3.4628E+03
  1.012500E+04 3.4959E+03
  1.017500E+04 3.4684E+03
  1.020000E+04 3.4369E+03
  1.022500E+04 3.4059E+03
  1.027500E+04 3.3447E+03
  1.030000E+04 3.3103E+03
  1.032500E+04 3.2762E+03
  1.037500E+04 3.2250E+03
  1.040000E+04 3.1947E+03
  1.042500E+04 3.1648E+03
  1.047500E+04 3.1090E+03
  1.050000E+04 3.0808E+03
  1.052500E+04 3.0529E+03
  1.057500E+04 3.0001E+03
  1.060000E+04 2.9737E+03
  1.062500E+04 2.9477E+03
  1.067500E+04 2.8878E+03
  1.070000E+04 2.8654E+03
  1.072500E+04 2.8431E+03
  1.077500E+04 2.7942E+03
  1.080000E+04 2.7597E+03
  1.082500E+04 2.7257E+03
  1.087500E+04 2.6911E+03
  1.090000E+04 2.5824E+03
  1.092500E+04 2.4787E+03
  1.097500E+04 2.5604E+03
  1.100000E+04 2.5570E+03
  1.102500E+04 2.5538E+03
  1.107500E+04 2.5193E+03
  1.110000E+04 2.4975E+03
  1.112500E+04 2.4758E+03
  1.117500E+04 2.4347E+03
  1.120000E+04 2.4139E+03
  1.122500E+04 2.3933E+03
  1.127500E+04 2.3478E+03
  1.130000E+04 2.3280E+03
  1.132500E+04 2.3084E+03
  1.137500E+04 2.2745E+03
  1.140000E+04 2.2551E+03
  1.142500E+04 2.2360E+03
  1.147500E+04 2.2014E+03
  1.150000E+04 2.1835E+03
  1.152500E+04 2.1657E+03
  1.157500E+04 2.1288E+03
  1.160000E+04 2.1069E+03
  1.162500E+04 2.0853E+03
  1.167500E+04 2.0543E+03
  1.170000E+04 2.0410E+03
  1.172500E+04 2.0279E+03
  1.177500E+04 1.9909E+03
  1.180000E+04 1.9758E+03
  1.182500E+04 1.9609E+03
  1.187500E+04 1.9292E+03
  1.190000E+04 1.9151E+03
  1.192500E+04 1.9011E+03
  1.197500E+04 1.8605E+03
  1.200000E+04 1.8506E+03
  1.202500E+04 1.8407E+03
  1.207500E+04 1.8111E+03
  1.210000E+04 1.7969E+03
  1.212500E+04 1.7828E+03
  1.217500E+04 1.7558E+03
  1.220000E+04 1.7420E+03
  1.222500E+04 1.7284E+03
  1.227500E+04 1.7011E+03
  1.230000E+04 1.6879E+03
  1.232500E+04 1.6749E+03
  1.237500E+04 1.6493E+03
  1.240000E+04 1.6368E+03
  1.242500E+04 1.6243E+03
  1.247500E+04 1.5981E+03
  1.250000E+04 1.5855E+03
  1.252500E+04 1.5731E+03
  1.257500E+04 1.5498E+03
  1.260000E+04 1.5385E+03
  1.262500E+04 1.5273E+03
  1.267500E+04 1.5048E+03
  1.270000E+04 1.4931E+03
  1.272500E+04 1.4816E+03
  1.277500E+04 1.4416E+03
  1.280000E+04 1.3911E+03
  1.282500E+04 1.3427E+03
  1.287500E+04 1.4100E+03
  1.290000E+04 1.4028E+03
  1.292500E+04 1.3957E+03
  1.297500E+04 1.3721E+03
  1.300000E+04 1.3637E+03
  1.302500E+04 1.3555E+03
  1.307500E+04 1.3364E+03
  1.310000E+04 1.3264E+03
  1.312500E+04 1.3165E+03
  1.317500E+04 1.2968E+03
  1.320000E+04 1.2880E+03
  1.322500E+04 1.2792E+03
  1.327500E+04 1.2606E+03
  1.330000E+04 1.2515E+03
  1.332500E+04 1.2426E+03
  1.337500E+04 1.2247E+03
  1.340000E+04 1.2157E+03
  1.342500E+04 1.2068E+03
  1.347500E+04 1.1903E+03
  1.350000E+04 1.1817E+03
  1.352500E+04 1.1731E+03
  1.357500E+04 1.1567E+03
  1.360000E+04 1.1485E+03
  1.362500E+04 1.1403E+03
  1.367500E+04 1.1247E+03
  1.370000E+04 1.1165E+03
  1.372500E+04 1.1083E+03
  1.377500E+04 1.0941E+03
  1.380000E+04 1.0866E+03
  1.382500E+04 1.0792E+03
  1.387500E+04 1.0643E+03
  1.390000E+04 1.0566E+03
  1.392500E+04 1.0490E+03
  1.397500E+04 1.0352E+03
  1.400000E+04 1.0280E+03
  1.402500E+04 1.0208E+03
  1.407500E+04 1.0077E+03
  1.410000E+04 1.0006E+03
  1.412500E+04 9.9369E+02
  1.417500E+04 9.8064E+02
  1.420000E+04 9.7390E+02
  1.422500E+04 9.6723E+02
  1.427500E+04 9.5412E+02
  1.430000E+04 9.4795E+02
  1.432500E+04 9.4183E+02
  1.437500E+04 9.2952E+02
  1.440000E+04 9.2256E+02
  1.442500E+04 9.1566E+02
  1.447500E+04 9.0516E+02
  1.450000E+04 8.9877E+02
  1.452500E+04 8.9243E+02
  1.457000E+04 8.8274E+02
  1.460000E+04 8.7609E+02
  1.462000E+04 8.7168E+02
  1.467500E+04 8.5955E+02
  1.470000E+04 8.5385E+02
  1.472500E+04 8.4819E+02
  1.477500E+04 8.3513E+02
  1.480000E+04 8.3074E+02
  1.482500E+04 8.2639E+02
  1.487500E+04 8.1507E+02
  1.490000E+04 8.1004E+02
  1.492500E+04 8.0505E+02
  1.497500E+04 7.9418E+02
  1.500000E+04 7.8841E+02
  1.502500E+04 7.8269E+02
  1.507500E+04 7.7233E+02
  1.510000E+04 7.6792E+02
  1.512500E+04 7.6354E+02
  1.517500E+04 7.5415E+02
  1.520000E+04 7.5026E+02
  1.522500E+04 7.4641E+02
  1.527500E+04 7.3401E+02
  1.530000E+04 7.2964E+02
  1.532500E+04 7.2531E+02
  1.537500E+04 7.1972E+02
  1.540000E+04 7.1257E+02
  1.542500E+04 7.0551E+02
  1.547500E+04 7.0272E+02
  1.550000E+04 6.9858E+02
  1.552500E+04 6.9448E+02
  1.557500E+04 6.7747E+02
  1.560000E+04 6.7982E+02
  1.562500E+04 6.8225E+02
  1.567500E+04 6.6671E+02
  1.570000E+04 6.5983E+02
  1.572500E+04 6.5304E+02
  1.577500E+04 6.5838E+02
  1.580000E+04 6.5419E+02
  1.582500E+04 6.5003E+02
  1.587500E+04 6.2328E+02
  1.590000E+04 6.2740E+02
  1.592500E+04 6.3161E+02
  1.597500E+04 6.3046E+02
  1.600000E+04 6.2541E+02
  1.605000E+04 6.1546E+02
  1.610000E+04 6.0373E+02
  1.615000E+04 5.9228E+02
  1.620000E+04 5.9194E+02
  1.625000E+04 5.9164E+02
  1.630000E+04 5.8226E+02
  1.635000E+04 5.7307E+02
  1.640000E+04 5.6205E+02
  1.645000E+04 5.5129E+02
  1.650000E+04 5.5186E+02
  1.655000E+04 5.5246E+02
  1.660000E+04 5.4629E+02
  1.665000E+04 5.4021E+02
  1.670000E+04 5.3130E+02
  1.675000E+04 5.2257E+02
  1.680000E+04 5.1237E+02
  1.685000E+04 5.0240E+02
  1.690000E+04 5.0371E+02
  1.695000E+04 5.0505E+02
  1.700000E+04 4.9885E+02
  1.705000E+04 4.9275E+02
  1.710000E+04 4.8809E+02
  1.715000E+04 4.8349E+02
  1.720000E+04 4.7788E+02
  1.725000E+04 4.7236E+02
  1.730000E+04 4.5903E+02
  1.735000E+04 4.4616E+02
  1.740000E+04 4.4853E+02
  1.745000E+04 4.5095E+02
  1.750000E+04 4.4716E+02
  1.755000E+04 4.4342E+02
  1.760000E+04 4.3877E+02
  1.765000E+04 4.3418E+02
  1.770000E+04 4.2963E+02
  1.775000E+04 4.2515E+02
  1.780000E+04 4.2065E+02
  1.785000E+04 4.1621E+02
  1.790000E+04 4.1205E+02
  1.795000E+04 4.0795E+02
  1.800000E+04 4.0340E+02
  1.805000E+04 3.9892E+02
  1.810000E+04 3.8802E+02
  1.815000E+04 3.7747E+02
  1.820000E+04 3.7898E+02
  1.825000E+04 3.8050E+02
  1.830000E+04 3.7813E+02
  1.835000E+04 3.7578E+02
  1.840000E+04 3.7200E+02
  1.845000E+04 3.6827E+02
  1.850000E+04 3.6449E+02
  1.855000E+04 3.6076E+02
  1.860000E+04 3.5580E+02
  1.865000E+04 3.5093E+02
  1.870000E+04 3.4193E+02
  1.875000E+04 3.3322E+02
  1.880000E+04 3.3643E+02
  1.885000E+04 3.3968E+02
  1.890000E+04 3.3653E+02
  1.895000E+04 3.3342E+02
  1.900000E+04 3.3011E+02
  1.905000E+04 3.2685E+02
  1.910000E+04 3.2401E+02
  1.915000E+04 3.2119E+02
  1.920000E+04 3.1810E+02
  1.925000E+04 3.1505E+02
  1.930000E+04 3.1166E+02
  1.935000E+04 3.0831E+02
  1.940000E+04 2.9936E+02
  1.945000E+04 2.9070E+02
  1.950000E+04 2.9367E+02
  1.955000E+04 2.9668E+02
  1.960000E+04 2.9440E+02
  1.965000E+04 2.9215E+02
  1.970000E+04 2.8937E+02
  1.975000E+04 2.8662E+02
  1.980000E+04 2.8402E+02
  1.985000E+04 2.8144E+02
  1.990000E+04 2.7886E+02
  1.995000E+04 2.7630E+02
  2.000000E+04 2.7382E+02
  2.005000E+04 2.7137E+02
  2.010000E+04 2.6891E+02
  2.015000E+04 2.6647E+02
  2.020000E+04 2.6402E+02
  2.025000E+04 2.6161E+02
  2.030000E+04 2.5923E+02
  2.035000E+04 2.5688E+02
  2.040000E+04 2.5460E+02
  2.045000E+04 2.5234E+02
  2.050000E+04 2.4996E+02
  2.055000E+04 2.4761E+02
  2.060000E+04 2.4552E+02
  2.065000E+04 2.4345E+02
  2.070000E+04 2.4130E+02
  2.075000E+04 2.3919E+02
  2.080000E+04 2.3708E+02
  2.085000E+04 2.3500E+02
  2.090000E+04 2.3292E+02
  2.095000E+04 2.3086E+02
  2.100000E+04 2.2886E+02
  2.105000E+04 2.2689E+02
  2.110000E+04 2.2465E+02
  2.115000E+04 2.2244E+02
  2.120000E+04 2.2077E+02
  2.125000E+04 2.1911E+02
  2.130000E+04 2.1724E+02
  2.135000E+04 2.1538E+02
  2.140000E+04 2.1351E+02
  2.145000E+04 2.1166E+02
  2.150000E+04 2.0968E+02
  2.155000E+04 2.0771E+02
  2.160000E+04 2.0170E+02
  2.165000E+04 1.9588E+02
  2.170000E+04 1.9808E+02
  2.175000E+04 2.0030E+02
  2.180000E+04 1.9897E+02
  2.185000E+04 1.9765E+02
  2.190000E+04 1.9605E+02
  2.195000E+04 1.9446E+02
  2.200000E+04 1.9279E+02
  2.205000E+04 1.9113E+02
  2.210000E+04 1.8956E+02
  2.215000E+04 1.8802E+02
  2.220000E+04 1.8644E+02
  2.225000E+04 1.8488E+02
  2.230000E+04 1.8336E+02
  2.235000E+04 1.8186E+02
  2.240000E+04 1.8035E+02
  2.245000E+04 1.7886E+02
  2.250000E+04 1.7737E+02
  2.255000E+04 1.7589E+02
  2.260000E+04 1.7445E+02
  2.265000E+04 1.7302E+02
  2.270000E+04 1.7162E+02
  2.275000E+04 1.7024E+02
  2.280000E+04 1.6895E+02
  2.285000E+04 1.6767E+02
  2.290000E+04 1.6646E+02
  2.295000E+04 1.6527E+02
  2.300000E+04 1.6391E+02
  2.305000E+04 1.6257E+02
  2.310000E+04 1.6122E+02
  2.315000E+04 1.5989E+02
  2.320000E+04 1.5848E+02
  2.325000E+04 1.5708E+02
  2.330000E+04 1.5577E+02
  2.335000E+04 1.5448E+02
  2.340000E+04 1.5323E+02
  2.345000E+04 1.5199E+02
  2.350000E+04 1.5064E+02
  2.355000E+04 1.4932E+02
  2.360000E+04 1.4813E+02
  2.365000E+04 1.4696E+02
  2.370000E+04 1.4579E+02
  2.375000E+04 1.4462E+02
  2.380000E+04 1.4339E+02
  2.385000E+04 1.4218E+02
  2.390000E+04 1.4107E+02
  2.395000E+04 1.3996E+02
  2.400000E+04 1.3883E+02
  2.405000E+04 1.3772E+02
  2.410000E+04 1.3655E+02
  2.415000E+04 1.3540E+02
  2.420000E+04 1.3448E+02
  2.425000E+04 1.3357E+02
  2.430000E+04 1.3243E+02
  2.435000E+04 1.3130E+02
  2.440000E+04 1.3021E+02
  2.445000E+04 1.2914E+02
  2.450000E+04 1.2830E+02
  2.455000E+04 1.2748E+02
  2.460000E+04 1.2637E+02
  2.465000E+04 1.2527E+02
  2.470000E+04 1.2427E+02
  2.475000E+04 1.2327E+02
  2.480000E+04 1.2259E+02
  2.485000E+04 1.2192E+02
  2.490000E+04 1.2044E+02
  2.495000E+04 1.1898E+02
  2.500000E+04 1.1880E+02
  2.505000E+04 1.1861E+02
  2.510000E+04 1.1759E+02
  2.515000E+04 1.1659E+02
  2.520000E+04 1.1500E+02
  2.525000E+04 1.1343E+02
  2.530000E+04 1.1320E+02
  2.535000E+04 1.1298E+02
  2.540000E+04 1.1226E+02
  2.545000E+04 1.1155E+02
  2.550000E+04 1.1055E+02
  2.555000E+04 1.0957E+02
  2.560000E+04 1.0801E+02
  2.565000E+04 1.0647E+02
  2.570000E+04 1.0647E+02
  2.575000E+04 1.0647E+02
  2.580000E+04 1.0577E+02
  2.585000E+04 1.0509E+02
  2.590000E+04 1.0431E+02
  2.595000E+04 1.0355E+02
  2.600000E+04 1.0250E+02
  2.605000E+04 1.0147E+02
  2.610000E+04 9.9895E+01
  2.615000E+04 9.8350E+01
  2.620000E+04 9.6458E+01
  2.625000E+04 9.4608E+01
  2.630000E+04 9.5883E+01
  2.635000E+04 9.7177E+01
  2.640000E+04 9.6688E+01
  2.645000E+04 9.6202E+01
  2.650000E+04 9.5487E+01
  2.655000E+04 9.4778E+01
  2.660000E+04 9.3951E+01
  2.665000E+04 9.3132E+01
  2.670000E+04 9.1525E+01
  2.675000E+04 8.9953E+01
  2.680000E+04 9.0218E+01
  2.685000E+04 9.0487E+01
  2.690000E+04 9.0003E+01
  2.695000E+04 8.9524E+01
  2.700000E+04 8.8886E+01
  2.705000E+04 8.8253E+01
  2.710000E+04 8.7627E+01
  2.715000E+04 8.7007E+01
  2.720000E+04 8.6382E+01
  2.725000E+04 8.5762E+01
  2.730000E+04 8.5145E+01
  2.735000E+04 8.4533E+01
  2.740000E+04 8.3870E+01
  2.745000E+04 8.3213E+01
  2.750000E+04 8.1673E+01
  2.755000E+04 8.0166E+01
  2.760000E+04 8.0196E+01
  2.765000E+04 8.0228E+01
  2.770000E+04 8.0036E+01
  2.775000E+04 7.9845E+01
  2.780000E+04 7.9314E+01
  2.785000E+04 7.8788E+01
  2.790000E+04 7.8240E+01
  2.795000E+04 7.7697E+01
  2.800000E+04 7.7151E+01
  2.805000E+04 7.6609E+01
  2.810000E+04 7.6079E+01
  2.815000E+04 7.5554E+01
  2.820000E+04 7.5033E+01
  2.825000E+04 7.4516E+01
  2.830000E+04 7.4000E+01
  2.835000E+04 7.3489E+01
  2.840000E+04 7.2971E+01
  2.845000E+04 7.2457E+01
  2.850000E+04 7.1937E+01
  2.855000E+04 7.1420E+01
  2.860000E+04 7.0700E+01
  2.865000E+04 6.9989E+01
  2.870000E+04 6.8683E+01
  2.875000E+04 6.7406E+01
  2.880000E+04 6.7916E+01
  2.885000E+04 6.8433E+01
  2.890000E+04 6.8042E+01
  2.895000E+04 6.7654E+01
  2.900000E+04 6.7212E+01
  2.905000E+04 6.6774E+01
  2.910000E+04 6.6315E+01
  2.915000E+04 6.5860E+01
  2.920000E+04 6.5418E+01
  2.925000E+04 6.4980E+01
  2.930000E+04 6.4549E+01
  2.935000E+04 6.4121E+01
  2.940000E+04 6.3693E+01
  2.945000E+04 6.3268E+01
  2.950000E+04 6.2847E+01
  2.955000E+04 6.2429E+01
  2.960000E+04 6.2016E+01
  2.965000E+04 6.1606E+01
  2.970000E+04 6.1199E+01
  2.975000E+04 6.0795E+01
  2.980000E+04 6.0392E+01
  2.985000E+04 5.9992E+01
  2.990000E+04 5.9596E+01
  2.995000E+04 5.9204E+01
  3.000000E+04 5.8815E+01
  3.005000E+04 5.8429E+01
  3.010000E+04 5.8037E+01
  3.015000E+04 5.7648E+01
  3.020000E+04 5.7236E+01
  3.025000E+04 5.6827E+01
  3.030000E+04 5.5713E+01
  3.035000E+04 5.4624E+01
  3.040000E+04 5.4607E+01
  3.045000E+04 5.4589E+01
  3.050000E+04 5.4634E+01
  3.055000E+04 5.4680E+01
  3.060000E+04 5.4353E+01
  3.065000E+04 5.4028E+01
  3.070000E+04 5.3681E+01
  3.075000E+04 5.3336E+01
  3.080000E+04 5.2991E+01
  3.085000E+04 5.2648E+01
  3.090000E+04 5.2323E+01
  3.095000E+04 5.2001E+01
  3.100000E+04 5.1669E+01
  3.105000E+04 5.1340E+01
  3.110000E+04 5.1005E+01
  3.115000E+04 5.0672E+01
  3.120000E+04 5.0356E+01
  3.125000E+04 5.0042E+01
  3.130000E+04 4.9731E+01
  3.135000E+04 4.9422E+01
  3.140000E+04 4.9108E+01
  3.145000E+04 4.8796E+01
  3.150000E+04 4.8491E+01
  3.155000E+04 4.8187E+01
  3.160000E+04 4.7887E+01
  3.165000E+04 4.7589E+01
  3.170000E+04 4.7293E+01
  3.175000E+04 4.6999E+01
  3.180000E+04 4.6709E+01
  3.185000E+04 4.6420E+01
  3.190000E+04 4.6133E+01
  3.195000E+04 4.5849E+01
  3.200000E+04 4.5565E+01
  3.210000E+04 4.5004E+01
  3.220000E+04 4.4454E+01
  3.230000E+04 4.3913E+01
  3.240000E+04 4.3378E+01
  3.250000E+04 4.2851E+01
  3.260000E+04 4.2322E+01
  3.270000E+04 4.1800E+01
  3.280000E+04 4.0808E+01
  3.290000E+04 3.9842E+01
  3.300000E+04 3.9773E+01
  3.310000E+04 3.9705E+01
  3.320000E+04 3.9328E+01
  3.330000E+04 3.8956E+01
  3.340000E+04 3.8496E+01
  3.350000E+04 3.8044E+01
  3.360000E+04 3.7590E+01
  3.370000E+04 3.7143E+01
  3.380000E+04 3.6705E+01
  3.390000E+04 3.6274E+01
  3.400000E+04 3.5845E+01
  3.410000E+04 3.5422E+01
  3.420000E+04 3.5014E+01
  3.430000E+04 3.4611E+01
  3.440000E+04 3.4212E+01
  3.450000E+04 3.3819E+01
  3.460000E+04 3.3426E+01
  3.470000E+04 3.3040E+01
  3.480000E+04 3.2662E+01
  3.490000E+04 3.2289E+01
  3.500000E+04 3.1926E+01
  3.510000E+04 3.1567E+01
  3.520000E+04 3.1213E+01
  3.530000E+04 3.0865E+01
  3.540000E+04 3.0515E+01
  3.550000E+04 3.0170E+01
  3.560000E+04 2.9829E+01
  3.570000E+04 2.9492E+01
  3.580000E+04 2.9192E+01
  3.590000E+04 2.8897E+01
  3.600000E+04 2.8548E+01
  3.610000E+04 2.8204E+01
  3.620000E+04 2.7932E+01
  3.630000E+04 2.7664E+01
  3.640000E+04 2.7320E+01
  3.650000E+04 2.6982E+01
  3.660000E+04 2.6739E+01
  3.670000E+04 2.6498E+01
  3.680000E+04 2.6146E+01
  3.690000E+04 2.5800E+01
  3.700000E+04 2.5570E+01
  3.710000E+04 2.5342E+01
  3.720000E+04 2.4940E+01
  3.730000E+04 2.4546E+01
  3.740000E+04 2.4166E+01
  3.750000E+04 2.3793E+01
  3.760000E+04 2.3800E+01
  3.770000E+04 2.3807E+01
  3.780000E+04 2.3567E+01
  3.790000E+04 2.3330E+01
  3.800000E+04 2.3029E+01
  3.810000E+04 2.2733E+01
  3.820000E+04 2.2512E+01
  3.830000E+04 2.2294E+01
  3.840000E+04 2.2109E+01
  3.850000E+04 2.1926E+01
  3.860000E+04 2.1700E+01
  3.870000E+04 2.1477E+01
  3.880000E+04 2.1242E+01
  3.890000E+04 2.1010E+01
  3.900000E+04 2.0713E+01
  3.910000E+04 2.0420E+01
  3.920000E+04 2.0307E+01
  3.930000E+04 2.0195E+01
  3.940000E+04 1.9996E+01
  3.950000E+04 1.9799E+01
  3.960000E+04 1.9603E+01
  3.970000E+04 1.9409E+01
  3.980000E+04 1.9212E+01
  3.990000E+04 1.9017E+01
  4.000000E+04 1.8776E+01
  4.010000E+04 1.8538E+01
  4.020000E+04 1.8319E+01
  4.030000E+04 1.8104E+01
  4.040000E+04 1.7797E+01
  4.050000E+04 1.7497E+01
  4.060000E+04 1.7532E+01
  4.070000E+04 1.7567E+01
  4.080000E+04 1.7404E+01
  4.090000E+04 1.7243E+01
  4.100000E+04 1.7078E+01
  4.110000E+04 1.6915E+01
  4.120000E+04 1.6748E+01
  4.130000E+04 1.6583E+01
  4.140000E+04 1.6420E+01
  4.150000E+04 1.6259E+01
  4.160000E+04 1.5994E+01
  4.170000E+04 1.5733E+01
  4.180000E+04 1.5689E+01
  4.190000E+04 1.5645E+01
  4.200000E+04 1.5507E+01
  4.210000E+04 1.5370E+01
  4.220000E+04 1.5229E+01
  4.230000E+04 1.5090E+01
  4.240000E+04 1.4947E+01
  4.250000E+04 1.4805E+01
  4.260000E+04 1.4670E+01
  4.270000E+04 1.4537E+01
  4.280000E+04 1.4389E+01
  4.290000E+04 1.4244E+01
  4.300000E+04 1.4112E+01
  4.310000E+04 1.3983E+01
  4.320000E+04 1.3858E+01
  4.330000E+04 1.3734E+01
  4.340000E+04 1.3598E+01
  4.350000E+04 1.3464E+01
  4.360000E+04 1.3239E+01
  4.370000E+04 1.3017E+01
  4.380000E+04 1.2972E+01
  4.390000E+04 1.2927E+01
  4.400000E+04 1.2837E+01
  4.410000E+04 1.2748E+01
  4.420000E+04 1.2632E+01
  4.430000E+04 1.2517E+01
  4.440000E+04 1.2406E+01
  4.450000E+04 1.2297E+01
  4.460000E+04 1.2196E+01
  4.470000E+04 1.2097E+01
  4.480000E+04 1.1989E+01
  4.490000E+04 1.1882E+01
  4.500000E+04 1.1778E+01
  4.510000E+04 1.1676E+01
  4.520000E+04 1.1575E+01
  4.530000E+04 1.1475E+01
  4.540000E+04 1.1375E+01
  4.550000E+04 1.1276E+01
  4.560000E+04 1.1177E+01
  4.570000E+04 1.1080E+01
  4.580000E+04 1.0982E+01
  4.590000E+04 1.0884E+01
  4.600000E+04 1.0791E+01
  4.610000E+04 1.0699E+01
  4.620000E+04 1.0604E+01
  4.630000E+04 1.0510E+01
  4.640000E+04 1.0274E+01
  4.650000E+04 1.0044E+01
  4.660000E+04 9.9897E+00
  4.670000E+04 9.9360E+00
  4.680000E+04 9.9487E+00
  4.690000E+04 9.9617E+00
  4.700000E+04 9.8957E+00
  4.710000E+04 9.8303E+00
  4.720000E+04 9.7502E+00
  4.730000E+04 9.6709E+00
  4.740000E+04 9.5866E+00
  4.750000E+04 9.5034E+00
  4.760000E+04 9.4270E+00
  4.770000E+04 9.3516E+00
  4.780000E+04 9.2745E+00
  4.790000E+04 9.1983E+00
  4.800000E+04 9.1200E+00
  4.810000E+04 9.0426E+00
  4.820000E+04 8.9721E+00
  4.830000E+04 8.9025E+00
  4.840000E+04 8.8267E+00
  4.850000E+04 8.7518E+00
  4.860000E+04 8.6804E+00
  4.870000E+04 8.6096E+00
  4.880000E+04 8.5391E+00
  4.890000E+04 8.4693E+00
  4.900000E+04 8.4001E+00
  4.910000E+04 8.3315E+00
  4.920000E+04 8.2664E+00
  4.930000E+04 8.2022E+00
  4.940000E+04 8.1355E+00
  4.950000E+04 8.0695E+00
  4.960000E+04 8.0068E+00
  4.970000E+04 7.9448E+00
  4.980000E+04 7.8793E+00
  4.990000E+04 7.8147E+00
  5.000000E+04 7.7526E+00
  5.010000E+04 7.6911E+00
  5.020000E+04 7.6304E+00
  5.030000E+04 7.5703E+00
  5.040000E+04 7.5104E+00
  5.050000E+04 7.4511E+00
  5.060000E+04 7.3928E+00
  5.070000E+04 7.3351E+00
  5.080000E+04 7.2773E+00
  5.090000E+04 7.2200E+00
  5.100000E+04 7.1545E+00
  5.110000E+04 7.0896E+00
  5.120000E+04 6.9558E+00
  5.130000E+04 6.8249E+00
  5.140000E+04 6.8524E+00
  5.150000E+04 6.8801E+00
  5.160000E+04 6.8329E+00
  5.170000E+04 6.7863E+00
  5.180000E+04 6.7341E+00
  5.190000E+04 6.6825E+00
  5.200000E+04 6.6316E+00
  5.210000E+04 6.5813E+00
  5.220000E+04 6.5315E+00
  5.230000E+04 6.4821E+00
  5.240000E+04 6.4338E+00
  5.250000E+04 6.3859E+00
  5.260000E+04 6.3380E+00
  5.270000E+04 6.2907E+00
  5.280000E+04 6.2433E+00
  5.290000E+04 6.1964E+00
  5.300000E+04 6.1503E+00
  5.310000E+04 6.1047E+00
  5.320000E+04 6.0595E+00
  5.330000E+04 6.0148E+00
  5.340000E+04 5.9703E+00
  5.350000E+04 5.9263E+00
  5.360000E+04 5.8828E+00
  5.370000E+04 5.8397E+00
  5.380000E+04 5.7968E+00
  5.390000E+04 5.7544E+00
  5.400000E+04 5.7123E+00
  5.410000E+04 5.6705E+00
  5.420000E+04 5.6287E+00
  5.430000E+04 5.5872E+00
  5.440000E+04 5.5466E+00
  5.450000E+04 5.5063E+00
  5.460000E+04 5.4660E+00
  5.470000E+04 5.4260E+00
  5.480000E+04 5.3867E+00
  5.490000E+04 5.3477E+00
  5.500000E+04 5.3091E+00
  5.510000E+04 5.2708E+00
  5.520000E+04 5.2331E+00
  5.530000E+04 5.1958E+00
  5.540000E+04 5.1582E+00
  5.550000E+04 5.1210E+00
  5.560000E+04 5.0846E+00
  5.570000E+04 5.0486E+00
  5.580000E+04 5.0124E+00
  5.590000E+04 4.9764E+00
  5.600000E+04 4.9414E+00
  5.610000E+04 4.9066E+00
  5.620000E+04 4.8719E+00
  5.630000E+04 4.8375E+00
  5.640000E+04 4.8036E+00
  5.650000E+04 4.7701E+00
  5.660000E+04 4.7366E+00
  5.670000E+04 4.7033E+00
  5.680000E+04 4.6703E+00
  5.690000E+04 4.6376E+00
  5.700000E+04 4.6054E+00
  5.710000E+04 4.5736E+00
  5.720000E+04 4.5418E+00
  5.730000E+04 4.5104E+00
  5.740000E+04 4.4791E+00
  5.750000E+04 4.4482E+00
  5.760000E+04 4.4174E+00
  5.770000E+04 4.3870E+00
  5.780000E+04 4.3568E+00
  5.790000E+04 4.3269E+00
  5.800000E+04 4.2973E+00
  5.810000E+04 4.2679E+00
  5.820000E+04 4.2388E+00
  5.830000E+04 4.2100E+00
  5.840000E+04 4.1829E+00
  5.850000E+04 4.1561E+00
  5.860000E+04 4.1274E+00
  5.870000E+04 4.0989E+00
  5.880000E+04 4.0645E+00
  5.890000E+04 4.0304E+00
  5.900000E+04 3.9521E+00
  5.910000E+04 3.8756E+00
  5.920000E+04 3.9024E+00
  5.930000E+04 3.9293E+00
  5.940000E+04 3.9064E+00
  5.950000E+04 3.8837E+00
  5.960000E+04 3.8583E+00
  5.970000E+04 3.8330E+00
  5.980000E+04 3.8075E+00
  5.990000E+04 3.7822E+00
  6.000000E+04 3.7571E+00
  6.010000E+04 3.7323E+00
  6.020000E+04 3.7076E+00
  6.030000E+04 3.6832E+00
  6.040000E+04 3.6589E+00
  6.050000E+04 3.6349E+00
  6.060000E+04 3.6110E+00
  6.070000E+04 3.5873E+00
  6.080000E+04 3.5638E+00
  6.090000E+04 3.5405E+00
  6.100000E+04 3.5173E+00
  6.110000E+04 3.4943E+00
  6.120000E+04 3.4718E+00
  6.130000E+04 3.4494E+00
  6.140000E+04 3.4270E+00
  6.150000E+04 3.4049E+00
  6.160000E+04 3.3829E+00
  6.170000E+04 3.3611E+00
  6.180000E+04 3.3395E+00
  6.190000E+04 3.3180E+00
  6.200000E+04 3.2968E+00
  6.210000E+04 3.2757E+00
  6.220000E+04 3.2546E+00
  6.230000E+04 3.2336E+00
  6.240000E+04 3.2130E+00
  6.250000E+04 3.1926E+00
  6.260000E+04 3.1723E+00
  6.270000E+04 3.1522E+00
  6.280000E+04 3.1323E+00
  6.290000E+04 3.1126E+00
  6.300000E+04 3.0928E+00
  6.310000E+04 3.0732E+00
  6.320000E+04 3.0539E+00
  6.330000E+04 3.0348E+00
  6.340000E+04 3.0157E+00
  6.350000E+04 2.9968E+00
  6.360000E+04 2.9780E+00
  6.370000E+04 2.9595E+00
  6.380000E+04 2.9410E+00
  6.390000E+04 2.9227E+00
  6.400000E+04 2.9045E+00
  6.410000E+04 2.8865E+00
  6.420000E+04 2.8686E+00
  6.430000E+04 2.8508E+00
  6.440000E+04 2.8332E+00
  6.450000E+04 2.8157E+00
  6.460000E+04 2.7983E+00
  6.470000E+04 2.7811E+00
  6.480000E+04 2.7640E+00
  6.490000E+04 2.7470E+00
  6.500000E+04 2.7301E+00
  6.510000E+04 2.7135E+00
  6.520000E+04 2.6969E+00
  6.530000E+04 2.6805E+00
  6.540000E+04 2.6642E+00
  6.550000E+04 2.6480E+00
  6.560000E+04 2.6319E+00
  6.570000E+04 2.6160E+00
  6.580000E+04 2.6002E+00
  6.590000E+04 2.5844E+00
  6.600000E+04 2.5688E+00
  6.610000E+04 2.5532E+00
  6.620000E+04 2.5378E+00
  6.630000E+04 2.5226E+00
  6.640000E+04 2.5075E+00
  6.650000E+04 2.4925E+00
  6.660000E+04 2.4776E+00
  6.670000E+04 2.4628E+00
  6.680000E+04 2.4481E+00
  6.690000E+04 2.4335E+00
  6.700000E+04 2.4190E+00
  6.710000E+04 2.4047E+00
  6.720000E+04 2.3904E+00
  6.730000E+04 2.3763E+00
  6.740000E+04 2.3623E+00
  6.750000E+04 2.3483E+00
  6.760000E+04 2.3345E+00
  6.770000E+04 2.3208E+00
  6.780000E+04 2.3072E+00
  6.790000E+04 2.2936E+00
  6.800000E+04 2.2802E+00
  6.810000E+04 2.2668E+00
  6.820000E+04 2.2536E+00
  6.830000E+04 2.2404E+00
  6.840000E+04 2.2273E+00
  6.850000E+04 2.2144E+00
  6.860000E+04 2.2015E+00
  6.870000E+04 2.1887E+00
  6.880000E+04 2.1760E+00
  6.890000E+04 2.1634E+00
  6.900000E+04 2.1509E+00
  6.910000E+04 2.1385E+00
  6.920000E+04 2.1262E+00
  6.930000E+04 2.1140E+00
  6.940000E+04 2.1018E+00
  6.950000E+04 2.0898E+00
  6.960000E+04 2.0778E+00
  6.970000E+04 2.0659E+00
  6.980000E+04 2.0542E+00
  6.990000E+04 2.0424E+00
  7.000000E+04 2.0308E+00
  7.010000E+04 2.0192E+00
  7.020000E+04 2.0078E+00
  7.030000E+04 1.9964E+00
  7.040000E+04 1.9850E+00
  7.050000E+04 1.9738E+00
  7.060000E+04 1.9627E+00
  7.070000E+04 1.9516E+00
  7.080000E+04 1.9406E+00
  7.090000E+04 1.9297E+00
  7.100000E+04 1.9189E+00
  7.110000E+04 1.9081E+00
  7.120000E+04 1.8974E+00
  7.130000E+04 1.8868E+00
  7.140000E+04 1.8763E+00
  7.150000E+04 1.8658E+00
  7.160000E+04 1.8554E+00
  7.170000E+04 1.8451E+00
  7.180000E+04 1.8349E+00
  7.190000E+04 1.8247E+00
  7.200000E+04 1.8145E+00
  7.210000E+04 1.8045E+00
  7.220000E+04 1.7945E+00
  7.230000E+04 1.7846E+00
  7.240000E+04 1.7748E+00
  7.250000E+04 1.7650E+00
  7.260000E+04 1.7554E+00
  7.270000E+04 1.7458E+00
  7.280000E+04 1.7362E+00
  7.290000E+04 1.7267E+00
  7.300000E+04 1.7173E+00
  7.310000E+04 1.7079E+00
  7.320000E+04 1.6986E+00
  7.330000E+04 1.6894E+00
  7.340000E+04 1.6802E+00
  7.350000E+04 1.6710E+00
  7.360000E+04 1.6620E+00
  7.370000E+04 1.6530E+00
  7.380000E+04 1.6440E+00
  7.390000E+04 1.6347E+00
  7.400000E+04 1.6253E+00
  7.410000E+04 1.6161E+00
  7.420000E+04 1.6069E+00
  7.430000E+04 1.5920E+00
  7.440000E+04 1.5773E+00
  7.450000E+04 1.5627E+00
  7.460000E+04 1.5483E+00
  7.470000E+04 1.5389E+00
  7.480000E+04 1.5296E+00
  7.490000E+04 1.5203E+00
  7.500000E+04 1.5112E+00
  7.510000E+04 1.5103E+00
  7.520000E+04 1.5095E+00
  7.530000E+04 1.5087E+00
  7.540000E+04 1.5079E+00
  7.550000E+04 1.5002E+00
  7.560000E+04 1.4926E+00
  7.570000E+04 1.4849E+00
  7.580000E+04 1.4774E+00
  7.590000E+04 1.4696E+00
  7.600000E+04 1.4619E+00
  7.610000E+04 1.4543E+00
  7.620000E+04 1.4467E+00
  7.630000E+04 1.4391E+00
  7.640000E+04 1.4316E+00
  7.650000E+04 1.4242E+00
  7.660000E+04 1.4167E+00
  7.670000E+04 1.4094E+00
  7.680000E+04 1.4020E+00
  7.690000E+04 1.3947E+00
  7.700000E+04 1.3875E+00
  7.710000E+04 1.3803E+00
  7.720000E+04 1.3732E+00
  7.730000E+04 1.3661E+00
  7.740000E+04 1.3591E+00
  7.750000E+04 1.3521E+00
  7.760000E+04 1.3452E+00
  7.770000E+04 1.3383E+00
  7.780000E+04 1.3314E+00
  7.790000E+04 1.3246E+00
  7.800000E+04 1.3178E+00
  7.810000E+04 1.3110E+00
  7.820000E+04 1.3043E+00
  7.830000E+04 1.2977E+00
  7.840000E+04 1.2911E+00
  7.850000E+04 1.2845E+00
  7.860000E+04 1.2780E+00
  7.870000E+04 1.2715E+00
  7.880000E+04 1.2651E+00
  7.890000E+04 1.2587E+00
  7.900000E+04 1.2524E+00
  7.910000E+04 1.2460E+00
  7.920000E+04 1.2397E+00
  7.930000E+04 1.2335E+00
  7.940000E+04 1.2273E+00
  7.950000E+04 1.2211E+00
  7.960000E+04 1.2150E+00
  7.970000E+04 1.2090E+00
  7.980000E+04 1.2029E+00
  7.990000E+04 1.1969E+00
  8.000000E+04 1.1909E+00
  8.010000E+04 1.1850E+00
  8.020000E+04 1.1790E+00
  8.030000E+04 1.1732E+00
  8.040000E+04 1.1674E+00
  8.050000E+04 1.1616E+00
  8.060000E+04 1.1559E+00
  8.070000E+04 1.1501E+00
  8.080000E+04 1.1445E+00
  8.090000E+04 1.1388E+00
  8.100000E+04 1.1332E+00
  8.110000E+04 1.1276E+00
  8.120000E+04 1.1221E+00
  8.130000E+04 1.1165E+00
  8.140000E+04 1.1110E+00
  8.150000E+04 1.1056E+00
  8.160000E+04 1.1002E+00
  8.170000E+04 1.0948E+00
  8.180000E+04 1.0895E+00
  8.190000E+04 1.0842E+00
  8.200000E+04 1.0789E+00
  8.210000E+04 1.0736E+00
  8.220000E+04 1.0684E+00
  8.230000E+04 1.0632E+00
  8.240000E+04 1.0581E+00
  8.250000E+04 1.0530E+00
  8.260000E+04 1.0479E+00
  8.270000E+04 1.0428E+00
  8.280000E+04 1.0378E+00
  8.290000E+04 1.0328E+00
  8.300000E+04 1.0278E+00
  8.310000E+04 1.0229E+00
  8.320000E+04 1.0180E+00
  8.330000E+04 1.0131E+00
  8.340000E+04 1.0082E+00
  8.350000E+04 1.0034E+00
  8.360000E+04 9.9861E-01
  8.370000E+04 9.9384E-01
  8.380000E+04 9.8911E-01
  8.390000E+04 9.8440E-01
  8.400000E+04 9.7973E-01
  8.410000E+04 9.7508E-01
  8.420000E+04 9.7046E-01
  8.430000E+04 9.6587E-01
  8.440000E+04 9.6130E-01
  8.450000E+04 9.5677E-01
  8.460000E+04 9.5226E-01
  8.470000E+04 9.4776E-01
  8.480000E+04 9.4330E-01
  8.490000E+04 9.3886E-01
  8.500000E+04 9.3444E-01
  8.510000E+04 9.3006E-01
  8.520000E+04 9.2571E-01
  8.530000E+04 9.2138E-01
  8.540000E+04 9.1707E-01
  8.550000E+04 9.1277E-01
  8.560000E+04 9.0850E-01
  8.570000E+04 9.0424E-01
  8.580000E+04 9.0001E-01
  8.590000E+04 8.9583E-01
  8.600000E+04 8.9168E-01
  8.610000E+04 8.8754E-01
  8.620000E+04 8.8343E-01
  8.630000E+04 8.7934E-01
  8.640000E+04 8.7528E-01
  8.650000E+04 8.7124E-01
  8.660000E+04 8.6721E-01
  8.670000E+04 8.6323E-01
  8.680000E+04 8.5926E-01
  8.690000E+04 8.5531E-01
  8.700000E+04 8.5139E-01
  8.710000E+04 8.4749E-01
  8.720000E+04 8.4361E-01
  8.730000E+04 8.3975E-01
  8.740000E+04 8.3592E-01
  8.750000E+04 8.3209E-01
  8.760000E+04 8.2829E-01
  8.770000E+04 8.2451E-01
  8.780000E+04 8.2075E-01
  8.790000E+04 8.1701E-01
  8.800000E+04 8.1330E-01
  8.810000E+04 8.0960E-01
  8.820000E+04 8.0593E-01
  8.830000E+04 8.0229E-01
  8.840000E+04 7.9867E-01
  8.850000E+04 7.9507E-01
  8.860000E+04 7.9148E-01
  8.870000E+04 7.8792E-01
  8.880000E+04 7.8437E-01
  8.890000E+04 7.8084E-01
  8.900000E+04 7.7733E-01
  8.910000E+04 7.7385E-01
  8.920000E+04 7.7038E-01
  8.930000E+04 7.6694E-01
  8.940000E+04 7.6351E-01
  8.950000E+04 7.6010E-01
  8.960000E+04 7.5671E-01
  8.970000E+04 7.5333E-01
  8.980000E+04 7.4998E-01
  8.990000E+04 7.4664E-01
  9.000000E+04 7.4332E-01
  9.010000E+04 7.4002E-01
  9.020000E+04 7.3674E-01
  9.030000E+04 7.3348E-01
  9.040000E+04 7.3024E-01
  9.050000E+04 7.2702E-01
  9.060000E+04 7.2382E-01
  9.070000E+04 7.2063E-01
  9.080000E+04 7.1745E-01
  9.090000E+04 7.1430E-01
  9.100000E+04 7.1116E-01
  9.110000E+04 7.0804E-01
  9.120000E+04 7.0493E-01
  9.130000E+04 7.0184E-01
  9.140000E+04 6.9877E-01
  9.150000E+04 6.9572E-01
  9.160000E+04 6.9269E-01
  9.170000E+04 6.8968E-01
  9.180000E+04 6.8669E-01
  9.190000E+04 6.8369E-01
  9.200000E+04 6.8072E-01
  9.210000E+04 6.7776E-01
  9.220000E+04 6.7482E-01
  9.230000E+04 6.7190E-01
  9.240000E+04 6.6899E-01
  9.250000E+04 6.6611E-01
  9.260000E+04 6.6324E-01
  9.270000E+04 6.6037E-01
  9.280000E+04 6.5752E-01
  9.290000E+04 6.5469E-01
  9.300000E+04 6.5187E-01
  9.310000E+04 6.4908E-01
  9.320000E+04 6.4630E-01
  9.330000E+04 6.4354E-01
  9.340000E+04 6.4079E-01
  9.350000E+04 6.3803E-01
  9.360000E+04 6.3530E-01
  9.370000E+04 6.3257E-01
  9.380000E+04 6.2986E-01
  9.390000E+04 6.2719E-01
  9.400000E+04 6.2452E-01
  9.410000E+04 6.2188E-01
  9.420000E+04 6.1924E-01
  9.430000E+04 6.1661E-01
  9.440000E+04 6.1399E-01
  9.450000E+04 6.1139E-01
  9.460000E+04 6.0880E-01
  9.470000E+04 6.0624E-01
  9.480000E+04 6.0370E-01
  9.490000E+04 6.0117E-01
  9.500000E+04 5.9865E-01
  9.510000E+04 5.9612E-01
  9.520000E+04 5.9360E-01
  9.530000E+04 5.9109E-01
  9.540000E+04 5.8860E-01
  9.550000E+04 5.8614E-01
  9.560000E+04 5.8370E-01
  9.570000E+04 5.8128E-01
  9.580000E+04 5.7886E-01
  9.590000E+04 5.7644E-01
  9.600000E+04 5.7403E-01
  9.610000E+04 5.7164E-01
  9.620000E+04 5.6925E-01
  9.630000E+04 5.6689E-01
  9.640000E+04 5.6454E-01
  9.650000E+04 5.6221E-01
  9.660000E+04 5.5988E-01
  9.670000E+04 5.5756E-01
  9.680000E+04 5.5525E-01
  9.690000E+04 5.5296E-01
  9.700000E+04 5.5068E-01
  9.710000E+04 5.4841E-01
  9.720000E+04 5.4615E-01
  9.730000E+04 5.4390E-01
  9.740000E+04 5.4167E-01
  9.750000E+04 5.3945E-01
  9.760000E+04 5.3724E-01
  9.770000E+04 5.3504E-01
  9.780000E+04 5.3285E-01
  9.790000E+04 5.3068E-01
  9.800000E+04 5.2851E-01
  9.810000E+04 5.2635E-01
  9.820000E+04 5.2420E-01
  9.830000E+04 5.2207E-01
  9.840000E+04 5.1994E-01
  9.850000E+04 5.1782E-01
  9.860000E+04 5.1572E-01
  9.870000E+04 5.1363E-01
  9.880000E+04 5.1156E-01
  9.890000E+04 5.0949E-01
  9.900000E+04 5.0744E-01
  9.910000E+04 5.0539E-01
  9.920000E+04 5.0335E-01
  9.930000E+04 5.0132E-01
  9.940000E+04 4.9929E-01
  9.950000E+04 4.9729E-01
  9.960000E+04 4.9529E-01
  9.970000E+04 4.9331E-01
  9.980000E+04 4.9134E-01
  9.990000E+04 4.8937E-01
  1.000000E+05 4.8741E-01
  1.002000E+05 4.8352E-01
  1.050000E+05 4.0065E-01
  1.100000E+05 3.3234E-01
  1.130000E+05 2.9829E-01
  1.160000E+05 2.6848E-01
  1.200000E+05 2.3429E-01
  1.250000E+05 1.9885E-01
  1.300000E+05 1.6986E-01
  1.350000E+05 1.4596E-01
  1.400000E+05 1.2612E-01
  1.450000E+05 1.0953E-01
  1.500000E+05 9.5585E-02
  1.600000E+05 7.3753E-02
  1.700000E+05 5.7810E-02
  1.800000E+05 4.5948E-02
  1.900000E+05 3.6977E-02
  2.000000E+05 3.0091E-02
  2.200000E+05 2.0491E-02
  2.300000E+05 1.7129E-02
  2.400000E+05 1.4429E-02
  2.500000E+05 1.2239E-02
  2.600000E+05 1.0449E-02
  2.700000E+05 8.9745E-03
  2.800000E+05 7.7506E-03
  3.000000E+05 5.8687E-03
  3.500000E+05 3.1525E-03
  4.000000E+05 1.8403E-03
  4.500000E+05 1.1438E-03
  5.000000E+05 7.4753E-04
  5.500000E+05 5.0877E-04
  6.000000E+05 3.5806E-04
  6.500000E+05 2.5914E-04
  7.000000E+05 1.9210E-04
  7.500000E+05 1.4538E-04
  8.000000E+05 1.1201E-04
  8.500000E+05 8.7676E-05
  9.000000E+05 6.9594E-05
  9.500000E+05 5.5936E-05
  1.000000E+06 4.5465E-05
  1.050000E+06 3.7329E-05
  1.100000E+06 3.0932E-05
  1.200000E+06 2.1762E-05
  1.300000E+06 1.5747E-05
  1.400000E+06 1.1671E-05
  1.500000E+06 8.8308E-06
  1.600000E+06 6.8031E-06
  2.000000E+06 2.8022E-06
  2.500000E+06 1.1478E-06
  3.000000E+06 5.5352E-07
  4.000000E+06 1.7514E-07
  5.000000E+06 7.1737E-08
  7.000000E+06 1.8674E-08
  1.000000E+07 4.4839E-09
  1.500000E+07 8.8570E-10
  2.250000E+07 1.7495E-10
  3.350000E+07 3.5602E-11
  5.000000E+07 7.1742E-12
  7.400000E+07 1.4953E-12
  1.100000E+08 3.0626E-13
  1.300000E+08 1.5699E-13
  1.600000E+08 6.8419E-14
  2.400000E+08 1.3515E-14
  3.600000E+08 2.6696E-15
