# File: out_constant_SFH.ised
# Column            2
# Age(yr)       9.000E+08
# Lambda(A)       Flux   
  9.100000E+01 6.1827E+03
  9.400000E+01 7.1538E+03
  9.600000E+01 7.6634E+03
  9.800000E+01 4.1320E+04
  1.000000E+02 1.2619E+05
  1.020000E+02 1.3555E+05
  1.040000E+02 1.2883E+05
  1.060000E+02 1.3064E+05
  1.080000E+02 1.3474E+05
  1.100000E+02 1.4984E+05
  1.140000E+02 1.5837E+05
  1.180000E+02 1.5063E+05
  1.210000E+02 1.9471E+05
  1.250000E+02 2.0189E+05
  1.270000E+02 2.0737E+05
  1.280000E+02 2.0915E+05
  1.310000E+02 2.0302E+05
  1.320000E+02 2.0861E+05
  1.340000E+02 1.9897E+05
  1.370000E+02 2.2218E+05
  1.400000E+02 2.2311E+05
  1.430000E+02 2.7944E+05
  1.470000E+02 3.4913E+05
  1.500000E+02 2.9763E+05
  1.510000E+02 3.2181E+05
  1.550000E+02 3.5288E+05
  1.590000E+02 3.5408E+05
  1.620000E+02 3.5478E+05
  1.660000E+02 3.5705E+05
  1.700000E+02 3.5687E+05
  1.730000E+02 2.6067E+05
  1.770000E+02 3.5963E+05
  1.800000E+02 3.6013E+05
  1.820000E+02 3.6004E+05
  1.860000E+02 3.6072E+05
  1.910000E+02 3.6106E+05
  1.940000E+02 3.6346E+05
  1.980000E+02 3.6341E+05
  2.000000E+02 3.6320E+05
  2.020000E+02 3.6363E+05
  2.050000E+02 3.6335E+05
  2.100000E+02 3.5629E+05
  2.160000E+02 3.6338E+05
  2.200000E+02 3.6426E+05
  2.230000E+02 3.5986E+05
  2.270000E+02 3.6470E+05
  2.300000E+02 4.5887E+05
  2.340000E+02 6.5368E+05
  2.400000E+02 7.4650E+05
  2.460000E+02 6.7752E+05
  2.520000E+02 7.2853E+05
  2.570000E+02 6.8950E+05
  2.600000E+02 7.1621E+05
  2.640000E+02 9.3758E+05
  2.690000E+02 9.7192E+05
  2.740000E+02 9.9434E+05
  2.790000E+02 8.4186E+05
  2.840000E+02 1.0288E+06
  2.900000E+02 1.0952E+06
  2.960000E+02 9.8905E+05
  3.000000E+02 9.1072E+05
  3.010000E+02 8.8976E+05
  3.080000E+02 9.5778E+05
  3.180000E+02 9.3454E+05
  3.280000E+02 9.6696E+05
  3.380000E+02 9.0317E+05
  3.480000E+02 8.4855E+05
  3.570000E+02 1.1488E+06
  3.660000E+02 1.7574E+06
  3.750000E+02 1.7228E+06
  3.850000E+02 1.3482E+06
  3.950000E+02 1.9972E+06
  4.000000E+02 2.2130E+06
  4.050000E+02 2.4570E+06
  4.140000E+02 2.4193E+06
  4.220000E+02 2.1738E+06
  4.300000E+02 2.0593E+06
  4.410000E+02 2.3842E+06
  4.510000E+02 2.4036E+06
  4.600000E+02 2.0902E+06
  4.700000E+02 2.1049E+06
  4.800000E+02 2.3386E+06
  4.900000E+02 1.9610E+06
  5.000000E+02 2.3921E+06
  5.060000E+02 2.0301E+06
  5.120000E+02 3.0617E+06
  5.200000E+02 2.8788E+06
  5.300000E+02 2.6257E+06
  5.400000E+02 2.1166E+06
  5.500000E+02 2.0075E+06
  5.600000E+02 2.5966E+06
  5.700000E+02 2.8637E+06
  5.800000E+02 2.7645E+06
  5.900000E+02 2.7650E+06
  6.000000E+02 2.2977E+06
  6.100000E+02 2.1600E+06
  6.200000E+02 2.6960E+06
  6.300000E+02 2.4842E+06
  6.400000E+02 2.7096E+06
  6.500000E+02 2.5592E+06
  6.580000E+02 2.3191E+06
  6.650000E+02 2.5876E+06
  6.750000E+02 2.6667E+06
  6.850000E+02 2.2604E+06
  6.950000E+02 2.5640E+06
  7.000000E+02 2.2915E+06
  7.050000E+02 2.0540E+06
  7.160000E+02 2.5510E+06
  7.260000E+02 2.5417E+06
  7.350000E+02 2.5139E+06
  7.450000E+02 2.3912E+06
  7.550000E+02 2.3357E+06
  7.650000E+02 2.0589E+06
  7.750000E+02 2.2675E+06
  7.850000E+02 2.0343E+06
  7.950000E+02 2.1647E+06
  8.000000E+02 2.1788E+06
  8.050000E+02 2.1937E+06
  8.150000E+02 2.1716E+06
  8.250000E+02 2.1700E+06
  8.350000E+02 1.7184E+06
  8.450000E+02 2.0682E+06
  8.550000E+02 2.0011E+06
  8.650000E+02 2.0441E+06
  8.750000E+02 2.0234E+06
  8.850000E+02 1.9957E+06
  8.950000E+02 1.9725E+06
  9.000000E+02 1.9404E+06
  9.050000E+02 1.9090E+06
  9.150000E+02 1.7956E+06
  9.250000E+02 3.8543E+06
  9.350000E+02 5.8938E+06
  9.450000E+02 7.6719E+06
  9.550000E+02 8.7519E+06
  9.650000E+02 9.3206E+06
  9.750000E+02 3.7947E+06
  9.850000E+02 7.2385E+06
  9.950000E+02 6.9395E+06
  1.000000E+03 7.6733E+06
  1.005000E+03 8.5409E+06
  1.015000E+03 8.6831E+06
  1.025000E+03 6.0940E+06
  1.035000E+03 7.5149E+06
  1.045000E+03 1.0064E+07
  1.055000E+03 9.5877E+06
  1.065000E+03 8.0348E+06
  1.075000E+03 8.7360E+06
  1.085000E+03 7.5869E+06
  1.095000E+03 8.7899E+06
  1.100000E+03 8.5483E+06
  1.105000E+03 8.3369E+06
  1.115000E+03 8.0673E+06
  1.125000E+03 7.0615E+06
  1.135000E+03 8.2844E+06
  1.145000E+03 7.7784E+06
  1.155000E+03 7.7513E+06
  1.165000E+03 7.5799E+06
  1.175000E+03 5.1881E+06
  1.185000E+03 7.1124E+06
  1.195000E+03 6.0062E+06
  1.200000E+03 5.5105E+06
  1.205000E+03 5.1029E+06
  1.215000E+03 4.1346E+06
  1.225000E+03 5.7039E+06
  1.235000E+03 6.8415E+06
  1.245000E+03 7.0208E+06
  1.255000E+03 6.7756E+06
  1.265000E+03 6.4048E+06
  1.275000E+03 7.1945E+06
  1.285000E+03 7.2914E+06
  1.295000E+03 6.2174E+06
  1.300000E+03 6.1869E+06
  1.305000E+03 6.1673E+06
  1.315000E+03 7.0173E+06
  1.325000E+03 6.6793E+06
  1.335000E+03 6.1824E+06
  1.345000E+03 6.7043E+06
  1.355000E+03 6.4729E+06
  1.365000E+03 5.9438E+06
  1.375000E+03 5.9414E+06
  1.385000E+03 5.8613E+06
  1.395000E+03 4.5416E+06
  1.400000E+03 4.4772E+06
  1.405000E+03 4.4277E+06
  1.415000E+03 5.3872E+06
  1.425000E+03 5.2551E+06
  1.435000E+03 5.3689E+06
  1.442000E+03 5.4560E+06
  1.447000E+03 5.4625E+06
  1.455000E+03 5.2593E+06
  1.465000E+03 4.9277E+06
  1.475000E+03 4.9328E+06
  1.485000E+03 4.9590E+06
  1.495000E+03 4.9074E+06
  1.500000E+03 4.7725E+06
  1.505000E+03 4.6436E+06
  1.512000E+03 4.2481E+06
  1.517000E+03 4.4100E+06
  1.525000E+03 4.3140E+06
  1.535000E+03 3.7208E+06
  1.545000E+03 3.5153E+06
  1.555000E+03 3.4436E+06
  1.565000E+03 3.7339E+06
  1.575000E+03 3.9477E+06
  1.585000E+03 4.0381E+06
  1.595000E+03 4.0478E+06
  1.600000E+03 3.9885E+06
  1.605000E+03 3.9316E+06
  1.615000E+03 3.8643E+06
  1.625000E+03 3.7474E+06
  1.635000E+03 3.9073E+06
  1.645000E+03 3.9025E+06
  1.655000E+03 3.7455E+06
  1.665000E+03 3.8920E+06
  1.672000E+03 3.5415E+06
  1.677000E+03 3.9820E+06
  1.685000E+03 3.9837E+06
  1.695000E+03 3.7717E+06
  1.700000E+03 3.7085E+06
  1.705000E+03 3.6472E+06
  1.715000E+03 3.4433E+06
  1.725000E+03 3.3782E+06
  1.735000E+03 3.5414E+06
  1.745000E+03 3.4604E+06
  1.755000E+03 3.5548E+06
  1.765000E+03 3.3627E+06
  1.775000E+03 3.3148E+06
  1.785000E+03 3.3630E+06
  1.795000E+03 3.4551E+06
  1.800000E+03 3.4435E+06
  1.805000E+03 3.4324E+06
  1.815000E+03 3.1778E+06
  1.825000E+03 3.2166E+06
  1.835000E+03 3.1178E+06
  1.845000E+03 2.8901E+06
  1.855000E+03 2.8905E+06
  1.865000E+03 2.9300E+06
  1.875000E+03 3.0581E+06
  1.885000E+03 2.8180E+06
  1.895000E+03 2.6972E+06
  1.900000E+03 2.7652E+06
  1.905000E+03 2.8370E+06
  1.915000E+03 2.7112E+06
  1.925000E+03 2.6110E+06
  1.935000E+03 2.7194E+06
  1.945000E+03 2.7764E+06
  1.955000E+03 2.5611E+06
  1.967000E+03 2.7478E+06
  1.976000E+03 2.8092E+06
  1.984000E+03 2.6598E+06
  1.995000E+03 2.5830E+06
  2.000000E+03 2.6140E+06
  2.005000E+03 2.6461E+06
  2.015000E+03 2.5742E+06
  2.025000E+03 2.6470E+06
  2.035000E+03 2.4850E+06
  2.045000E+03 2.5300E+06
  2.055000E+03 2.2829E+06
  2.065000E+03 2.3509E+06
  2.074000E+03 2.5581E+06
  2.078000E+03 2.4059E+06
  2.085000E+03 2.4741E+06
  2.095000E+03 2.3453E+06
  2.100000E+03 2.3556E+06
  2.105000E+03 2.3666E+06
  2.115000E+03 2.3787E+06
  2.125000E+03 2.3836E+06
  2.135000E+03 2.2736E+06
  2.145000E+03 2.2544E+06
  2.155000E+03 2.3155E+06
  2.165000E+03 2.2481E+06
  2.175000E+03 2.2299E+06
  2.185000E+03 2.1685E+06
  2.195000E+03 2.2306E+06
  2.200000E+03 2.2053E+06
  2.205000E+03 2.1804E+06
  2.215000E+03 2.0976E+06
  2.225000E+03 2.0412E+06
  2.235000E+03 2.0912E+06
  2.245000E+03 2.0310E+06
  2.255000E+03 1.9618E+06
  2.265000E+03 1.9871E+06
  2.275000E+03 1.9977E+06
  2.285000E+03 2.0014E+06
  2.295000E+03 1.8844E+06
  2.300000E+03 1.8895E+06
  2.305000E+03 1.8953E+06
  2.315000E+03 1.8307E+06
  2.325000E+03 1.5589E+06
  2.335000E+03 1.7373E+06
  2.345000E+03 1.7096E+06
  2.355000E+03 1.7529E+06
  2.365000E+03 1.6725E+06
  2.375000E+03 1.6728E+06
  2.385000E+03 1.5929E+06
  2.395000E+03 1.6445E+06
  2.400000E+03 1.6189E+06
  2.405000E+03 1.5938E+06
  2.415000E+03 1.6010E+06
  2.425000E+03 1.6329E+06
  2.435000E+03 1.5752E+06
  2.445000E+03 1.6151E+06
  2.455000E+03 1.5882E+06
  2.465000E+03 1.5710E+06
  2.475000E+03 1.5281E+06
  2.485000E+03 1.5372E+06
  2.495000E+03 1.3547E+06
  2.500000E+03 1.4384E+06
  2.505000E+03 1.5301E+06
  2.513000E+03 1.4260E+06
  2.518000E+03 1.4739E+06
  2.525000E+03 1.4341E+06
  2.535000E+03 1.4316E+06
  2.545000E+03 1.3980E+06
  2.555000E+03 1.4351E+06
  2.565000E+03 1.4127E+06
  2.575000E+03 1.4453E+06
  2.585000E+03 1.4277E+06
  2.595000E+03 1.4073E+06
  2.600000E+03 1.3906E+06
  2.605000E+03 1.3743E+06
  2.615000E+03 1.3528E+06
  2.625000E+03 1.3714E+06
  2.635000E+03 1.3721E+06
  2.645000E+03 1.4119E+06
  2.655000E+03 1.4052E+06
  2.665000E+03 1.3299E+06
  2.675000E+03 1.3504E+06
  2.685000E+03 1.3401E+06
  2.695000E+03 1.2966E+06
  2.700000E+03 1.2979E+06
  2.705000E+03 1.2995E+06
  2.715000E+03 1.2657E+06
  2.725000E+03 1.2624E+06
  2.735000E+03 1.2801E+06
  2.745000E+03 1.1950E+06
  2.755000E+03 1.1944E+06
  2.765000E+03 1.2034E+06
  2.775000E+03 1.2289E+06
  2.785000E+03 1.1978E+06
  2.795000E+03 1.0657E+06
  2.800000E+03 1.0850E+06
  2.805000E+03 1.1053E+06
  2.815000E+03 1.1942E+06
  2.825000E+03 1.1988E+06
  2.835000E+03 1.1539E+06
  2.845000E+03 1.1407E+06
  2.855000E+03 1.1242E+06
  2.865000E+03 1.1526E+06
  2.875000E+03 1.1347E+06
  2.885000E+03 1.1312E+06
  2.895000E+03 1.1136E+06
  2.900000E+03 1.1212E+06
  2.910000E+03 1.1380E+06
  2.930000E+03 1.1076E+06
  2.950000E+03 1.0826E+06
  2.970000E+03 1.0750E+06
  2.990000E+03 1.0596E+06
  3.000000E+03 1.0533E+06
  3.010000E+03 1.0473E+06
  3.030000E+03 1.0348E+06
  3.050000E+03 1.0195E+06
  3.070000E+03 1.0056E+06
  3.090000E+03 9.9211E+05
  3.100000E+03 9.8418E+05
  3.110000E+03 9.7667E+05
  3.130000E+03 9.5754E+05
  3.150000E+03 9.5017E+05
  3.170000E+03 9.3317E+05
  3.190000E+03 9.0157E+05
  3.200000E+03 9.0159E+05
  3.210000E+03 9.0182E+05
  3.230000E+03 8.7951E+05
  3.250000E+03 8.8128E+05
  3.270000E+03 8.7538E+05
  3.290000E+03 8.6391E+05
  3.300000E+03 8.5879E+05
  3.310000E+03 8.5382E+05
  3.330000E+03 8.3786E+05
  3.350000E+03 8.2117E+05
  3.370000E+03 8.0294E+05
  3.390000E+03 7.9480E+05
  3.400000E+03 7.9162E+05
  3.410000E+03 7.8854E+05
  3.430000E+03 7.7571E+05
  3.450000E+03 7.6683E+05
  3.470000E+03 7.5761E+05
  3.490000E+03 7.5135E+05
  3.500000E+03 7.4968E+05
  3.510000E+03 7.4810E+05
  3.530000E+03 7.3446E+05
  3.550000E+03 7.3235E+05
  3.570000E+03 7.0607E+05
  3.590000E+03 6.9473E+05
  3.600000E+03 6.9414E+05
  3.610000E+03 6.9435E+05
  3.630000E+03 6.9031E+05
  3.640000E+03 6.8768E+05
  3.650000E+03 6.9615E+05
  3.670000E+03 6.8143E+05
  3.690000E+03 6.4312E+05
  3.700000E+03 6.5781E+05
  3.710000E+03 6.7412E+05
  3.730000E+03 6.6123E+05
  3.750000E+03 7.5479E+05
  3.770000E+03 7.7265E+05
  3.790000E+03 8.5501E+05
  3.800000E+03 8.9004E+05
  3.810000E+03 9.2740E+05
  3.830000E+03 7.7349E+05
  3.850000E+03 9.5323E+05
  3.870000E+03 1.0046E+06
  3.890000E+03 7.3180E+05
  3.900000E+03 8.5498E+05
  3.910000E+03 1.0069E+06
  3.930000E+03 9.0915E+05
  3.950000E+03 9.6198E+05
  3.970000E+03 6.5903E+05
  3.990000E+03 9.7074E+05
  4.000000E+03 9.9652E+05
  4.010000E+03 1.0242E+06
  4.030000E+03 1.0073E+06
  4.050000E+03 1.0027E+06
  4.070000E+03 9.6241E+05
  4.090000E+03 8.6224E+05
  4.100000E+03 7.9183E+05
  4.110000E+03 7.2868E+05
  4.130000E+03 9.2028E+05
  4.150000E+03 9.4027E+05
  4.170000E+03 9.3373E+05
  4.190000E+03 9.2497E+05
  4.200000E+03 9.2290E+05
  4.210000E+03 9.2116E+05
  4.230000E+03 9.0509E+05
  4.250000E+03 8.9888E+05
  4.270000E+03 8.7029E+05
  4.290000E+03 8.6280E+05
  4.300000E+03 8.3808E+05
  4.310000E+03 8.1454E+05
  4.330000E+03 7.3061E+05
  4.350000E+03 6.5754E+05
  4.370000E+03 8.3078E+05
  4.390000E+03 8.1975E+05
  4.400000E+03 8.2107E+05
  4.410000E+03 8.2261E+05
  4.430000E+03 8.2142E+05
  4.450000E+03 8.2076E+05
  4.470000E+03 8.1207E+05
  4.490000E+03 8.0913E+05
  4.500000E+03 8.1889E+05
  4.510000E+03 8.2949E+05
  4.530000E+03 7.9547E+05
  4.550000E+03 7.8729E+05
  4.570000E+03 8.0204E+05
  4.590000E+03 7.7848E+05
  4.600000E+03 7.7951E+05
  4.610000E+03 7.8058E+05
  4.630000E+03 7.6017E+05
  4.650000E+03 7.5838E+05
  4.670000E+03 7.5882E+05
  4.690000E+03 7.4276E+05
  4.700000E+03 7.3180E+05
  4.710000E+03 7.2107E+05
  4.730000E+03 7.3504E+05
  4.750000E+03 7.3506E+05
  4.770000E+03 7.2983E+05
  4.790000E+03 7.1925E+05
  4.800000E+03 7.1184E+05
  4.810000E+03 7.0454E+05
  4.830000E+03 6.9287E+05
  4.850000E+03 6.0535E+05
  4.870000E+03 5.2426E+05
  4.890000E+03 6.5947E+05
  4.900000E+03 6.6387E+05
  4.910000E+03 6.6844E+05
  4.930000E+03 6.5632E+05
  4.950000E+03 6.6767E+05
  4.970000E+03 6.5932E+05
  4.990000E+03 6.3646E+05
  5.000000E+03 6.2478E+05
  5.010000E+03 6.1345E+05
  5.030000E+03 6.2550E+05
  5.050000E+03 6.1641E+05
  5.070000E+03 6.2667E+05
  5.090000E+03 6.0938E+05
  5.100000E+03 6.0881E+05
  5.110000E+03 6.0836E+05
  5.130000E+03 5.9480E+05
  5.150000E+03 5.8182E+05
  5.170000E+03 5.6479E+05
  5.190000E+03 5.6575E+05
  5.200000E+03 5.6756E+05
  5.210000E+03 5.6958E+05
  5.230000E+03 5.7130E+05
  5.250000E+03 5.7642E+05
  5.270000E+03 5.4670E+05
  5.290000E+03 5.6975E+05
  5.300000E+03 5.7118E+05
  5.310000E+03 5.7284E+05
  5.330000E+03 5.4615E+05
  5.350000E+03 5.6084E+05
  5.370000E+03 5.5624E+05
  5.390000E+03 5.4556E+05
  5.400000E+03 5.4123E+05
  5.410000E+03 5.3692E+05
  5.430000E+03 5.3644E+05
  5.450000E+03 5.4066E+05
  5.470000E+03 5.2844E+05
  5.490000E+03 5.2521E+05
  5.500000E+03 5.2275E+05
  5.510000E+03 5.2025E+05
  5.530000E+03 5.2117E+05
  5.550000E+03 5.2163E+05
  5.570000E+03 5.1432E+05
  5.590000E+03 5.0485E+05
  5.600000E+03 5.0703E+05
  5.610000E+03 5.0945E+05
  5.630000E+03 5.0214E+05
  5.650000E+03 4.9994E+05
  5.670000E+03 4.9182E+05
  5.690000E+03 4.9581E+05
  5.700000E+03 4.9119E+05
  5.710000E+03 4.8674E+05
  5.730000E+03 5.0056E+05
  5.750000E+03 4.8669E+05
  5.770000E+03 4.8741E+05
  5.790000E+03 4.7565E+05
  5.800000E+03 4.7847E+05
  5.810000E+03 4.8147E+05
  5.830000E+03 4.8447E+05
  5.850000E+03 4.7436E+05
  5.870000E+03 4.6875E+05
  5.890000E+03 4.4887E+05
  5.900000E+03 4.5511E+05
  5.910000E+03 4.6194E+05
  5.930000E+03 4.5992E+05
  5.950000E+03 4.5637E+05
  5.970000E+03 4.5807E+05
  5.990000E+03 4.5029E+05
  6.000000E+03 4.4770E+05
  6.010000E+03 4.4534E+05
  6.030000E+03 4.4859E+05
  6.050000E+03 4.4940E+05
  6.070000E+03 4.4720E+05
  6.090000E+03 4.3608E+05
  6.100000E+03 4.3523E+05
  6.110000E+03 4.3444E+05
  6.130000E+03 4.2106E+05
  6.150000E+03 4.2033E+05
  6.170000E+03 4.1237E+05
  6.190000E+03 4.2012E+05
  6.200000E+03 4.1815E+05
  6.210000E+03 4.1605E+05
  6.230000E+03 4.0641E+05
  6.250000E+03 3.9570E+05
  6.270000E+03 4.0571E+05
  6.290000E+03 4.0770E+05
  6.300000E+03 4.0368E+05
  6.310000E+03 3.9974E+05
  6.330000E+03 4.0152E+05
  6.350000E+03 3.9719E+05
  6.370000E+03 3.9493E+05
  6.390000E+03 3.9810E+05
  6.400000E+03 3.9539E+05
  6.410000E+03 3.9214E+05
  6.430000E+03 3.9244E+05
  6.450000E+03 3.8923E+05
  6.470000E+03 3.8781E+05
  6.490000E+03 3.7985E+05
  6.500000E+03 3.8162E+05
  6.510000E+03 3.8330E+05
  6.530000E+03 3.7783E+05
  6.550000E+03 3.5578E+05
  6.570000E+03 3.1731E+05
  6.590000E+03 3.6648E+05
  6.600000E+03 3.6982E+05
  6.610000E+03 3.7341E+05
  6.630000E+03 3.7096E+05
  6.650000E+03 3.6859E+05
  6.670000E+03 3.6194E+05
  6.690000E+03 3.6496E+05
  6.700000E+03 3.6060E+05
  6.710000E+03 3.5637E+05
  6.730000E+03 3.5996E+05
  6.750000E+03 3.5467E+05
  6.770000E+03 3.5523E+05
  6.790000E+03 3.5097E+05
  6.800000E+03 3.5071E+05
  6.810000E+03 3.5057E+05
  6.830000E+03 3.5081E+05
  6.850000E+03 3.4450E+05
  6.870000E+03 3.4661E+05
  6.890000E+03 3.4807E+05
  6.900000E+03 3.4695E+05
  6.910000E+03 3.4550E+05
  6.930000E+03 3.4193E+05
  6.950000E+03 3.3836E+05
  6.970000E+03 3.3897E+05
  6.990000E+03 3.3682E+05
  7.000000E+03 3.3304E+05
  7.010000E+03 3.3053E+05
  7.030000E+03 3.3239E+05
  7.050000E+03 3.3105E+05
  7.070000E+03 3.2394E+05
  7.090000E+03 3.1884E+05
  7.100000E+03 3.1517E+05
  7.110000E+03 3.1230E+05
  7.130000E+03 3.0783E+05
  7.150000E+03 3.0711E+05
  7.170000E+03 3.0759E+05
  7.190000E+03 3.0317E+05
  7.200000E+03 3.0504E+05
  7.210000E+03 3.0731E+05
  7.230000E+03 3.0907E+05
  7.250000E+03 3.0884E+05
  7.270000E+03 3.0760E+05
  7.290000E+03 3.0266E+05
  7.300000E+03 3.0390E+05
  7.310000E+03 3.0648E+05
  7.330000E+03 3.0563E+05
  7.350000E+03 3.0519E+05
  7.370000E+03 3.0907E+05
  7.390000E+03 3.0260E+05
  7.400000E+03 3.0213E+05
  7.410000E+03 3.0125E+05
  7.430000E+03 3.0305E+05
  7.450000E+03 3.0217E+05
  7.470000E+03 3.0213E+05
  7.490000E+03 2.9983E+05
  7.500000E+03 3.0033E+05
  7.510000E+03 3.0144E+05
  7.530000E+03 3.0248E+05
  7.550000E+03 3.0250E+05
  7.570000E+03 2.9965E+05
  7.590000E+03 2.9575E+05
  7.600000E+03 2.9477E+05
  7.610000E+03 2.9351E+05
  7.630000E+03 2.9153E+05
  7.650000E+03 2.8816E+05
  7.670000E+03 2.8081E+05
  7.690000E+03 2.8473E+05
  7.700000E+03 2.8167E+05
  7.710000E+03 2.7990E+05
  7.730000E+03 2.7963E+05
  7.750000E+03 2.7748E+05
  7.770000E+03 2.7746E+05
  7.790000E+03 2.7920E+05
  7.800000E+03 2.7846E+05
  7.810000E+03 2.7783E+05
  7.830000E+03 2.7605E+05
  7.850000E+03 2.7256E+05
  7.870000E+03 2.7193E+05
  7.890000E+03 2.6594E+05
  7.900000E+03 2.6356E+05
  7.910000E+03 2.6126E+05
  7.930000E+03 2.6203E+05
  7.950000E+03 2.5854E+05
  7.970000E+03 2.6328E+05
  7.990000E+03 2.6237E+05
  8.000000E+03 2.6331E+05
  8.010000E+03 2.6366E+05
  8.030000E+03 2.6249E+05
  8.050000E+03 2.6043E+05
  8.070000E+03 2.5909E+05
  8.090000E+03 2.5447E+05
  8.100000E+03 2.5442E+05
  8.110000E+03 2.5348E+05
  8.130000E+03 2.5623E+05
  8.150000E+03 2.5621E+05
  8.170000E+03 2.5610E+05
  8.190000E+03 2.5121E+05
  8.200000E+03 2.5030E+05
  8.210000E+03 2.4987E+05
  8.230000E+03 2.5021E+05
  8.250000E+03 2.5043E+05
  8.270000E+03 2.5142E+05
  8.290000E+03 2.4952E+05
  8.300000E+03 2.4596E+05
  8.310000E+03 2.4248E+05
  8.330000E+03 2.4200E+05
  8.350000E+03 2.4104E+05
  8.370000E+03 2.4126E+05
  8.390000E+03 2.3672E+05
  8.400000E+03 2.3841E+05
  8.410000E+03 2.4007E+05
  8.430000E+03 2.3498E+05
  8.450000E+03 2.3341E+05
  8.470000E+03 2.3121E+05
  8.490000E+03 2.3497E+05
  8.500000E+03 2.2880E+05
  8.510000E+03 2.2320E+05
  8.530000E+03 2.3481E+05
  8.550000E+03 2.1376E+05
  8.570000E+03 2.3869E+05
  8.590000E+03 2.2901E+05
  8.600000E+03 2.2856E+05
  8.610000E+03 2.2832E+05
  8.630000E+03 2.3988E+05
  8.650000E+03 2.3537E+05
  8.670000E+03 2.0920E+05
  8.690000E+03 2.3162E+05
  8.700000E+03 2.3531E+05
  8.710000E+03 2.3889E+05
  8.730000E+03 2.3450E+05
  8.750000E+03 2.1702E+05
  8.770000E+03 2.3178E+05
  8.790000E+03 2.3796E+05
  8.800000E+03 2.3565E+05
  8.810000E+03 2.3265E+05
  8.830000E+03 2.3349E+05
  8.850000E+03 2.2643E+05
  8.870000E+03 2.1287E+05
  8.890000E+03 2.2796E+05
  8.900000E+03 2.3070E+05
  8.910000E+03 2.3249E+05
  8.930000E+03 2.2917E+05
  8.950000E+03 2.2978E+05
  8.970000E+03 2.2850E+05
  8.990000E+03 2.2482E+05
  9.000000E+03 2.1569E+05
  9.010000E+03 2.0724E+05
  9.030000E+03 2.1666E+05
  9.050000E+03 2.2771E+05
  9.070000E+03 2.2669E+05
  9.090000E+03 2.2107E+05
  9.100000E+03 2.2216E+05
  9.110000E+03 2.2265E+05
  9.130000E+03 2.2535E+05
  9.150000E+03 2.2367E+05
  9.170000E+03 2.2147E+05
  9.190000E+03 2.2035E+05
  9.200000E+03 2.1475E+05
  9.210000E+03 2.0937E+05
  9.230000E+03 1.9610E+05
  9.250000E+03 2.0586E+05
  9.270000E+03 2.1144E+05
  9.290000E+03 2.1334E+05
  9.300000E+03 2.1329E+05
  9.310000E+03 2.1335E+05
  9.330000E+03 2.1277E+05
  9.350000E+03 2.1179E+05
  9.370000E+03 2.0964E+05
  9.390000E+03 2.1067E+05
  9.400000E+03 2.0858E+05
  9.410000E+03 2.0529E+05
  9.430000E+03 2.0956E+05
  9.450000E+03 2.0451E+05
  9.470000E+03 2.0780E+05
  9.490000E+03 2.0691E+05
  9.500000E+03 2.0596E+05
  9.510000E+03 2.0347E+05
  9.530000E+03 1.9980E+05
  9.550000E+03 1.8632E+05
  9.570000E+03 1.9794E+05
  9.590000E+03 2.0303E+05
  9.600000E+03 2.0282E+05
  9.610000E+03 2.0152E+05
  9.630000E+03 2.0117E+05
  9.650000E+03 1.9902E+05
  9.670000E+03 1.9847E+05
  9.690000E+03 1.9987E+05
  9.700000E+03 1.9888E+05
  9.710000E+03 1.9859E+05
  9.730000E+03 1.9717E+05
  9.750000E+03 1.9488E+05
  9.770000E+03 1.9589E+05
  9.790000E+03 1.9307E+05
  9.800000E+03 1.9451E+05
  9.810000E+03 1.9652E+05
  9.830000E+03 1.9526E+05
  9.850000E+03 1.9474E+05
  9.870000E+03 1.9254E+05
  9.890000E+03 1.9165E+05
  9.900000E+03 1.9202E+05
  9.910000E+03 1.9116E+05
  9.930000E+03 1.9191E+05
  9.950000E+03 1.9133E+05
  9.970000E+03 1.9087E+05
  9.990000E+03 1.8983E+05
  1.000000E+04 1.8767E+05
  1.002500E+04 1.8383E+05
  1.007500E+04 1.7910E+05
  1.010000E+04 1.8140E+05
  1.012500E+04 1.8363E+05
  1.017500E+04 1.8078E+05
  1.020000E+04 1.8044E+05
  1.022500E+04 1.8043E+05
  1.027500E+04 1.7992E+05
  1.030000E+04 1.7899E+05
  1.032500E+04 1.7773E+05
  1.037500E+04 1.7535E+05
  1.040000E+04 1.7395E+05
  1.042500E+04 1.7380E+05
  1.047500E+04 1.7170E+05
  1.050000E+04 1.7147E+05
  1.052500E+04 1.7020E+05
  1.057500E+04 1.6859E+05
  1.060000E+04 1.6889E+05
  1.062500E+04 1.6714E+05
  1.067500E+04 1.6362E+05
  1.070000E+04 1.6452E+05
  1.072500E+04 1.6332E+05
  1.077500E+04 1.6219E+05
  1.080000E+04 1.5952E+05
  1.082500E+04 1.5847E+05
  1.087500E+04 1.5521E+05
  1.090000E+04 1.5249E+05
  1.092500E+04 1.4887E+05
  1.097500E+04 1.4871E+05
  1.100000E+04 1.4791E+05
  1.102500E+04 1.4934E+05
  1.107500E+04 1.4705E+05
  1.110000E+04 1.4758E+05
  1.112500E+04 1.4729E+05
  1.117500E+04 1.4655E+05
  1.120000E+04 1.4597E+05
  1.122500E+04 1.4601E+05
  1.127500E+04 1.4354E+05
  1.130000E+04 1.4273E+05
  1.132500E+04 1.4213E+05
  1.137500E+04 1.4038E+05
  1.140000E+04 1.4070E+05
  1.142500E+04 1.3853E+05
  1.147500E+04 1.3951E+05
  1.150000E+04 1.4042E+05
  1.152500E+04 1.3992E+05
  1.157500E+04 1.3823E+05
  1.160000E+04 1.3798E+05
  1.162500E+04 1.3646E+05
  1.167500E+04 1.3501E+05
  1.170000E+04 1.3451E+05
  1.172500E+04 1.3435E+05
  1.177500E+04 1.3299E+05
  1.180000E+04 1.3203E+05
  1.182500E+04 1.3145E+05
  1.187500E+04 1.2962E+05
  1.190000E+04 1.3052E+05
  1.192500E+04 1.2950E+05
  1.197500E+04 1.2564E+05
  1.200000E+04 1.2742E+05
  1.202500E+04 1.2809E+05
  1.207500E+04 1.2498E+05
  1.210000E+04 1.2386E+05
  1.212500E+04 1.2547E+05
  1.217500E+04 1.2511E+05
  1.220000E+04 1.2544E+05
  1.222500E+04 1.2453E+05
  1.227500E+04 1.2318E+05
  1.230000E+04 1.2304E+05
  1.232500E+04 1.2126E+05
  1.237500E+04 1.2130E+05
  1.240000E+04 1.2088E+05
  1.242500E+04 1.1950E+05
  1.247500E+04 1.1806E+05
  1.250000E+04 1.1811E+05
  1.252500E+04 1.1727E+05
  1.257500E+04 1.1626E+05
  1.260000E+04 1.1763E+05
  1.262500E+04 1.1697E+05
  1.267500E+04 1.1403E+05
  1.270000E+04 1.1502E+05
  1.272500E+04 1.1488E+05
  1.277500E+04 1.1325E+05
  1.280000E+04 1.1108E+05
  1.282500E+04 1.0784E+05
  1.287500E+04 1.1052E+05
  1.290000E+04 1.1149E+05
  1.292500E+04 1.1137E+05
  1.297500E+04 1.1066E+05
  1.300000E+04 1.1061E+05
  1.302500E+04 1.1045E+05
  1.307500E+04 1.0979E+05
  1.310000E+04 1.0852E+05
  1.312500E+04 1.0835E+05
  1.317500E+04 1.0730E+05
  1.320000E+04 1.0781E+05
  1.322500E+04 1.0700E+05
  1.327500E+04 1.0508E+05
  1.330000E+04 1.0509E+05
  1.332500E+04 1.0519E+05
  1.337500E+04 1.0351E+05
  1.340000E+04 1.0481E+05
  1.342500E+04 1.0495E+05
  1.347500E+04 1.0432E+05
  1.350000E+04 1.0413E+05
  1.352500E+04 1.0396E+05
  1.357500E+04 1.0127E+05
  1.360000E+04 1.0185E+05
  1.362500E+04 1.0030E+05
  1.367500E+04 1.0113E+05
  1.370000E+04 1.0071E+05
  1.372500E+04 9.9744E+04
  1.377500E+04 1.0009E+05
  1.380000E+04 1.0016E+05
  1.382500E+04 9.9773E+04
  1.387500E+04 9.8634E+04
  1.390000E+04 9.8098E+04
  1.392500E+04 9.7505E+04
  1.397500E+04 9.5727E+04
  1.400000E+04 9.5808E+04
  1.402500E+04 9.5433E+04
  1.407500E+04 9.3828E+04
  1.410000E+04 9.2442E+04
  1.412500E+04 9.1388E+04
  1.417500E+04 9.1645E+04
  1.420000E+04 9.0806E+04
  1.422500E+04 9.1337E+04
  1.427500E+04 9.1106E+04
  1.430000E+04 9.0080E+04
  1.432500E+04 9.0844E+04
  1.437500E+04 9.1428E+04
  1.440000E+04 9.0941E+04
  1.442500E+04 8.8621E+04
  1.447500E+04 8.9014E+04
  1.450000E+04 8.8307E+04
  1.452500E+04 8.7169E+04
  1.457000E+04 8.8521E+04
  1.460000E+04 8.8486E+04
  1.462000E+04 8.7519E+04
  1.467500E+04 8.6400E+04
  1.470000E+04 8.4675E+04
  1.472500E+04 8.5232E+04
  1.477500E+04 8.5233E+04
  1.480000E+04 8.4989E+04
  1.482500E+04 8.6072E+04
  1.487500E+04 8.5820E+04
  1.490000E+04 8.5474E+04
  1.492500E+04 8.7084E+04
  1.497500E+04 8.5606E+04
  1.500000E+04 8.5273E+04
  1.502500E+04 8.3913E+04
  1.507500E+04 8.4205E+04
  1.510000E+04 8.4136E+04
  1.512500E+04 8.3154E+04
  1.517500E+04 8.4684E+04
  1.520000E+04 8.5513E+04
  1.522500E+04 8.3549E+04
  1.527500E+04 8.4838E+04
  1.530000E+04 8.3730E+04
  1.532500E+04 8.3311E+04
  1.537500E+04 8.2424E+04
  1.540000E+04 8.3407E+04
  1.542500E+04 8.3251E+04
  1.547500E+04 8.2784E+04
  1.550000E+04 8.2304E+04
  1.552500E+04 8.1327E+04
  1.557500E+04 7.8675E+04
  1.560000E+04 8.0079E+04
  1.562500E+04 8.0484E+04
  1.567500E+04 8.0131E+04
  1.570000E+04 8.0533E+04
  1.572500E+04 8.0928E+04
  1.577500E+04 7.5587E+04
  1.580000E+04 7.5044E+04
  1.582500E+04 7.6352E+04
  1.587500E+04 7.5842E+04
  1.590000E+04 7.7521E+04
  1.592500E+04 7.7498E+04
  1.597500E+04 7.7108E+04
  1.600000E+04 7.6905E+04
  1.605000E+04 7.7166E+04
  1.610000E+04 7.6482E+04
  1.615000E+04 7.6938E+04
  1.620000E+04 7.6071E+04
  1.625000E+04 7.4427E+04
  1.630000E+04 7.6442E+04
  1.635000E+04 7.6617E+04
  1.640000E+04 7.5789E+04
  1.645000E+04 7.4720E+04
  1.650000E+04 7.4322E+04
  1.655000E+04 7.3878E+04
  1.660000E+04 7.4431E+04
  1.665000E+04 7.2165E+04
  1.670000E+04 7.4271E+04
  1.675000E+04 7.4700E+04
  1.680000E+04 7.1152E+04
  1.685000E+04 7.0653E+04
  1.690000E+04 7.1821E+04
  1.695000E+04 7.1772E+04
  1.700000E+04 7.1624E+04
  1.705000E+04 7.0278E+04
  1.710000E+04 7.0912E+04
  1.715000E+04 7.0460E+04
  1.720000E+04 6.9008E+04
  1.725000E+04 6.7995E+04
  1.730000E+04 6.7282E+04
  1.735000E+04 6.6713E+04
  1.740000E+04 6.6672E+04
  1.745000E+04 6.6484E+04
  1.750000E+04 6.5155E+04
  1.755000E+04 6.6649E+04
  1.760000E+04 6.6128E+04
  1.765000E+04 6.4444E+04
  1.770000E+04 6.2263E+04
  1.775000E+04 6.2546E+04
  1.780000E+04 6.2827E+04
  1.785000E+04 6.3826E+04
  1.790000E+04 5.9467E+04
  1.795000E+04 5.8658E+04
  1.800000E+04 6.1326E+04
  1.805000E+04 5.8986E+04
  1.810000E+04 5.9668E+04
  1.815000E+04 5.8457E+04
  1.820000E+04 5.8327E+04
  1.825000E+04 5.5685E+04
  1.830000E+04 5.5310E+04
  1.835000E+04 5.4387E+04
  1.840000E+04 5.3469E+04
  1.845000E+04 5.5892E+04
  1.850000E+04 5.7523E+04
  1.855000E+04 5.5490E+04
  1.860000E+04 5.4495E+04
  1.865000E+04 5.3065E+04
  1.870000E+04 5.4671E+04
  1.875000E+04 5.1078E+04
  1.880000E+04 5.1458E+04
  1.885000E+04 5.1524E+04
  1.890000E+04 4.9445E+04
  1.895000E+04 4.9822E+04
  1.900000E+04 5.1463E+04
  1.905000E+04 5.2539E+04
  1.910000E+04 5.0908E+04
  1.915000E+04 4.9773E+04
  1.920000E+04 4.9570E+04
  1.925000E+04 5.0103E+04
  1.930000E+04 5.0485E+04
  1.935000E+04 4.9773E+04
  1.940000E+04 4.6969E+04
  1.945000E+04 4.5996E+04
  1.950000E+04 4.6608E+04
  1.955000E+04 4.7027E+04
  1.960000E+04 4.7609E+04
  1.965000E+04 4.6520E+04
  1.970000E+04 4.7002E+04
  1.975000E+04 4.5478E+04
  1.980000E+04 4.3756E+04
  1.985000E+04 4.3448E+04
  1.990000E+04 4.4691E+04
  1.995000E+04 4.4714E+04
  2.000000E+04 4.3204E+04
  2.005000E+04 4.4002E+04
  2.010000E+04 4.4710E+04
  2.015000E+04 4.4826E+04
  2.020000E+04 4.3932E+04
  2.025000E+04 4.2664E+04
  2.030000E+04 4.1731E+04
  2.035000E+04 4.1577E+04
  2.040000E+04 4.0284E+04
  2.045000E+04 4.0458E+04
  2.050000E+04 4.0323E+04
  2.055000E+04 3.9759E+04
  2.060000E+04 3.8924E+04
  2.065000E+04 3.8740E+04
  2.070000E+04 3.8543E+04
  2.075000E+04 3.7990E+04
  2.080000E+04 3.8393E+04
  2.085000E+04 3.9940E+04
  2.090000E+04 3.9393E+04
  2.095000E+04 3.7582E+04
  2.100000E+04 3.7343E+04
  2.105000E+04 3.7812E+04
  2.110000E+04 3.7789E+04
  2.115000E+04 3.6662E+04
  2.120000E+04 3.5946E+04
  2.125000E+04 3.6833E+04
  2.130000E+04 3.6358E+04
  2.135000E+04 3.6229E+04
  2.140000E+04 3.6018E+04
  2.145000E+04 3.4921E+04
  2.150000E+04 3.5137E+04
  2.155000E+04 3.4969E+04
  2.160000E+04 3.4311E+04
  2.165000E+04 3.3938E+04
  2.170000E+04 3.3280E+04
  2.175000E+04 3.2890E+04
  2.180000E+04 3.3120E+04
  2.185000E+04 3.2573E+04
  2.190000E+04 3.1932E+04
  2.195000E+04 3.1557E+04
  2.200000E+04 3.0811E+04
  2.205000E+04 3.0305E+04
  2.210000E+04 3.0168E+04
  2.215000E+04 3.0325E+04
  2.220000E+04 3.0529E+04
  2.225000E+04 3.0672E+04
  2.230000E+04 3.0880E+04
  2.235000E+04 3.0216E+04
  2.240000E+04 3.0102E+04
  2.245000E+04 3.0565E+04
  2.250000E+04 2.9897E+04
  2.255000E+04 2.9038E+04
  2.260000E+04 2.8355E+04
  2.265000E+04 2.8551E+04
  2.270000E+04 2.8966E+04
  2.275000E+04 2.8616E+04
  2.280000E+04 2.8027E+04
  2.285000E+04 2.7897E+04
  2.290000E+04 2.6272E+04
  2.295000E+04 2.4861E+04
  2.300000E+04 2.6114E+04
  2.305000E+04 2.7153E+04
  2.310000E+04 2.8068E+04
  2.315000E+04 2.7670E+04
  2.320000E+04 2.4535E+04
  2.325000E+04 2.3718E+04
  2.330000E+04 2.6191E+04
  2.335000E+04 2.6639E+04
  2.340000E+04 2.5177E+04
  2.345000E+04 2.4624E+04
  2.350000E+04 2.3194E+04
  2.355000E+04 2.2476E+04
  2.360000E+04 2.2793E+04
  2.365000E+04 2.3821E+04
  2.370000E+04 2.4188E+04
  2.375000E+04 2.3799E+04
  2.380000E+04 2.2288E+04
  2.385000E+04 2.0851E+04
  2.390000E+04 2.2464E+04
  2.395000E+04 2.3250E+04
  2.400000E+04 2.2684E+04
  2.405000E+04 2.2163E+04
  2.410000E+04 2.0742E+04
  2.415000E+04 1.9490E+04
  2.420000E+04 1.9442E+04
  2.425000E+04 1.9856E+04
  2.430000E+04 1.9713E+04
  2.435000E+04 1.9457E+04
  2.440000E+04 1.9418E+04
  2.445000E+04 1.8711E+04
  2.450000E+04 1.8476E+04
  2.455000E+04 1.8373E+04
  2.460000E+04 1.8398E+04
  2.465000E+04 1.8338E+04
  2.470000E+04 1.8058E+04
  2.475000E+04 1.7637E+04
  2.480000E+04 1.6652E+04
  2.485000E+04 1.6052E+04
  2.490000E+04 1.6012E+04
  2.495000E+04 1.5945E+04
  2.500000E+04 1.6004E+04
  2.505000E+04 1.6255E+04
  2.510000E+04 1.5769E+04
  2.515000E+04 1.5422E+04
  2.520000E+04 1.5567E+04
  2.525000E+04 1.5866E+04
  2.530000E+04 1.5920E+04
  2.535000E+04 1.5857E+04
  2.540000E+04 1.5686E+04
  2.545000E+04 1.5762E+04
  2.550000E+04 1.5900E+04
  2.555000E+04 1.5874E+04
  2.560000E+04 1.5859E+04
  2.565000E+04 1.5846E+04
  2.570000E+04 1.5936E+04
  2.575000E+04 1.6146E+04
  2.580000E+04 1.6031E+04
  2.585000E+04 1.5838E+04
  2.590000E+04 1.5683E+04
  2.595000E+04 1.5823E+04
  2.600000E+04 1.6085E+04
  2.605000E+04 1.6227E+04
  2.610000E+04 1.6209E+04
  2.615000E+04 1.5779E+04
  2.620000E+04 1.5815E+04
  2.625000E+04 1.5953E+04
  2.630000E+04 1.6361E+04
  2.635000E+04 1.6343E+04
  2.640000E+04 1.6101E+04
  2.645000E+04 1.5726E+04
  2.650000E+04 1.5816E+04
  2.655000E+04 1.6025E+04
  2.660000E+04 1.6438E+04
  2.665000E+04 1.6270E+04
  2.670000E+04 1.6093E+04
  2.675000E+04 1.5729E+04
  2.680000E+04 1.5401E+04
  2.685000E+04 1.5062E+04
  2.690000E+04 1.5054E+04
  2.695000E+04 1.5337E+04
  2.700000E+04 1.5628E+04
  2.705000E+04 1.5382E+04
  2.710000E+04 1.5010E+04
  2.715000E+04 1.5091E+04
  2.720000E+04 1.5709E+04
  2.725000E+04 1.5876E+04
  2.730000E+04 1.5771E+04
  2.735000E+04 1.5466E+04
  2.740000E+04 1.5830E+04
  2.745000E+04 1.5981E+04
  2.750000E+04 1.5691E+04
  2.755000E+04 1.5265E+04
  2.760000E+04 1.4941E+04
  2.765000E+04 1.4854E+04
  2.770000E+04 1.4891E+04
  2.775000E+04 1.4956E+04
  2.780000E+04 1.5096E+04
  2.785000E+04 1.5216E+04
  2.790000E+04 1.5037E+04
  2.795000E+04 1.5252E+04
  2.800000E+04 1.4804E+04
  2.805000E+04 1.4752E+04
  2.810000E+04 1.4300E+04
  2.815000E+04 1.4443E+04
  2.820000E+04 1.4450E+04
  2.825000E+04 1.4508E+04
  2.830000E+04 1.4410E+04
  2.835000E+04 1.3794E+04
  2.840000E+04 1.3152E+04
  2.845000E+04 1.2619E+04
  2.850000E+04 1.2919E+04
  2.855000E+04 1.3449E+04
  2.860000E+04 1.3682E+04
  2.865000E+04 1.3624E+04
  2.870000E+04 1.3125E+04
  2.875000E+04 1.3094E+04
  2.880000E+04 1.3136E+04
  2.885000E+04 1.2807E+04
  2.890000E+04 1.2571E+04
  2.895000E+04 1.2283E+04
  2.900000E+04 1.2680E+04
  2.905000E+04 1.2707E+04
  2.910000E+04 1.2450E+04
  2.915000E+04 1.2105E+04
  2.920000E+04 1.1738E+04
  2.925000E+04 1.1460E+04
  2.930000E+04 1.1626E+04
  2.935000E+04 1.1354E+04
  2.940000E+04 1.1235E+04
  2.945000E+04 1.0997E+04
  2.950000E+04 1.0784E+04
  2.955000E+04 1.0687E+04
  2.960000E+04 1.0593E+04
  2.965000E+04 1.0495E+04
  2.970000E+04 1.0422E+04
  2.975000E+04 1.0319E+04
  2.980000E+04 1.0231E+04
  2.985000E+04 1.0069E+04
  2.990000E+04 9.9855E+03
  2.995000E+04 9.9705E+03
  3.000000E+04 9.9306E+03
  3.005000E+04 9.8780E+03
  3.010000E+04 9.8303E+03
  3.015000E+04 9.7426E+03
  3.020000E+04 9.6720E+03
  3.025000E+04 9.6032E+03
  3.030000E+04 9.5114E+03
  3.035000E+04 9.4252E+03
  3.040000E+04 9.4063E+03
  3.045000E+04 9.3915E+03
  3.050000E+04 9.3511E+03
  3.055000E+04 9.3207E+03
  3.060000E+04 9.2970E+03
  3.065000E+04 9.2465E+03
  3.070000E+04 9.2107E+03
  3.075000E+04 9.1820E+03
  3.080000E+04 9.1088E+03
  3.085000E+04 9.0457E+03
  3.090000E+04 8.9955E+03
  3.095000E+04 8.9370E+03
  3.100000E+04 8.9235E+03
  3.105000E+04 8.9042E+03
  3.110000E+04 8.8568E+03
  3.115000E+04 8.7825E+03
  3.120000E+04 8.7315E+03
  3.125000E+04 8.6875E+03
  3.130000E+04 8.6262E+03
  3.135000E+04 8.5805E+03
  3.140000E+04 8.5375E+03
  3.145000E+04 8.4988E+03
  3.150000E+04 8.4530E+03
  3.155000E+04 8.4009E+03
  3.160000E+04 8.3503E+03
  3.165000E+04 8.2880E+03
  3.170000E+04 8.2553E+03
  3.175000E+04 8.2242E+03
  3.180000E+04 8.1917E+03
  3.185000E+04 8.1669E+03
  3.190000E+04 8.1511E+03
  3.195000E+04 8.1262E+03
  3.200000E+04 8.0868E+03
  3.210000E+04 7.9848E+03
  3.220000E+04 7.8941E+03
  3.230000E+04 7.8237E+03
  3.240000E+04 7.7724E+03
  3.250000E+04 7.7367E+03
  3.260000E+04 7.6730E+03
  3.270000E+04 7.6009E+03
  3.280000E+04 7.5213E+03
  3.290000E+04 7.4573E+03
  3.300000E+04 7.4035E+03
  3.310000E+04 7.3400E+03
  3.320000E+04 7.3366E+03
  3.330000E+04 7.3390E+03
  3.340000E+04 7.3725E+03
  3.350000E+04 7.4536E+03
  3.360000E+04 7.3737E+03
  3.370000E+04 7.1936E+03
  3.380000E+04 7.2422E+03
  3.390000E+04 7.2229E+03
  3.400000E+04 7.1881E+03
  3.410000E+04 7.2791E+03
  3.420000E+04 7.2498E+03
  3.430000E+04 7.3948E+03
  3.440000E+04 7.4362E+03
  3.450000E+04 7.2341E+03
  3.460000E+04 7.0426E+03
  3.470000E+04 7.0986E+03
  3.480000E+04 6.9864E+03
  3.490000E+04 6.7832E+03
  3.500000E+04 6.7210E+03
  3.510000E+04 6.8289E+03
  3.520000E+04 6.6396E+03
  3.530000E+04 6.6411E+03
  3.540000E+04 6.4121E+03
  3.550000E+04 6.2930E+03
  3.560000E+04 6.3277E+03
  3.570000E+04 6.3620E+03
  3.580000E+04 6.2546E+03
  3.590000E+04 6.1358E+03
  3.600000E+04 6.1798E+03
  3.610000E+04 6.1025E+03
  3.620000E+04 5.9910E+03
  3.630000E+04 5.7858E+03
  3.640000E+04 5.7396E+03
  3.650000E+04 5.6275E+03
  3.660000E+04 5.5395E+03
  3.670000E+04 5.5120E+03
  3.680000E+04 5.3904E+03
  3.690000E+04 5.2853E+03
  3.700000E+04 5.1555E+03
  3.710000E+04 5.0866E+03
  3.720000E+04 5.0297E+03
  3.730000E+04 4.9514E+03
  3.740000E+04 4.8272E+03
  3.750000E+04 4.7335E+03
  3.760000E+04 4.6804E+03
  3.770000E+04 4.6396E+03
  3.780000E+04 4.5819E+03
  3.790000E+04 4.5458E+03
  3.800000E+04 4.5030E+03
  3.810000E+04 4.4469E+03
  3.820000E+04 4.3946E+03
  3.830000E+04 4.3544E+03
  3.840000E+04 4.3271E+03
  3.850000E+04 4.2904E+03
  3.860000E+04 4.2467E+03
  3.870000E+04 4.2056E+03
  3.880000E+04 4.1727E+03
  3.890000E+04 4.1350E+03
  3.900000E+04 4.0978E+03
  3.910000E+04 4.0650E+03
  3.920000E+04 4.0475E+03
  3.930000E+04 4.0296E+03
  3.940000E+04 3.9995E+03
  3.950000E+04 3.9741E+03
  3.960000E+04 3.9468E+03
  3.970000E+04 3.9332E+03
  3.980000E+04 3.8960E+03
  3.990000E+04 3.8705E+03
  4.000000E+04 3.8363E+03
  4.010000E+04 3.8157E+03
  4.020000E+04 3.7809E+03
  4.030000E+04 3.7799E+03
  4.040000E+04 3.7732E+03
  4.050000E+04 3.7503E+03
  4.060000E+04 3.7464E+03
  4.070000E+04 3.7309E+03
  4.080000E+04 3.7324E+03
  4.090000E+04 3.7218E+03
  4.100000E+04 3.7404E+03
  4.110000E+04 3.7263E+03
  4.120000E+04 3.7047E+03
  4.130000E+04 3.6598E+03
  4.140000E+04 3.5711E+03
  4.150000E+04 3.5275E+03
  4.160000E+04 3.4883E+03
  4.170000E+04 3.5377E+03
  4.180000E+04 3.5371E+03
  4.190000E+04 3.5558E+03
  4.200000E+04 3.4862E+03
  4.210000E+04 3.4648E+03
  4.220000E+04 3.4735E+03
  4.230000E+04 3.4816E+03
  4.240000E+04 3.4888E+03
  4.250000E+04 3.4423E+03
  4.260000E+04 3.4200E+03
  4.270000E+04 3.4163E+03
  4.280000E+04 3.3237E+03
  4.290000E+04 3.2497E+03
  4.300000E+04 3.1539E+03
  4.310000E+04 3.0861E+03
  4.320000E+04 3.1179E+03
  4.330000E+04 3.0683E+03
  4.340000E+04 2.9555E+03
  4.350000E+04 2.8747E+03
  4.360000E+04 2.7929E+03
  4.370000E+04 2.7853E+03
  4.380000E+04 2.7285E+03
  4.390000E+04 2.7185E+03
  4.400000E+04 2.6505E+03
  4.410000E+04 2.6492E+03
  4.420000E+04 2.6672E+03
  4.430000E+04 2.6391E+03
  4.440000E+04 2.6528E+03
  4.450000E+04 2.5648E+03
  4.460000E+04 2.5348E+03
  4.470000E+04 2.4944E+03
  4.480000E+04 2.4876E+03
  4.490000E+04 2.5257E+03
  4.500000E+04 2.4958E+03
  4.510000E+04 2.4628E+03
  4.520000E+04 2.3906E+03
  4.530000E+04 2.3387E+03
  4.540000E+04 2.2926E+03
  4.550000E+04 2.2509E+03
  4.560000E+04 2.1993E+03
  4.570000E+04 2.1755E+03
  4.580000E+04 2.1537E+03
  4.590000E+04 2.1171E+03
  4.600000E+04 2.1240E+03
  4.610000E+04 2.1352E+03
  4.620000E+04 2.1070E+03
  4.630000E+04 2.0999E+03
  4.640000E+04 2.0909E+03
  4.650000E+04 2.0766E+03
  4.660000E+04 2.0657E+03
  4.670000E+04 2.0410E+03
  4.680000E+04 1.9979E+03
  4.690000E+04 1.9765E+03
  4.700000E+04 1.9659E+03
  4.710000E+04 1.9472E+03
  4.720000E+04 1.9687E+03
  4.730000E+04 1.9972E+03
  4.740000E+04 1.9726E+03
  4.750000E+04 1.9505E+03
  4.760000E+04 1.9395E+03
  4.770000E+04 1.9127E+03
  4.780000E+04 1.8953E+03
  4.790000E+04 1.8785E+03
  4.800000E+04 1.8495E+03
  4.810000E+04 1.8336E+03
  4.820000E+04 1.8330E+03
  4.830000E+04 1.8325E+03
  4.840000E+04 1.8202E+03
  4.850000E+04 1.7963E+03
  4.860000E+04 1.7816E+03
  4.870000E+04 1.7668E+03
  4.880000E+04 1.7543E+03
  4.890000E+04 1.7529E+03
  4.900000E+04 1.7393E+03
  4.910000E+04 1.7153E+03
  4.920000E+04 1.7092E+03
  4.930000E+04 1.6977E+03
  4.940000E+04 1.6646E+03
  4.950000E+04 1.6409E+03
  4.960000E+04 1.6321E+03
  4.970000E+04 1.6151E+03
  4.980000E+04 1.5950E+03
  4.990000E+04 1.6071E+03
  5.000000E+04 1.6021E+03
  5.010000E+04 1.5961E+03
  5.020000E+04 1.5875E+03
  5.030000E+04 1.5678E+03
  5.040000E+04 1.5426E+03
  5.050000E+04 1.5228E+03
  5.060000E+04 1.5153E+03
  5.070000E+04 1.5073E+03
  5.080000E+04 1.5043E+03
  5.090000E+04 1.5017E+03
  5.100000E+04 1.4982E+03
  5.110000E+04 1.4865E+03
  5.120000E+04 1.4837E+03
  5.130000E+04 1.4709E+03
  5.140000E+04 1.4591E+03
  5.150000E+04 1.4520E+03
  5.160000E+04 1.4545E+03
  5.170000E+04 1.4518E+03
  5.180000E+04 1.4354E+03
  5.190000E+04 1.4268E+03
  5.200000E+04 1.4205E+03
  5.210000E+04 1.4023E+03
  5.220000E+04 1.3886E+03
  5.230000E+04 1.3800E+03
  5.240000E+04 1.3813E+03
  5.250000E+04 1.3695E+03
  5.260000E+04 1.3666E+03
  5.270000E+04 1.3680E+03
  5.280000E+04 1.3569E+03
  5.290000E+04 1.3421E+03
  5.300000E+04 1.3303E+03
  5.310000E+04 1.3190E+03
  5.320000E+04 1.3132E+03
  5.330000E+04 1.3029E+03
  5.340000E+04 1.2920E+03
  5.350000E+04 1.2801E+03
  5.360000E+04 1.2728E+03
  5.370000E+04 1.2667E+03
  5.380000E+04 1.2592E+03
  5.390000E+04 1.2508E+03
  5.400000E+04 1.2460E+03
  5.410000E+04 1.2411E+03
  5.420000E+04 1.2373E+03
  5.430000E+04 1.2298E+03
  5.440000E+04 1.2267E+03
  5.450000E+04 1.2233E+03
  5.460000E+04 1.2133E+03
  5.470000E+04 1.2044E+03
  5.480000E+04 1.2014E+03
  5.490000E+04 1.1963E+03
  5.500000E+04 1.1873E+03
  5.510000E+04 1.1786E+03
  5.520000E+04 1.1799E+03
  5.530000E+04 1.1856E+03
  5.540000E+04 1.1606E+03
  5.550000E+04 1.1503E+03
  5.560000E+04 1.1567E+03
  5.570000E+04 1.1593E+03
  5.580000E+04 1.1465E+03
  5.590000E+04 1.1306E+03
  5.600000E+04 1.1302E+03
  5.610000E+04 1.1266E+03
  5.620000E+04 1.1105E+03
  5.630000E+04 1.1009E+03
  5.640000E+04 1.1003E+03
  5.650000E+04 1.0986E+03
  5.660000E+04 1.0907E+03
  5.670000E+04 1.0800E+03
  5.680000E+04 1.0710E+03
  5.690000E+04 1.0610E+03
  5.700000E+04 1.0559E+03
  5.710000E+04 1.0507E+03
  5.720000E+04 1.0439E+03
  5.730000E+04 1.0400E+03
  5.740000E+04 1.0326E+03
  5.750000E+04 1.0226E+03
  5.760000E+04 1.0112E+03
  5.770000E+04 1.0064E+03
  5.780000E+04 1.0084E+03
  5.790000E+04 1.0104E+03
  5.800000E+04 1.0033E+03
  5.810000E+04 9.9862E+02
  5.820000E+04 9.9576E+02
  5.830000E+04 9.9309E+02
  5.840000E+04 9.9043E+02
  5.850000E+04 9.8260E+02
  5.860000E+04 9.7645E+02
  5.870000E+04 9.7294E+02
  5.880000E+04 9.6465E+02
  5.890000E+04 9.5841E+02
  5.900000E+04 9.5099E+02
  5.910000E+04 9.4311E+02
  5.920000E+04 9.3534E+02
  5.930000E+04 9.2817E+02
  5.940000E+04 9.1935E+02
  5.950000E+04 9.1602E+02
  5.960000E+04 9.1421E+02
  5.970000E+04 9.1102E+02
  5.980000E+04 9.0428E+02
  5.990000E+04 8.9748E+02
  6.000000E+04 8.9042E+02
  6.010000E+04 8.8321E+02
  6.020000E+04 8.7933E+02
  6.030000E+04 8.7629E+02
  6.040000E+04 8.7312E+02
  6.050000E+04 8.7080E+02
  6.060000E+04 8.6893E+02
  6.070000E+04 8.6616E+02
  6.080000E+04 8.6062E+02
  6.090000E+04 8.5517E+02
  6.100000E+04 8.4909E+02
  6.110000E+04 8.4123E+02
  6.120000E+04 8.3566E+02
  6.130000E+04 8.3066E+02
  6.140000E+04 8.2576E+02
  6.150000E+04 8.2105E+02
  6.160000E+04 8.1611E+02
  6.170000E+04 8.0898E+02
  6.180000E+04 8.0098E+02
  6.190000E+04 7.9332E+02
  6.200000E+04 7.8741E+02
  6.210000E+04 7.8356E+02
  6.220000E+04 7.7939E+02
  6.230000E+04 7.7506E+02
  6.240000E+04 7.7160E+02
  6.250000E+04 7.6861E+02
  6.260000E+04 7.6235E+02
  6.270000E+04 7.5577E+02
  6.280000E+04 7.4883E+02
  6.290000E+04 7.4214E+02
  6.300000E+04 7.3593E+02
  6.310000E+04 7.3186E+02
  6.320000E+04 7.2897E+02
  6.330000E+04 7.2630E+02
  6.340000E+04 7.2441E+02
  6.350000E+04 7.2219E+02
  6.360000E+04 7.2088E+02
  6.370000E+04 7.1869E+02
  6.380000E+04 7.1404E+02
  6.390000E+04 7.0726E+02
  6.400000E+04 7.0039E+02
  6.410000E+04 6.9296E+02
  6.420000E+04 6.8707E+02
  6.430000E+04 6.8166E+02
  6.440000E+04 6.7770E+02
  6.450000E+04 6.7324E+02
  6.460000E+04 6.6854E+02
  6.470000E+04 6.6319E+02
  6.480000E+04 6.5932E+02
  6.490000E+04 6.5831E+02
  6.500000E+04 6.5629E+02
  6.510000E+04 6.5368E+02
  6.520000E+04 6.4996E+02
  6.530000E+04 6.4608E+02
  6.540000E+04 6.4186E+02
  6.550000E+04 6.3779E+02
  6.560000E+04 6.3369E+02
  6.570000E+04 6.2734E+02
  6.580000E+04 6.2086E+02
  6.590000E+04 6.1590E+02
  6.600000E+04 6.1123E+02
  6.610000E+04 6.0703E+02
  6.620000E+04 6.0381E+02
  6.630000E+04 6.0136E+02
  6.640000E+04 5.9937E+02
  6.650000E+04 5.9749E+02
  6.660000E+04 5.9593E+02
  6.670000E+04 5.9441E+02
  6.680000E+04 5.9300E+02
  6.690000E+04 5.8989E+02
  6.700000E+04 5.8544E+02
  6.710000E+04 5.8124E+02
  6.720000E+04 5.7720E+02
  6.730000E+04 5.7475E+02
  6.740000E+04 5.7220E+02
  6.750000E+04 5.6875E+02
  6.760000E+04 5.6471E+02
  6.770000E+04 5.5945E+02
  6.780000E+04 5.5611E+02
  6.790000E+04 5.5459E+02
  6.800000E+04 5.5272E+02
  6.810000E+04 5.5066E+02
  6.820000E+04 5.4701E+02
  6.830000E+04 5.4311E+02
  6.840000E+04 5.4053E+02
  6.850000E+04 5.3808E+02
  6.860000E+04 5.3609E+02
  6.870000E+04 5.3338E+02
  6.880000E+04 5.2828E+02
  6.890000E+04 5.2305E+02
  6.900000E+04 5.1740E+02
  6.910000E+04 5.1311E+02
  6.920000E+04 5.1062E+02
  6.930000E+04 5.0809E+02
  6.940000E+04 5.0551E+02
  6.950000E+04 5.0239E+02
  6.960000E+04 4.9887E+02
  6.970000E+04 4.9642E+02
  6.980000E+04 4.9462E+02
  6.990000E+04 4.9275E+02
  7.000000E+04 4.9088E+02
  7.010000E+04 4.8838E+02
  7.020000E+04 4.8565E+02
  7.030000E+04 4.8257E+02
  7.040000E+04 4.7937E+02
  7.050000E+04 4.7686E+02
  7.060000E+04 4.7457E+02
  7.070000E+04 4.7252E+02
  7.080000E+04 4.7056E+02
  7.090000E+04 4.6828E+02
  7.100000E+04 4.6591E+02
  7.110000E+04 4.6340E+02
  7.120000E+04 4.6085E+02
  7.130000E+04 4.5853E+02
  7.140000E+04 4.5629E+02
  7.150000E+04 4.5445E+02
  7.160000E+04 4.5282E+02
  7.170000E+04 4.5102E+02
  7.180000E+04 4.4915E+02
  7.190000E+04 4.4735E+02
  7.200000E+04 4.4557E+02
  7.210000E+04 4.4409E+02
  7.220000E+04 4.4286E+02
  7.230000E+04 4.4151E+02
  7.240000E+04 4.4006E+02
  7.250000E+04 4.3832E+02
  7.260000E+04 4.3609E+02
  7.270000E+04 4.3369E+02
  7.280000E+04 4.3064E+02
  7.290000E+04 4.2787E+02
  7.300000E+04 4.2669E+02
  7.310000E+04 4.2546E+02
  7.320000E+04 4.2301E+02
  7.330000E+04 4.2057E+02
  7.340000E+04 4.1717E+02
  7.350000E+04 4.1373E+02
  7.360000E+04 4.1132E+02
  7.370000E+04 4.0934E+02
  7.380000E+04 4.0759E+02
  7.390000E+04 4.0590E+02
  7.400000E+04 4.0402E+02
  7.410000E+04 4.0177E+02
  7.420000E+04 3.9956E+02
  7.430000E+04 3.9738E+02
  7.440000E+04 3.9521E+02
  7.450000E+04 3.9499E+02
  7.460000E+04 3.9490E+02
  7.470000E+04 3.9308E+02
  7.480000E+04 3.9053E+02
  7.490000E+04 3.8860E+02
  7.500000E+04 3.8728E+02
  7.510000E+04 3.8604E+02
  7.520000E+04 3.8444E+02
  7.530000E+04 3.8284E+02
  7.540000E+04 3.8131E+02
  7.550000E+04 3.7968E+02
  7.560000E+04 3.7622E+02
  7.570000E+04 3.7212E+02
  7.580000E+04 3.6918E+02
  7.590000E+04 3.6763E+02
  7.600000E+04 3.6604E+02
  7.610000E+04 3.6421E+02
  7.620000E+04 3.6238E+02
  7.630000E+04 3.6020E+02
  7.640000E+04 3.5795E+02
  7.650000E+04 3.5529E+02
  7.660000E+04 3.5220E+02
  7.670000E+04 3.4951E+02
  7.680000E+04 3.4939E+02
  7.690000E+04 3.4931E+02
  7.700000E+04 3.4869E+02
  7.710000E+04 3.4795E+02
  7.720000E+04 3.4687E+02
  7.730000E+04 3.4526E+02
  7.740000E+04 3.4365E+02
  7.750000E+04 3.4154E+02
  7.760000E+04 3.3944E+02
  7.770000E+04 3.3837E+02
  7.780000E+04 3.3797E+02
  7.790000E+04 3.3722E+02
  7.800000E+04 3.3490E+02
  7.810000E+04 3.3260E+02
  7.820000E+04 3.3017E+02
  7.830000E+04 3.2773E+02
  7.840000E+04 3.2554E+02
  7.850000E+04 3.2389E+02
  7.860000E+04 3.2226E+02
  7.870000E+04 3.2078E+02
  7.880000E+04 3.1934E+02
  7.890000E+04 3.1806E+02
  7.900000E+04 3.1705E+02
  7.910000E+04 3.1605E+02
  7.920000E+04 3.1531E+02
  7.930000E+04 3.1461E+02
  7.940000E+04 3.1372E+02
  7.950000E+04 3.1247E+02
  7.960000E+04 3.1124E+02
  7.970000E+04 3.0965E+02
  7.980000E+04 3.0800E+02
  7.990000E+04 3.0656E+02
  8.000000E+04 3.0578E+02
  8.010000E+04 3.0500E+02
  8.020000E+04 3.0323E+02
  8.030000E+04 3.0113E+02
  8.040000E+04 2.9916E+02
  8.050000E+04 2.9786E+02
  8.060000E+04 2.9657E+02
  8.070000E+04 2.9532E+02
  8.080000E+04 2.9409E+02
  8.090000E+04 2.9286E+02
  8.100000E+04 2.9142E+02
  8.110000E+04 2.8992E+02
  8.120000E+04 2.8843E+02
  8.130000E+04 2.8694E+02
  8.140000E+04 2.8545E+02
  8.150000E+04 2.8423E+02
  8.160000E+04 2.8311E+02
  8.170000E+04 2.8199E+02
  8.180000E+04 2.8041E+02
  8.190000E+04 2.7881E+02
  8.200000E+04 2.7709E+02
  8.210000E+04 2.7511E+02
  8.220000E+04 2.7315E+02
  8.230000E+04 2.7174E+02
  8.240000E+04 2.7067E+02
  8.250000E+04 2.6960E+02
  8.260000E+04 2.6848E+02
  8.270000E+04 2.6738E+02
  8.280000E+04 2.6628E+02
  8.290000E+04 2.6521E+02
  8.300000E+04 2.6414E+02
  8.310000E+04 2.6298E+02
  8.320000E+04 2.6173E+02
  8.330000E+04 2.6049E+02
  8.340000E+04 2.5982E+02
  8.350000E+04 2.5948E+02
  8.360000E+04 2.5915E+02
  8.370000E+04 2.5803E+02
  8.380000E+04 2.5680E+02
  8.390000E+04 2.5561E+02
  8.400000E+04 2.5448E+02
  8.410000E+04 2.5336E+02
  8.420000E+04 2.5222E+02
  8.430000E+04 2.5100E+02
  8.440000E+04 2.4979E+02
  8.450000E+04 2.4867E+02
  8.460000E+04 2.4767E+02
  8.470000E+04 2.4669E+02
  8.480000E+04 2.4561E+02
  8.490000E+04 2.4444E+02
  8.500000E+04 2.4328E+02
  8.510000E+04 2.4240E+02
  8.520000E+04 2.4168E+02
  8.530000E+04 2.4096E+02
  8.540000E+04 2.4019E+02
  8.550000E+04 2.3941E+02
  8.560000E+04 2.3864E+02
  8.570000E+04 2.3770E+02
  8.580000E+04 2.3673E+02
  8.590000E+04 2.3577E+02
  8.600000E+04 2.3481E+02
  8.610000E+04 2.3387E+02
  8.620000E+04 2.3292E+02
  8.630000E+04 2.3199E+02
  8.640000E+04 2.3106E+02
  8.650000E+04 2.3013E+02
  8.660000E+04 2.2907E+02
  8.670000E+04 2.2801E+02
  8.680000E+04 2.2695E+02
  8.690000E+04 2.2611E+02
  8.700000E+04 2.2528E+02
  8.710000E+04 2.2445E+02
  8.720000E+04 2.2383E+02
  8.730000E+04 2.2324E+02
  8.740000E+04 2.2266E+02
  8.750000E+04 2.2206E+02
  8.760000E+04 2.2147E+02
  8.770000E+04 2.2088E+02
  8.780000E+04 2.2047E+02
  8.790000E+04 2.2010E+02
  8.800000E+04 2.1974E+02
  8.810000E+04 2.1940E+02
  8.820000E+04 2.1906E+02
  8.830000E+04 2.1875E+02
  8.840000E+04 2.1801E+02
  8.850000E+04 2.1700E+02
  8.860000E+04 2.1599E+02
  8.870000E+04 2.1520E+02
  8.880000E+04 2.1466E+02
  8.890000E+04 2.1412E+02
  8.900000E+04 2.1342E+02
  8.910000E+04 2.1238E+02
  8.920000E+04 2.1135E+02
  8.930000E+04 2.1034E+02
  8.940000E+04 2.0941E+02
  8.950000E+04 2.0845E+02
  8.960000E+04 2.0749E+02
  8.970000E+04 2.0659E+02
  8.980000E+04 2.0569E+02
  8.990000E+04 2.0483E+02
  9.000000E+04 2.0420E+02
  9.010000E+04 2.0365E+02
  9.020000E+04 2.0310E+02
  9.030000E+04 2.0218E+02
  9.040000E+04 2.0086E+02
  9.050000E+04 1.9956E+02
  9.060000E+04 1.9835E+02
  9.070000E+04 1.9744E+02
  9.080000E+04 1.9654E+02
  9.090000E+04 1.9564E+02
  9.100000E+04 1.9453E+02
  9.110000E+04 1.9346E+02
  9.120000E+04 1.9240E+02
  9.130000E+04 1.9145E+02
  9.140000E+04 1.9059E+02
  9.150000E+04 1.8973E+02
  9.160000E+04 1.8892E+02
  9.170000E+04 1.8826E+02
  9.180000E+04 1.8759E+02
  9.190000E+04 1.8693E+02
  9.200000E+04 1.8657E+02
  9.210000E+04 1.8626E+02
  9.220000E+04 1.8595E+02
  9.230000E+04 1.8577E+02
  9.240000E+04 1.8574E+02
  9.250000E+04 1.8572E+02
  9.260000E+04 1.8568E+02
  9.270000E+04 1.8533E+02
  9.280000E+04 1.8498E+02
  9.290000E+04 1.8463E+02
  9.300000E+04 1.8378E+02
  9.310000E+04 1.8262E+02
  9.320000E+04 1.8147E+02
  9.330000E+04 1.8037E+02
  9.340000E+04 1.7944E+02
  9.350000E+04 1.7852E+02
  9.360000E+04 1.7762E+02
  9.370000E+04 1.7679E+02
  9.380000E+04 1.7601E+02
  9.390000E+04 1.7524E+02
  9.400000E+04 1.7444E+02
  9.410000E+04 1.7356E+02
  9.420000E+04 1.7268E+02
  9.430000E+04 1.7180E+02
  9.440000E+04 1.7118E+02
  9.450000E+04 1.7073E+02
  9.460000E+04 1.7029E+02
  9.470000E+04 1.6988E+02
  9.480000E+04 1.6984E+02
  9.490000E+04 1.6982E+02
  9.500000E+04 1.6980E+02
  9.510000E+04 1.6954E+02
  9.520000E+04 1.6895E+02
  9.530000E+04 1.6836E+02
  9.540000E+04 1.6777E+02
  9.550000E+04 1.6703E+02
  9.560000E+04 1.6626E+02
  9.570000E+04 1.6549E+02
  9.580000E+04 1.6478E+02
  9.590000E+04 1.6434E+02
  9.600000E+04 1.6390E+02
  9.610000E+04 1.6347E+02
  9.620000E+04 1.6286E+02
  9.630000E+04 1.6204E+02
  9.640000E+04 1.6123E+02
  9.650000E+04 1.6043E+02
  9.660000E+04 1.5941E+02
  9.670000E+04 1.5833E+02
  9.680000E+04 1.5726E+02
  9.690000E+04 1.5621E+02
  9.700000E+04 1.5609E+02
  9.710000E+04 1.5595E+02
  9.720000E+04 1.5582E+02
  9.730000E+04 1.5567E+02
  9.740000E+04 1.5547E+02
  9.750000E+04 1.5531E+02
  9.760000E+04 1.5516E+02
  9.770000E+04 1.5480E+02
  9.780000E+04 1.5419E+02
  9.790000E+04 1.5357E+02
  9.800000E+04 1.5296E+02
  9.810000E+04 1.5246E+02
  9.820000E+04 1.5203E+02
  9.830000E+04 1.5160E+02
  9.840000E+04 1.5117E+02
  9.850000E+04 1.5097E+02
  9.860000E+04 1.5083E+02
  9.870000E+04 1.5071E+02
  9.880000E+04 1.5058E+02
  9.890000E+04 1.4999E+02
  9.900000E+04 1.4932E+02
  9.910000E+04 1.4864E+02
  9.920000E+04 1.4797E+02
  9.930000E+04 1.4707E+02
  9.940000E+04 1.4617E+02
  9.950000E+04 1.4528E+02
  9.960000E+04 1.4440E+02
  9.970000E+04 1.4355E+02
  9.980000E+04 1.4271E+02
  9.990000E+04 1.4187E+02
  1.000000E+05 1.4105E+02
  1.002000E+05 1.3979E+02
  1.050000E+05 1.1814E+02
  1.100000E+05 9.6123E+01
  1.130000E+05 8.7174E+01
  1.160000E+05 7.5962E+01
  1.200000E+05 6.6078E+01
  1.250000E+05 6.1820E+01
  1.300000E+05 5.2500E+01
  1.350000E+05 4.4870E+01
  1.400000E+05 3.8575E+01
  1.450000E+05 3.3345E+01
  1.500000E+05 2.8971E+01
  1.600000E+05 2.2176E+01
  1.700000E+05 1.7260E+01
  1.800000E+05 1.3633E+01
  1.900000E+05 1.0910E+01
  2.000000E+05 8.8347E+00
  2.200000E+05 6.0479E+00
  2.300000E+05 5.0680E+00
  2.400000E+05 4.2790E+00
  2.500000E+05 3.6379E+00
  2.600000E+05 3.1127E+00
  2.700000E+05 2.6789E+00
  2.800000E+05 2.3183E+00
  3.000000E+05 1.7621E+00
  3.500000E+05 9.5470E-01
  4.000000E+05 5.6146E-01
  4.500000E+05 3.5076E-01
  5.000000E+05 2.3027E-01
  5.500000E+05 1.5737E-01
  6.000000E+05 1.1117E-01
  6.500000E+05 8.0702E-02
  7.000000E+05 5.9991E-02
  7.500000E+05 4.5518E-02
  8.000000E+05 3.5158E-02
  8.500000E+05 2.7577E-02
  9.000000E+05 2.1933E-02
  9.500000E+05 1.7661E-02
  1.000000E+06 1.4381E-02
  1.050000E+06 1.1826E-02
  1.100000E+06 9.8139E-03
  1.200000E+06 6.9240E-03
  1.300000E+06 5.0226E-03
  1.400000E+06 3.7312E-03
  1.500000E+06 2.8289E-03
  1.600000E+06 2.1835E-03
  2.000000E+06 8.9585E-04
  2.500000E+06 3.6694E-04
  3.000000E+06 1.7696E-04
  4.000000E+06 5.5991E-05
  5.000000E+06 2.2934E-05
  7.000000E+06 5.9699E-06
  1.000000E+07 1.4334E-06
  1.500000E+07 2.8313E-07
  2.250000E+07 5.5928E-08
  3.350000E+07 1.1381E-08
  5.000000E+07 2.2934E-09
  7.400000E+07 4.7800E-10
  1.100000E+08 9.7901E-11
  1.300000E+08 5.0186E-11
  1.600000E+08 2.1871E-11
  2.400000E+08 4.3203E-12
  3.600000E+08 8.5339E-13
