# File: out_constant_SFH.ised
# Column            2
# Age(yr)       5.000E+08
# Lambda(A)       Flux   
  9.100000E+01 6.1826E+03
  9.400000E+01 7.1536E+03
  9.600000E+01 7.6630E+03
  9.800000E+01 4.1320E+04
  1.000000E+02 1.2619E+05
  1.020000E+02 1.3555E+05
  1.040000E+02 1.2883E+05
  1.060000E+02 1.3064E+05
  1.080000E+02 1.3473E+05
  1.100000E+02 1.4984E+05
  1.140000E+02 1.5837E+05
  1.180000E+02 1.5062E+05
  1.210000E+02 1.9470E+05
  1.250000E+02 2.0188E+05
  1.270000E+02 2.0735E+05
  1.280000E+02 2.0913E+05
  1.310000E+02 2.0300E+05
  1.320000E+02 2.0859E+05
  1.340000E+02 1.9895E+05
  1.370000E+02 2.2215E+05
  1.400000E+02 2.2308E+05
  1.430000E+02 2.7936E+05
  1.470000E+02 3.4894E+05
  1.500000E+02 2.9743E+05
  1.510000E+02 3.2161E+05
  1.550000E+02 3.5267E+05
  1.590000E+02 3.5386E+05
  1.620000E+02 3.5454E+05
  1.660000E+02 3.5680E+05
  1.700000E+02 3.5661E+05
  1.730000E+02 2.6040E+05
  1.770000E+02 3.5935E+05
  1.800000E+02 3.5984E+05
  1.820000E+02 3.5975E+05
  1.860000E+02 3.6042E+05
  1.910000E+02 3.6075E+05
  1.940000E+02 3.6313E+05
  1.980000E+02 3.6307E+05
  2.000000E+02 3.6286E+05
  2.020000E+02 3.6328E+05
  2.050000E+02 3.6299E+05
  2.100000E+02 3.5594E+05
  2.160000E+02 3.6300E+05
  2.200000E+02 3.6387E+05
  2.230000E+02 3.5947E+05
  2.270000E+02 3.6429E+05
  2.300000E+02 4.5826E+05
  2.340000E+02 6.5280E+05
  2.400000E+02 7.4536E+05
  2.460000E+02 6.7651E+05
  2.520000E+02 7.2744E+05
  2.570000E+02 6.8860E+05
  2.600000E+02 7.1517E+05
  2.640000E+02 9.3650E+05
  2.690000E+02 9.7086E+05
  2.740000E+02 9.9330E+05
  2.790000E+02 8.4084E+05
  2.840000E+02 1.0278E+06
  2.900000E+02 1.0942E+06
  2.960000E+02 9.8811E+05
  3.000000E+02 9.0981E+05
  3.010000E+02 8.8886E+05
  3.080000E+02 9.5689E+05
  3.180000E+02 9.3366E+05
  3.280000E+02 9.6611E+05
  3.380000E+02 9.0235E+05
  3.480000E+02 8.4777E+05
  3.570000E+02 1.1480E+06
  3.660000E+02 1.7566E+06
  3.750000E+02 1.7221E+06
  3.850000E+02 1.3475E+06
  3.950000E+02 1.9965E+06
  4.000000E+02 2.2123E+06
  4.050000E+02 2.4564E+06
  4.140000E+02 2.4187E+06
  4.220000E+02 2.1732E+06
  4.300000E+02 2.0588E+06
  4.410000E+02 2.3836E+06
  4.510000E+02 2.4031E+06
  4.600000E+02 2.0897E+06
  4.700000E+02 2.1044E+06
  4.800000E+02 2.3382E+06
  4.900000E+02 1.9605E+06
  5.000000E+02 2.3917E+06
  5.060000E+02 2.0297E+06
  5.120000E+02 3.0613E+06
  5.200000E+02 2.8784E+06
  5.300000E+02 2.6253E+06
  5.400000E+02 2.1162E+06
  5.500000E+02 2.0072E+06
  5.600000E+02 2.5962E+06
  5.700000E+02 2.8634E+06
  5.800000E+02 2.7642E+06
  5.900000E+02 2.7647E+06
  6.000000E+02 2.2974E+06
  6.100000E+02 2.1597E+06
  6.200000E+02 2.6957E+06
  6.300000E+02 2.4839E+06
  6.400000E+02 2.7094E+06
  6.500000E+02 2.5589E+06
  6.580000E+02 2.3188E+06
  6.650000E+02 2.5873E+06
  6.750000E+02 2.6664E+06
  6.850000E+02 2.2602E+06
  6.950000E+02 2.5637E+06
  7.000000E+02 2.2913E+06
  7.050000E+02 2.0538E+06
  7.160000E+02 2.5508E+06
  7.260000E+02 2.5415E+06
  7.350000E+02 2.5137E+06
  7.450000E+02 2.3910E+06
  7.550000E+02 2.3355E+06
  7.650000E+02 2.0587E+06
  7.750000E+02 2.2673E+06
  7.850000E+02 2.0341E+06
  7.950000E+02 2.1645E+06
  8.000000E+02 2.1786E+06
  8.050000E+02 2.1935E+06
  8.150000E+02 2.1714E+06
  8.250000E+02 2.1698E+06
  8.350000E+02 1.7182E+06
  8.450000E+02 2.0681E+06
  8.550000E+02 2.0009E+06
  8.650000E+02 2.0440E+06
  8.750000E+02 2.0233E+06
  8.850000E+02 1.9956E+06
  8.950000E+02 1.9724E+06
  9.000000E+02 1.9402E+06
  9.050000E+02 1.9088E+06
  9.150000E+02 1.7955E+06
  9.250000E+02 3.8542E+06
  9.350000E+02 5.8935E+06
  9.450000E+02 7.6715E+06
  9.550000E+02 8.7516E+06
  9.650000E+02 9.3202E+06
  9.750000E+02 3.7944E+06
  9.850000E+02 7.2381E+06
  9.950000E+02 6.9391E+06
  1.000000E+03 7.6729E+06
  1.005000E+03 8.5404E+06
  1.015000E+03 8.6826E+06
  1.025000E+03 6.0938E+06
  1.035000E+03 7.5145E+06
  1.045000E+03 1.0063E+07
  1.055000E+03 9.5872E+06
  1.065000E+03 8.0343E+06
  1.075000E+03 8.7356E+06
  1.085000E+03 7.5865E+06
  1.095000E+03 8.7895E+06
  1.100000E+03 8.5478E+06
  1.105000E+03 8.3364E+06
  1.115000E+03 8.0669E+06
  1.125000E+03 7.0611E+06
  1.135000E+03 8.2839E+06
  1.145000E+03 7.7779E+06
  1.155000E+03 7.7508E+06
  1.165000E+03 7.5794E+06
  1.175000E+03 5.1877E+06
  1.185000E+03 7.1120E+06
  1.195000E+03 6.0059E+06
  1.200000E+03 5.5102E+06
  1.205000E+03 5.1026E+06
  1.215000E+03 4.1345E+06
  1.225000E+03 5.7037E+06
  1.235000E+03 6.8411E+06
  1.245000E+03 7.0203E+06
  1.255000E+03 6.7752E+06
  1.265000E+03 6.4044E+06
  1.275000E+03 7.1939E+06
  1.285000E+03 7.2904E+06
  1.295000E+03 6.2164E+06
  1.300000E+03 6.1861E+06
  1.305000E+03 6.1666E+06
  1.315000E+03 7.0159E+06
  1.325000E+03 6.6777E+06
  1.335000E+03 6.1809E+06
  1.345000E+03 6.7022E+06
  1.355000E+03 6.4709E+06
  1.365000E+03 5.9420E+06
  1.375000E+03 5.9392E+06
  1.385000E+03 5.8592E+06
  1.395000E+03 4.5393E+06
  1.400000E+03 4.4749E+06
  1.405000E+03 4.4253E+06
  1.415000E+03 5.3850E+06
  1.425000E+03 5.2525E+06
  1.435000E+03 5.3665E+06
  1.442000E+03 5.4531E+06
  1.447000E+03 5.4590E+06
  1.455000E+03 5.2557E+06
  1.465000E+03 4.9246E+06
  1.475000E+03 4.9297E+06
  1.485000E+03 4.9554E+06
  1.495000E+03 4.9034E+06
  1.500000E+03 4.7683E+06
  1.505000E+03 4.6393E+06
  1.512000E+03 4.2444E+06
  1.517000E+03 4.4061E+06
  1.525000E+03 4.3090E+06
  1.535000E+03 3.7158E+06
  1.545000E+03 3.5073E+06
  1.555000E+03 3.4369E+06
  1.565000E+03 3.7280E+06
  1.575000E+03 3.9389E+06
  1.585000E+03 4.0282E+06
  1.595000E+03 4.0359E+06
  1.600000E+03 3.9773E+06
  1.605000E+03 3.9209E+06
  1.615000E+03 3.8545E+06
  1.625000E+03 3.7398E+06
  1.635000E+03 3.8980E+06
  1.645000E+03 3.8907E+06
  1.655000E+03 3.7383E+06
  1.665000E+03 3.8803E+06
  1.672000E+03 3.5357E+06
  1.677000E+03 3.9638E+06
  1.685000E+03 3.9637E+06
  1.695000E+03 3.7560E+06
  1.700000E+03 3.6929E+06
  1.705000E+03 3.6314E+06
  1.715000E+03 3.4245E+06
  1.725000E+03 3.3591E+06
  1.735000E+03 3.5190E+06
  1.745000E+03 3.4391E+06
  1.755000E+03 3.5293E+06
  1.765000E+03 3.3439E+06
  1.775000E+03 3.2911E+06
  1.785000E+03 3.3402E+06
  1.795000E+03 3.4256E+06
  1.800000E+03 3.4156E+06
  1.805000E+03 3.4060E+06
  1.815000E+03 3.1505E+06
  1.825000E+03 3.1914E+06
  1.835000E+03 3.0951E+06
  1.845000E+03 2.8706E+06
  1.855000E+03 2.8674E+06
  1.865000E+03 2.9038E+06
  1.875000E+03 3.0331E+06
  1.885000E+03 2.7924E+06
  1.895000E+03 2.6693E+06
  1.900000E+03 2.7385E+06
  1.905000E+03 2.8115E+06
  1.915000E+03 2.6835E+06
  1.925000E+03 2.5843E+06
  1.935000E+03 2.6997E+06
  1.945000E+03 2.7471E+06
  1.955000E+03 2.5316E+06
  1.967000E+03 2.7148E+06
  1.976000E+03 2.7773E+06
  1.984000E+03 2.6284E+06
  1.995000E+03 2.5525E+06
  2.000000E+03 2.5848E+06
  2.005000E+03 2.6180E+06
  2.015000E+03 2.5467E+06
  2.025000E+03 2.6214E+06
  2.035000E+03 2.4557E+06
  2.045000E+03 2.4977E+06
  2.055000E+03 2.2524E+06
  2.065000E+03 2.3219E+06
  2.074000E+03 2.5239E+06
  2.078000E+03 2.3687E+06
  2.085000E+03 2.4377E+06
  2.095000E+03 2.3112E+06
  2.100000E+03 2.3232E+06
  2.105000E+03 2.3358E+06
  2.115000E+03 2.3471E+06
  2.125000E+03 2.3511E+06
  2.135000E+03 2.2476E+06
  2.145000E+03 2.2230E+06
  2.155000E+03 2.2839E+06
  2.165000E+03 2.2195E+06
  2.175000E+03 2.2013E+06
  2.185000E+03 2.1379E+06
  2.195000E+03 2.1975E+06
  2.200000E+03 2.1732E+06
  2.205000E+03 2.1493E+06
  2.215000E+03 2.0708E+06
  2.225000E+03 2.0148E+06
  2.235000E+03 2.0589E+06
  2.245000E+03 2.0019E+06
  2.255000E+03 1.9360E+06
  2.265000E+03 1.9611E+06
  2.275000E+03 1.9694E+06
  2.285000E+03 1.9703E+06
  2.295000E+03 1.8567E+06
  2.300000E+03 1.8609E+06
  2.305000E+03 1.8659E+06
  2.315000E+03 1.8034E+06
  2.325000E+03 1.5413E+06
  2.335000E+03 1.7158E+06
  2.345000E+03 1.6924E+06
  2.355000E+03 1.7271E+06
  2.365000E+03 1.6545E+06
  2.375000E+03 1.6509E+06
  2.385000E+03 1.5778E+06
  2.395000E+03 1.6262E+06
  2.400000E+03 1.6008E+06
  2.405000E+03 1.5760E+06
  2.415000E+03 1.5818E+06
  2.425000E+03 1.6073E+06
  2.435000E+03 1.5506E+06
  2.445000E+03 1.5877E+06
  2.455000E+03 1.5610E+06
  2.465000E+03 1.5442E+06
  2.475000E+03 1.5037E+06
  2.485000E+03 1.5131E+06
  2.495000E+03 1.3317E+06
  2.500000E+03 1.4122E+06
  2.505000E+03 1.5000E+06
  2.513000E+03 1.4051E+06
  2.518000E+03 1.4550E+06
  2.525000E+03 1.4161E+06
  2.535000E+03 1.4123E+06
  2.545000E+03 1.3780E+06
  2.555000E+03 1.4102E+06
  2.565000E+03 1.3900E+06
  2.575000E+03 1.4192E+06
  2.585000E+03 1.4020E+06
  2.595000E+03 1.3831E+06
  2.600000E+03 1.3674E+06
  2.605000E+03 1.3519E+06
  2.615000E+03 1.3322E+06
  2.625000E+03 1.3452E+06
  2.635000E+03 1.3428E+06
  2.645000E+03 1.3748E+06
  2.655000E+03 1.3651E+06
  2.665000E+03 1.2984E+06
  2.675000E+03 1.3152E+06
  2.685000E+03 1.3046E+06
  2.695000E+03 1.2651E+06
  2.700000E+03 1.2649E+06
  2.705000E+03 1.2650E+06
  2.715000E+03 1.2357E+06
  2.725000E+03 1.2324E+06
  2.735000E+03 1.2466E+06
  2.745000E+03 1.1726E+06
  2.755000E+03 1.1691E+06
  2.765000E+03 1.1753E+06
  2.775000E+03 1.1975E+06
  2.785000E+03 1.1734E+06
  2.795000E+03 1.0546E+06
  2.800000E+03 1.0727E+06
  2.805000E+03 1.0915E+06
  2.815000E+03 1.1638E+06
  2.825000E+03 1.1617E+06
  2.835000E+03 1.1180E+06
  2.845000E+03 1.1070E+06
  2.855000E+03 1.0944E+06
  2.865000E+03 1.1150E+06
  2.875000E+03 1.0966E+06
  2.885000E+03 1.0934E+06
  2.895000E+03 1.0765E+06
  2.900000E+03 1.0816E+06
  2.910000E+03 1.0931E+06
  2.930000E+03 1.0659E+06
  2.950000E+03 1.0419E+06
  2.970000E+03 1.0322E+06
  2.990000E+03 1.0161E+06
  3.000000E+03 1.0092E+06
  3.010000E+03 1.0026E+06
  3.030000E+03 9.9021E+05
  3.050000E+03 9.7436E+05
  3.070000E+03 9.5912E+05
  3.090000E+03 9.4449E+05
  3.100000E+03 9.3662E+05
  3.110000E+03 9.2906E+05
  3.130000E+03 9.1088E+05
  3.150000E+03 9.0238E+05
  3.170000E+03 8.8487E+05
  3.190000E+03 8.5738E+05
  3.200000E+03 8.5593E+05
  3.210000E+03 8.5465E+05
  3.230000E+03 8.3617E+05
  3.250000E+03 8.3262E+05
  3.270000E+03 8.2349E+05
  3.290000E+03 8.1231E+05
  3.300000E+03 8.0707E+05
  3.310000E+03 8.0194E+05
  3.330000E+03 7.8643E+05
  3.350000E+03 7.7065E+05
  3.370000E+03 7.5575E+05
  3.390000E+03 7.4635E+05
  3.400000E+03 7.4293E+05
  3.410000E+03 7.3961E+05
  3.430000E+03 7.2609E+05
  3.450000E+03 7.1650E+05
  3.470000E+03 7.0739E+05
  3.490000E+03 6.9960E+05
  3.500000E+03 6.9712E+05
  3.510000E+03 6.9471E+05
  3.530000E+03 6.8326E+05
  3.550000E+03 6.7798E+05
  3.570000E+03 6.5848E+05
  3.590000E+03 6.4695E+05
  3.600000E+03 6.4488E+05
  3.610000E+03 6.4334E+05
  3.630000E+03 6.3810E+05
  3.640000E+03 6.3531E+05
  3.650000E+03 6.3964E+05
  3.670000E+03 6.2613E+05
  3.690000E+03 5.9204E+05
  3.700000E+03 6.0381E+05
  3.710000E+03 6.1699E+05
  3.730000E+03 6.0915E+05
  3.750000E+03 6.9251E+05
  3.770000E+03 7.0437E+05
  3.790000E+03 7.7632E+05
  3.800000E+03 8.0701E+05
  3.810000E+03 8.3961E+05
  3.830000E+03 7.0613E+05
  3.850000E+03 8.6121E+05
  3.870000E+03 9.0257E+05
  3.890000E+03 6.6109E+05
  3.900000E+03 7.6841E+05
  3.910000E+03 9.0029E+05
  3.930000E+03 8.3773E+05
  3.950000E+03 8.6491E+05
  3.970000E+03 6.0151E+05
  3.990000E+03 8.5902E+05
  4.000000E+03 8.7772E+05
  4.010000E+03 8.9785E+05
  4.030000E+03 8.7982E+05
  4.050000E+03 8.7777E+05
  4.070000E+03 8.4334E+05
  4.090000E+03 7.5547E+05
  4.100000E+03 6.9427E+05
  4.110000E+03 6.3929E+05
  4.130000E+03 8.0190E+05
  4.150000E+03 8.1615E+05
  4.170000E+03 8.0943E+05
  4.190000E+03 8.0158E+05
  4.200000E+03 7.9891E+05
  4.210000E+03 7.9654E+05
  4.230000E+03 7.8313E+05
  4.250000E+03 7.7523E+05
  4.270000E+03 7.5189E+05
  4.290000E+03 7.4561E+05
  4.300000E+03 7.2682E+05
  4.310000E+03 7.0886E+05
  4.330000E+03 6.3159E+05
  4.350000E+03 5.6842E+05
  4.370000E+03 7.1093E+05
  4.390000E+03 7.0108E+05
  4.400000E+03 7.0183E+05
  4.410000E+03 7.0274E+05
  4.430000E+03 7.0027E+05
  4.450000E+03 6.9827E+05
  4.470000E+03 6.8728E+05
  4.490000E+03 6.8493E+05
  4.500000E+03 6.9076E+05
  4.510000E+03 6.9721E+05
  4.530000E+03 6.7231E+05
  4.550000E+03 6.6384E+05
  4.570000E+03 6.7275E+05
  4.590000E+03 6.5489E+05
  4.600000E+03 6.5478E+05
  4.610000E+03 6.5474E+05
  4.630000E+03 6.3816E+05
  4.650000E+03 6.3512E+05
  4.670000E+03 6.3416E+05
  4.690000E+03 6.2208E+05
  4.700000E+03 6.1314E+05
  4.710000E+03 6.0438E+05
  4.730000E+03 6.1329E+05
  4.750000E+03 6.1194E+05
  4.770000E+03 6.0783E+05
  4.790000E+03 5.9855E+05
  4.800000E+03 5.9243E+05
  4.810000E+03 5.8641E+05
  4.830000E+03 5.7652E+05
  4.850000E+03 5.0658E+05
  4.870000E+03 4.4002E+05
  4.890000E+03 5.4984E+05
  4.900000E+03 5.5262E+05
  4.910000E+03 5.5551E+05
  4.930000E+03 5.4474E+05
  4.950000E+03 5.5235E+05
  4.970000E+03 5.4498E+05
  4.990000E+03 5.2824E+05
  5.000000E+03 5.1874E+05
  5.010000E+03 5.0947E+05
  5.030000E+03 5.1763E+05
  5.050000E+03 5.0952E+05
  5.070000E+03 5.1660E+05
  5.090000E+03 5.0324E+05
  5.100000E+03 5.0220E+05
  5.110000E+03 5.0125E+05
  5.130000E+03 4.9066E+05
  5.150000E+03 4.8068E+05
  5.170000E+03 4.6784E+05
  5.190000E+03 4.6795E+05
  5.200000E+03 4.6841E+05
  5.210000E+03 4.6903E+05
  5.230000E+03 4.6966E+05
  5.250000E+03 4.7245E+05
  5.270000E+03 4.5128E+05
  5.290000E+03 4.6671E+05
  5.300000E+03 4.6718E+05
  5.310000E+03 4.6783E+05
  5.330000E+03 4.4878E+05
  5.350000E+03 4.5816E+05
  5.370000E+03 4.5441E+05
  5.390000E+03 4.4571E+05
  5.400000E+03 4.4240E+05
  5.410000E+03 4.3912E+05
  5.430000E+03 4.3769E+05
  5.450000E+03 4.4000E+05
  5.470000E+03 4.3031E+05
  5.490000E+03 4.2720E+05
  5.500000E+03 4.2512E+05
  5.510000E+03 4.2305E+05
  5.530000E+03 4.2352E+05
  5.550000E+03 4.2323E+05
  5.570000E+03 4.1772E+05
  5.590000E+03 4.1015E+05
  5.600000E+03 4.1143E+05
  5.610000E+03 4.1287E+05
  5.630000E+03 4.0656E+05
  5.650000E+03 4.0434E+05
  5.670000E+03 3.9816E+05
  5.690000E+03 4.0065E+05
  5.700000E+03 3.9704E+05
  5.710000E+03 3.9354E+05
  5.730000E+03 4.0306E+05
  5.750000E+03 3.9241E+05
  5.770000E+03 3.9259E+05
  5.790000E+03 3.8335E+05
  5.800000E+03 3.8531E+05
  5.810000E+03 3.8741E+05
  5.830000E+03 3.8927E+05
  5.850000E+03 3.8141E+05
  5.870000E+03 3.7601E+05
  5.890000E+03 3.6153E+05
  5.900000E+03 3.6595E+05
  5.910000E+03 3.7080E+05
  5.930000E+03 3.6906E+05
  5.950000E+03 3.6575E+05
  5.970000E+03 3.6701E+05
  5.990000E+03 3.6072E+05
  6.000000E+03 3.5888E+05
  6.010000E+03 3.5714E+05
  6.030000E+03 3.5930E+05
  6.050000E+03 3.5951E+05
  6.070000E+03 3.5763E+05
  6.090000E+03 3.4898E+05
  6.100000E+03 3.4826E+05
  6.110000E+03 3.4756E+05
  6.130000E+03 3.3739E+05
  6.150000E+03 3.3631E+05
  6.170000E+03 3.3023E+05
  6.190000E+03 3.3515E+05
  6.200000E+03 3.3340E+05
  6.210000E+03 3.3162E+05
  6.230000E+03 3.2406E+05
  6.250000E+03 3.1594E+05
  6.270000E+03 3.2306E+05
  6.290000E+03 3.2455E+05
  6.300000E+03 3.2150E+05
  6.310000E+03 3.1853E+05
  6.330000E+03 3.1987E+05
  6.350000E+03 3.1606E+05
  6.370000E+03 3.1419E+05
  6.390000E+03 3.1655E+05
  6.400000E+03 3.1450E+05
  6.410000E+03 3.1231E+05
  6.430000E+03 3.1212E+05
  6.450000E+03 3.0960E+05
  6.470000E+03 3.0846E+05
  6.490000E+03 3.0217E+05
  6.500000E+03 3.0336E+05
  6.510000E+03 3.0455E+05
  6.530000E+03 3.0023E+05
  6.550000E+03 2.8332E+05
  6.570000E+03 2.5334E+05
  6.590000E+03 2.9134E+05
  6.600000E+03 2.9366E+05
  6.610000E+03 2.9608E+05
  6.630000E+03 2.9399E+05
  6.650000E+03 2.9196E+05
  6.670000E+03 2.8658E+05
  6.690000E+03 2.8852E+05
  6.700000E+03 2.8515E+05
  6.710000E+03 2.8187E+05
  6.730000E+03 2.8440E+05
  6.750000E+03 2.8025E+05
  6.770000E+03 2.8038E+05
  6.790000E+03 2.7703E+05
  6.800000E+03 2.7686E+05
  6.810000E+03 2.7674E+05
  6.830000E+03 2.7687E+05
  6.850000E+03 2.7213E+05
  6.870000E+03 2.7352E+05
  6.890000E+03 2.7479E+05
  6.900000E+03 2.7382E+05
  6.910000E+03 2.7276E+05
  6.930000E+03 2.6978E+05
  6.950000E+03 2.6688E+05
  6.970000E+03 2.6740E+05
  6.990000E+03 2.6542E+05
  7.000000E+03 2.6291E+05
  7.010000E+03 2.6084E+05
  7.030000E+03 2.6206E+05
  7.050000E+03 2.6087E+05
  7.070000E+03 2.5472E+05
  7.090000E+03 2.5075E+05
  7.100000E+03 2.4776E+05
  7.110000E+03 2.4509E+05
  7.130000E+03 2.4146E+05
  7.150000E+03 2.4121E+05
  7.170000E+03 2.4164E+05
  7.190000E+03 2.3818E+05
  7.200000E+03 2.3978E+05
  7.210000E+03 2.4155E+05
  7.230000E+03 2.4265E+05
  7.250000E+03 2.4276E+05
  7.270000E+03 2.4182E+05
  7.290000E+03 2.3811E+05
  7.300000E+03 2.3930E+05
  7.310000E+03 2.4096E+05
  7.330000E+03 2.4036E+05
  7.350000E+03 2.4009E+05
  7.370000E+03 2.4282E+05
  7.390000E+03 2.3842E+05
  7.400000E+03 2.3781E+05
  7.410000E+03 2.3709E+05
  7.430000E+03 2.3813E+05
  7.450000E+03 2.3757E+05
  7.470000E+03 2.3721E+05
  7.490000E+03 2.3549E+05
  7.500000E+03 2.3590E+05
  7.510000E+03 2.3651E+05
  7.530000E+03 2.3740E+05
  7.550000E+03 2.3730E+05
  7.570000E+03 2.3520E+05
  7.590000E+03 2.3220E+05
  7.600000E+03 2.3124E+05
  7.610000E+03 2.3021E+05
  7.630000E+03 2.2858E+05
  7.650000E+03 2.2628E+05
  7.670000E+03 2.2045E+05
  7.690000E+03 2.2314E+05
  7.700000E+03 2.2116E+05
  7.710000E+03 2.1961E+05
  7.730000E+03 2.1911E+05
  7.750000E+03 2.1751E+05
  7.770000E+03 2.1748E+05
  7.790000E+03 2.1864E+05
  7.800000E+03 2.1811E+05
  7.810000E+03 2.1764E+05
  7.830000E+03 2.1630E+05
  7.850000E+03 2.1344E+05
  7.870000E+03 2.1314E+05
  7.890000E+03 2.0825E+05
  7.900000E+03 2.0644E+05
  7.910000E+03 2.0469E+05
  7.930000E+03 2.0501E+05
  7.950000E+03 2.0242E+05
  7.970000E+03 2.0622E+05
  7.990000E+03 2.0516E+05
  8.000000E+03 2.0566E+05
  8.010000E+03 2.0601E+05
  8.030000E+03 2.0525E+05
  8.050000E+03 2.0371E+05
  8.070000E+03 2.0255E+05
  8.090000E+03 1.9901E+05
  8.100000E+03 1.9870E+05
  8.110000E+03 1.9811E+05
  8.130000E+03 2.0017E+05
  8.150000E+03 1.9994E+05
  8.170000E+03 1.9997E+05
  8.190000E+03 1.9661E+05
  8.200000E+03 1.9576E+05
  8.210000E+03 1.9511E+05
  8.230000E+03 1.9553E+05
  8.250000E+03 1.9565E+05
  8.270000E+03 1.9639E+05
  8.290000E+03 1.9462E+05
  8.300000E+03 1.9191E+05
  8.310000E+03 1.8926E+05
  8.330000E+03 1.8888E+05
  8.350000E+03 1.8801E+05
  8.370000E+03 1.8822E+05
  8.390000E+03 1.8458E+05
  8.400000E+03 1.8592E+05
  8.410000E+03 1.8728E+05
  8.430000E+03 1.8332E+05
  8.450000E+03 1.8228E+05
  8.470000E+03 1.8048E+05
  8.490000E+03 1.8358E+05
  8.500000E+03 1.7872E+05
  8.510000E+03 1.7417E+05
  8.530000E+03 1.8321E+05
  8.550000E+03 1.6709E+05
  8.570000E+03 1.8656E+05
  8.590000E+03 1.7873E+05
  8.600000E+03 1.7843E+05
  8.610000E+03 1.7822E+05
  8.630000E+03 1.8739E+05
  8.650000E+03 1.8358E+05
  8.670000E+03 1.6331E+05
  8.690000E+03 1.8100E+05
  8.700000E+03 1.8374E+05
  8.710000E+03 1.8648E+05
  8.730000E+03 1.8340E+05
  8.750000E+03 1.6968E+05
  8.770000E+03 1.8104E+05
  8.790000E+03 1.8562E+05
  8.800000E+03 1.8411E+05
  8.810000E+03 1.8239E+05
  8.830000E+03 1.8249E+05
  8.850000E+03 1.7688E+05
  8.870000E+03 1.6585E+05
  8.890000E+03 1.7847E+05
  8.900000E+03 1.8037E+05
  8.910000E+03 1.8195E+05
  8.930000E+03 1.7913E+05
  8.950000E+03 1.7932E+05
  8.970000E+03 1.7844E+05
  8.990000E+03 1.7556E+05
  9.000000E+03 1.6833E+05
  9.010000E+03 1.6167E+05
  9.030000E+03 1.6901E+05
  9.050000E+03 1.7810E+05
  9.070000E+03 1.7700E+05
  9.090000E+03 1.7281E+05
  9.100000E+03 1.7345E+05
  9.110000E+03 1.7389E+05
  9.130000E+03 1.7598E+05
  9.150000E+03 1.7451E+05
  9.170000E+03 1.7271E+05
  9.190000E+03 1.7181E+05
  9.200000E+03 1.6768E+05
  9.210000E+03 1.6369E+05
  9.230000E+03 1.5285E+05
  9.250000E+03 1.6077E+05
  9.270000E+03 1.6490E+05
  9.290000E+03 1.6611E+05
  9.300000E+03 1.6632E+05
  9.310000E+03 1.6656E+05
  9.330000E+03 1.6580E+05
  9.350000E+03 1.6526E+05
  9.370000E+03 1.6324E+05
  9.390000E+03 1.6396E+05
  9.400000E+03 1.6216E+05
  9.410000E+03 1.5996E+05
  9.430000E+03 1.6317E+05
  9.450000E+03 1.5992E+05
  9.470000E+03 1.6188E+05
  9.490000E+03 1.6128E+05
  9.500000E+03 1.6013E+05
  9.510000E+03 1.5845E+05
  9.530000E+03 1.5542E+05
  9.550000E+03 1.4483E+05
  9.570000E+03 1.5388E+05
  9.590000E+03 1.5815E+05
  9.600000E+03 1.5764E+05
  9.610000E+03 1.5677E+05
  9.630000E+03 1.5643E+05
  9.650000E+03 1.5501E+05
  9.670000E+03 1.5429E+05
  9.690000E+03 1.5553E+05
  9.700000E+03 1.5483E+05
  9.710000E+03 1.5438E+05
  9.730000E+03 1.5335E+05
  9.750000E+03 1.5193E+05
  9.770000E+03 1.5225E+05
  9.790000E+03 1.5018E+05
  9.800000E+03 1.5128E+05
  9.810000E+03 1.5259E+05
  9.830000E+03 1.5138E+05
  9.850000E+03 1.5140E+05
  9.870000E+03 1.4998E+05
  9.890000E+03 1.4928E+05
  9.900000E+03 1.4921E+05
  9.910000E+03 1.4872E+05
  9.930000E+03 1.4901E+05
  9.950000E+03 1.4859E+05
  9.970000E+03 1.4821E+05
  9.990000E+03 1.4722E+05
  1.000000E+04 1.4577E+05
  1.002500E+04 1.4279E+05
  1.007500E+04 1.3922E+05
  1.010000E+04 1.4104E+05
  1.012500E+04 1.4288E+05
  1.017500E+04 1.4102E+05
  1.020000E+04 1.4072E+05
  1.022500E+04 1.4056E+05
  1.027500E+04 1.3999E+05
  1.030000E+04 1.3899E+05
  1.032500E+04 1.3786E+05
  1.037500E+04 1.3618E+05
  1.040000E+04 1.3556E+05
  1.042500E+04 1.3535E+05
  1.047500E+04 1.3354E+05
  1.050000E+04 1.3320E+05
  1.052500E+04 1.3250E+05
  1.057500E+04 1.3087E+05
  1.060000E+04 1.3066E+05
  1.062500E+04 1.2969E+05
  1.067500E+04 1.2701E+05
  1.070000E+04 1.2721E+05
  1.072500E+04 1.2663E+05
  1.077500E+04 1.2545E+05
  1.080000E+04 1.2382E+05
  1.082500E+04 1.2276E+05
  1.087500E+04 1.2054E+05
  1.090000E+04 1.1811E+05
  1.092500E+04 1.1546E+05
  1.097500E+04 1.1544E+05
  1.100000E+04 1.1519E+05
  1.102500E+04 1.1577E+05
  1.107500E+04 1.1427E+05
  1.110000E+04 1.1424E+05
  1.112500E+04 1.1389E+05
  1.117500E+04 1.1306E+05
  1.120000E+04 1.1267E+05
  1.122500E+04 1.1251E+05
  1.127500E+04 1.1073E+05
  1.130000E+04 1.1025E+05
  1.132500E+04 1.0986E+05
  1.137500E+04 1.0884E+05
  1.140000E+04 1.0865E+05
  1.142500E+04 1.0756E+05
  1.147500E+04 1.0814E+05
  1.150000E+04 1.0825E+05
  1.152500E+04 1.0790E+05
  1.157500E+04 1.0654E+05
  1.160000E+04 1.0606E+05
  1.162500E+04 1.0512E+05
  1.167500E+04 1.0426E+05
  1.170000E+04 1.0413E+05
  1.172500E+04 1.0414E+05
  1.177500E+04 1.0272E+05
  1.180000E+04 1.0213E+05
  1.182500E+04 1.0167E+05
  1.187500E+04 1.0013E+05
  1.190000E+04 1.0068E+05
  1.192500E+04 1.0054E+05
  1.197500E+04 9.7591E+04
  1.200000E+04 9.8456E+04
  1.202500E+04 9.8935E+04
  1.207500E+04 9.7129E+04
  1.210000E+04 9.6603E+04
  1.212500E+04 9.7045E+04
  1.217500E+04 9.6812E+04
  1.220000E+04 9.6668E+04
  1.222500E+04 9.6076E+04
  1.227500E+04 9.5112E+04
  1.230000E+04 9.4833E+04
  1.232500E+04 9.3921E+04
  1.237500E+04 9.3635E+04
  1.240000E+04 9.3229E+04
  1.242500E+04 9.2440E+04
  1.247500E+04 9.1605E+04
  1.250000E+04 9.1317E+04
  1.252500E+04 9.0717E+04
  1.257500E+04 9.0057E+04
  1.260000E+04 9.0371E+04
  1.262500E+04 8.9953E+04
  1.267500E+04 8.8336E+04
  1.270000E+04 8.8596E+04
  1.272500E+04 8.8458E+04
  1.277500E+04 8.7464E+04
  1.280000E+04 8.5460E+04
  1.282500E+04 8.3120E+04
  1.287500E+04 8.5484E+04
  1.290000E+04 8.5622E+04
  1.292500E+04 8.5361E+04
  1.297500E+04 8.5290E+04
  1.300000E+04 8.4938E+04
  1.302500E+04 8.4567E+04
  1.307500E+04 8.4349E+04
  1.310000E+04 8.3514E+04
  1.312500E+04 8.3092E+04
  1.317500E+04 8.2456E+04
  1.320000E+04 8.2566E+04
  1.322500E+04 8.2183E+04
  1.327500E+04 8.0813E+04
  1.330000E+04 8.0842E+04
  1.332500E+04 8.0910E+04
  1.337500E+04 7.9798E+04
  1.340000E+04 8.0304E+04
  1.342500E+04 8.0349E+04
  1.347500E+04 7.9730E+04
  1.350000E+04 7.9531E+04
  1.352500E+04 7.9354E+04
  1.357500E+04 7.7668E+04
  1.360000E+04 7.7782E+04
  1.362500E+04 7.7085E+04
  1.367500E+04 7.7307E+04
  1.370000E+04 7.7085E+04
  1.372500E+04 7.6651E+04
  1.377500E+04 7.6543E+04
  1.380000E+04 7.6497E+04
  1.382500E+04 7.6274E+04
  1.387500E+04 7.5399E+04
  1.390000E+04 7.4861E+04
  1.392500E+04 7.4331E+04
  1.397500E+04 7.3484E+04
  1.400000E+04 7.3198E+04
  1.402500E+04 7.2743E+04
  1.407500E+04 7.2061E+04
  1.410000E+04 7.1209E+04
  1.412500E+04 7.0482E+04
  1.417500E+04 7.0510E+04
  1.420000E+04 6.9944E+04
  1.422500E+04 6.9868E+04
  1.427500E+04 6.9342E+04
  1.430000E+04 6.9115E+04
  1.432500E+04 6.9584E+04
  1.437500E+04 6.9806E+04
  1.440000E+04 6.9182E+04
  1.442500E+04 6.7843E+04
  1.447500E+04 6.8441E+04
  1.450000E+04 6.7927E+04
  1.452500E+04 6.7263E+04
  1.457000E+04 6.7899E+04
  1.460000E+04 6.7599E+04
  1.462000E+04 6.7060E+04
  1.467500E+04 6.6509E+04
  1.470000E+04 6.5600E+04
  1.472500E+04 6.5549E+04
  1.477500E+04 6.5616E+04
  1.480000E+04 6.5492E+04
  1.482500E+04 6.5882E+04
  1.487500E+04 6.5532E+04
  1.490000E+04 6.5591E+04
  1.492500E+04 6.6409E+04
  1.497500E+04 6.5492E+04
  1.500000E+04 6.5275E+04
  1.502500E+04 6.4636E+04
  1.507500E+04 6.4462E+04
  1.510000E+04 6.4558E+04
  1.512500E+04 6.4291E+04
  1.517500E+04 6.4877E+04
  1.520000E+04 6.5137E+04
  1.522500E+04 6.4315E+04
  1.527500E+04 6.4798E+04
  1.530000E+04 6.4256E+04
  1.532500E+04 6.3966E+04
  1.537500E+04 6.3744E+04
  1.540000E+04 6.3965E+04
  1.542500E+04 6.3766E+04
  1.547500E+04 6.3621E+04
  1.550000E+04 6.3246E+04
  1.552500E+04 6.2700E+04
  1.557500E+04 6.0433E+04
  1.560000E+04 6.1205E+04
  1.562500E+04 6.1581E+04
  1.567500E+04 6.1169E+04
  1.570000E+04 6.1500E+04
  1.572500E+04 6.1851E+04
  1.577500E+04 5.8245E+04
  1.580000E+04 5.7939E+04
  1.582500E+04 5.8360E+04
  1.587500E+04 5.7696E+04
  1.590000E+04 5.8869E+04
  1.592500E+04 5.9374E+04
  1.597500E+04 5.8536E+04
  1.600000E+04 5.8499E+04
  1.605000E+04 5.8688E+04
  1.610000E+04 5.8485E+04
  1.615000E+04 5.8709E+04
  1.620000E+04 5.8110E+04
  1.625000E+04 5.7183E+04
  1.630000E+04 5.8153E+04
  1.635000E+04 5.8444E+04
  1.640000E+04 5.7504E+04
  1.645000E+04 5.6494E+04
  1.650000E+04 5.6553E+04
  1.655000E+04 5.6671E+04
  1.660000E+04 5.6576E+04
  1.665000E+04 5.5371E+04
  1.670000E+04 5.6020E+04
  1.675000E+04 5.6040E+04
  1.680000E+04 5.4269E+04
  1.685000E+04 5.3716E+04
  1.690000E+04 5.4235E+04
  1.695000E+04 5.4323E+04
  1.700000E+04 5.3981E+04
  1.705000E+04 5.3187E+04
  1.710000E+04 5.3291E+04
  1.715000E+04 5.2966E+04
  1.720000E+04 5.2110E+04
  1.725000E+04 5.1409E+04
  1.730000E+04 5.0747E+04
  1.735000E+04 5.0150E+04
  1.740000E+04 5.0118E+04
  1.745000E+04 5.0032E+04
  1.750000E+04 4.9322E+04
  1.755000E+04 4.9785E+04
  1.760000E+04 4.9393E+04
  1.765000E+04 4.8525E+04
  1.770000E+04 4.7437E+04
  1.775000E+04 4.7311E+04
  1.780000E+04 4.7293E+04
  1.785000E+04 4.7624E+04
  1.790000E+04 4.5647E+04
  1.795000E+04 4.5098E+04
  1.800000E+04 4.5965E+04
  1.805000E+04 4.4753E+04
  1.810000E+04 4.4806E+04
  1.815000E+04 4.4043E+04
  1.820000E+04 4.3853E+04
  1.825000E+04 4.2690E+04
  1.830000E+04 4.2375E+04
  1.835000E+04 4.1847E+04
  1.840000E+04 4.1250E+04
  1.845000E+04 4.2071E+04
  1.850000E+04 4.2624E+04
  1.855000E+04 4.1616E+04
  1.860000E+04 4.0948E+04
  1.865000E+04 4.0131E+04
  1.870000E+04 4.0570E+04
  1.875000E+04 3.8824E+04
  1.880000E+04 3.8937E+04
  1.885000E+04 3.8940E+04
  1.890000E+04 3.7832E+04
  1.895000E+04 3.7713E+04
  1.900000E+04 3.8446E+04
  1.905000E+04 3.8939E+04
  1.910000E+04 3.8069E+04
  1.915000E+04 3.7408E+04
  1.920000E+04 3.7223E+04
  1.925000E+04 3.7350E+04
  1.930000E+04 3.7300E+04
  1.935000E+04 3.6788E+04
  1.940000E+04 3.5388E+04
  1.945000E+04 3.4709E+04
  1.950000E+04 3.5004E+04
  1.955000E+04 3.5226E+04
  1.960000E+04 3.5291E+04
  1.965000E+04 3.4685E+04
  1.970000E+04 3.4724E+04
  1.975000E+04 3.3924E+04
  1.980000E+04 3.3132E+04
  1.985000E+04 3.2896E+04
  1.990000E+04 3.3295E+04
  1.995000E+04 3.3215E+04
  2.000000E+04 3.2507E+04
  2.005000E+04 3.2783E+04
  2.010000E+04 3.2997E+04
  2.015000E+04 3.2951E+04
  2.020000E+04 3.2382E+04
  2.025000E+04 3.1652E+04
  2.030000E+04 3.1124E+04
  2.035000E+04 3.0927E+04
  2.040000E+04 3.0360E+04
  2.045000E+04 3.0408E+04
  2.050000E+04 3.0211E+04
  2.055000E+04 2.9852E+04
  2.060000E+04 2.9390E+04
  2.065000E+04 2.9205E+04
  2.070000E+04 2.9046E+04
  2.075000E+04 2.8721E+04
  2.080000E+04 2.8782E+04
  2.085000E+04 2.9325E+04
  2.090000E+04 2.8982E+04
  2.095000E+04 2.8097E+04
  2.100000E+04 2.7955E+04
  2.105000E+04 2.8096E+04
  2.110000E+04 2.7952E+04
  2.115000E+04 2.7370E+04
  2.120000E+04 2.6994E+04
  2.125000E+04 2.7256E+04
  2.130000E+04 2.7005E+04
  2.135000E+04 2.6896E+04
  2.140000E+04 2.6695E+04
  2.145000E+04 2.6151E+04
  2.150000E+04 2.6153E+04
  2.155000E+04 2.5965E+04
  2.160000E+04 2.5524E+04
  2.165000E+04 2.5222E+04
  2.170000E+04 2.4926E+04
  2.175000E+04 2.4714E+04
  2.180000E+04 2.4725E+04
  2.185000E+04 2.4455E+04
  2.190000E+04 2.4133E+04
  2.195000E+04 2.3906E+04
  2.200000E+04 2.3478E+04
  2.205000E+04 2.3155E+04
  2.210000E+04 2.3062E+04
  2.215000E+04 2.3083E+04
  2.220000E+04 2.3036E+04
  2.225000E+04 2.2980E+04
  2.230000E+04 2.3005E+04
  2.235000E+04 2.2685E+04
  2.240000E+04 2.2576E+04
  2.245000E+04 2.2687E+04
  2.250000E+04 2.2345E+04
  2.255000E+04 2.1921E+04
  2.260000E+04 2.1551E+04
  2.265000E+04 2.1550E+04
  2.270000E+04 2.1695E+04
  2.275000E+04 2.1527E+04
  2.280000E+04 2.1186E+04
  2.285000E+04 2.1030E+04
  2.290000E+04 1.9632E+04
  2.295000E+04 1.8404E+04
  2.300000E+04 1.9181E+04
  2.305000E+04 1.9882E+04
  2.310000E+04 2.0261E+04
  2.315000E+04 2.0067E+04
  2.320000E+04 1.8144E+04
  2.325000E+04 1.7270E+04
  2.330000E+04 1.8588E+04
  2.335000E+04 1.9042E+04
  2.340000E+04 1.8239E+04
  2.345000E+04 1.7850E+04
  2.350000E+04 1.6842E+04
  2.355000E+04 1.6179E+04
  2.360000E+04 1.6575E+04
  2.365000E+04 1.7294E+04
  2.370000E+04 1.7278E+04
  2.375000E+04 1.6957E+04
  2.380000E+04 1.6037E+04
  2.385000E+04 1.5153E+04
  2.390000E+04 1.6058E+04
  2.395000E+04 1.6591E+04
  2.400000E+04 1.6264E+04
  2.405000E+04 1.5966E+04
  2.410000E+04 1.5093E+04
  2.415000E+04 1.4308E+04
  2.420000E+04 1.4433E+04
  2.425000E+04 1.4755E+04
  2.430000E+04 1.4599E+04
  2.435000E+04 1.4398E+04
  2.440000E+04 1.4244E+04
  2.445000E+04 1.3828E+04
  2.450000E+04 1.3721E+04
  2.455000E+04 1.3677E+04
  2.460000E+04 1.3701E+04
  2.465000E+04 1.3701E+04
  2.470000E+04 1.3488E+04
  2.475000E+04 1.3240E+04
  2.480000E+04 1.2580E+04
  2.485000E+04 1.2082E+04
  2.490000E+04 1.2056E+04
  2.495000E+04 1.2025E+04
  2.500000E+04 1.2134E+04
  2.505000E+04 1.2301E+04
  2.510000E+04 1.1971E+04
  2.515000E+04 1.1704E+04
  2.520000E+04 1.1848E+04
  2.525000E+04 1.2039E+04
  2.530000E+04 1.2076E+04
  2.535000E+04 1.2078E+04
  2.540000E+04 1.2000E+04
  2.545000E+04 1.2003E+04
  2.550000E+04 1.2035E+04
  2.555000E+04 1.2013E+04
  2.560000E+04 1.2014E+04
  2.565000E+04 1.2021E+04
  2.570000E+04 1.2084E+04
  2.575000E+04 1.2187E+04
  2.580000E+04 1.2035E+04
  2.585000E+04 1.1854E+04
  2.590000E+04 1.1810E+04
  2.595000E+04 1.1881E+04
  2.600000E+04 1.1990E+04
  2.605000E+04 1.2055E+04
  2.610000E+04 1.1980E+04
  2.615000E+04 1.1747E+04
  2.620000E+04 1.1714E+04
  2.625000E+04 1.1734E+04
  2.630000E+04 1.1922E+04
  2.635000E+04 1.1937E+04
  2.640000E+04 1.1817E+04
  2.645000E+04 1.1649E+04
  2.650000E+04 1.1646E+04
  2.655000E+04 1.1698E+04
  2.660000E+04 1.1837E+04
  2.665000E+04 1.1729E+04
  2.670000E+04 1.1670E+04
  2.675000E+04 1.1530E+04
  2.680000E+04 1.1370E+04
  2.685000E+04 1.1212E+04
  2.690000E+04 1.1148E+04
  2.695000E+04 1.1216E+04
  2.700000E+04 1.1340E+04
  2.705000E+04 1.1243E+04
  2.710000E+04 1.1048E+04
  2.715000E+04 1.1063E+04
  2.720000E+04 1.1321E+04
  2.725000E+04 1.1384E+04
  2.730000E+04 1.1284E+04
  2.735000E+04 1.1091E+04
  2.740000E+04 1.1266E+04
  2.745000E+04 1.1338E+04
  2.750000E+04 1.1177E+04
  2.755000E+04 1.0957E+04
  2.760000E+04 1.0780E+04
  2.765000E+04 1.0730E+04
  2.770000E+04 1.0711E+04
  2.775000E+04 1.0709E+04
  2.780000E+04 1.0762E+04
  2.785000E+04 1.0814E+04
  2.790000E+04 1.0721E+04
  2.795000E+04 1.0814E+04
  2.800000E+04 1.0592E+04
  2.805000E+04 1.0545E+04
  2.810000E+04 1.0301E+04
  2.815000E+04 1.0324E+04
  2.820000E+04 1.0318E+04
  2.825000E+04 1.0330E+04
  2.830000E+04 1.0275E+04
  2.835000E+04 9.9857E+03
  2.840000E+04 9.6753E+03
  2.845000E+04 9.4150E+03
  2.850000E+04 9.5256E+03
  2.855000E+04 9.7381E+03
  2.860000E+04 9.8101E+03
  2.865000E+04 9.7614E+03
  2.870000E+04 9.5066E+03
  2.875000E+04 9.4673E+03
  2.880000E+04 9.4787E+03
  2.885000E+04 9.3213E+03
  2.890000E+04 9.1882E+03
  2.895000E+04 9.0340E+03
  2.900000E+04 9.1933E+03
  2.905000E+04 9.1845E+03
  2.910000E+04 9.0597E+03
  2.915000E+04 8.8866E+03
  2.920000E+04 8.6958E+03
  2.925000E+04 8.5434E+03
  2.930000E+04 8.6020E+03
  2.935000E+04 8.4755E+03
  2.940000E+04 8.3960E+03
  2.945000E+04 8.2688E+03
  2.950000E+04 8.1595E+03
  2.955000E+04 8.0997E+03
  2.960000E+04 8.0454E+03
  2.965000E+04 7.9874E+03
  2.970000E+04 7.9370E+03
  2.975000E+04 7.8742E+03
  2.980000E+04 7.8138E+03
  2.985000E+04 7.7252E+03
  2.990000E+04 7.6707E+03
  2.995000E+04 7.6418E+03
  3.000000E+04 7.6043E+03
  3.005000E+04 7.5622E+03
  3.010000E+04 7.5283E+03
  3.015000E+04 7.4789E+03
  3.020000E+04 7.4267E+03
  3.025000E+04 7.3755E+03
  3.030000E+04 7.3051E+03
  3.035000E+04 7.2375E+03
  3.040000E+04 7.2224E+03
  3.045000E+04 7.2091E+03
  3.050000E+04 7.1768E+03
  3.055000E+04 7.1487E+03
  3.060000E+04 7.1211E+03
  3.065000E+04 7.0830E+03
  3.070000E+04 7.0537E+03
  3.075000E+04 7.0268E+03
  3.080000E+04 6.9737E+03
  3.085000E+04 6.9247E+03
  3.090000E+04 6.8882E+03
  3.095000E+04 6.8494E+03
  3.100000E+04 6.8313E+03
  3.105000E+04 6.8119E+03
  3.110000E+04 6.7669E+03
  3.115000E+04 6.7119E+03
  3.120000E+04 6.6798E+03
  3.125000E+04 6.6495E+03
  3.130000E+04 6.6088E+03
  3.135000E+04 6.5740E+03
  3.140000E+04 6.5395E+03
  3.145000E+04 6.5068E+03
  3.150000E+04 6.4699E+03
  3.155000E+04 6.4304E+03
  3.160000E+04 6.3912E+03
  3.165000E+04 6.3477E+03
  3.170000E+04 6.3228E+03
  3.175000E+04 6.2986E+03
  3.180000E+04 6.2686E+03
  3.185000E+04 6.2422E+03
  3.190000E+04 6.2213E+03
  3.195000E+04 6.1975E+03
  3.200000E+04 6.1650E+03
  3.210000E+04 6.0908E+03
  3.220000E+04 6.0238E+03
  3.230000E+04 5.9655E+03
  3.240000E+04 5.9144E+03
  3.250000E+04 5.8693E+03
  3.260000E+04 5.8130E+03
  3.270000E+04 5.7549E+03
  3.280000E+04 5.6884E+03
  3.290000E+04 5.6296E+03
  3.300000E+04 5.5885E+03
  3.310000E+04 5.5406E+03
  3.320000E+04 5.5112E+03
  3.330000E+04 5.4864E+03
  3.340000E+04 5.4780E+03
  3.350000E+04 5.4916E+03
  3.360000E+04 5.4325E+03
  3.370000E+04 5.3325E+03
  3.380000E+04 5.3310E+03
  3.390000E+04 5.3003E+03
  3.400000E+04 5.2624E+03
  3.410000E+04 5.2807E+03
  3.420000E+04 5.2495E+03
  3.430000E+04 5.3024E+03
  3.440000E+04 5.3031E+03
  3.450000E+04 5.1958E+03
  3.460000E+04 5.0903E+03
  3.470000E+04 5.0953E+03
  3.480000E+04 5.0234E+03
  3.490000E+04 4.9122E+03
  3.500000E+04 4.8675E+03
  3.510000E+04 4.8990E+03
  3.520000E+04 4.7940E+03
  3.530000E+04 4.7773E+03
  3.540000E+04 4.6532E+03
  3.550000E+04 4.5798E+03
  3.560000E+04 4.5765E+03
  3.570000E+04 4.5716E+03
  3.580000E+04 4.5029E+03
  3.590000E+04 4.4296E+03
  3.600000E+04 4.4359E+03
  3.610000E+04 4.3874E+03
  3.620000E+04 4.3222E+03
  3.630000E+04 4.2122E+03
  3.640000E+04 4.1713E+03
  3.650000E+04 4.1008E+03
  3.660000E+04 4.0437E+03
  3.670000E+04 4.0147E+03
  3.680000E+04 3.9401E+03
  3.690000E+04 3.8711E+03
  3.700000E+04 3.7972E+03
  3.710000E+04 3.7511E+03
  3.720000E+04 3.7130E+03
  3.730000E+04 3.6662E+03
  3.740000E+04 3.5924E+03
  3.750000E+04 3.5317E+03
  3.760000E+04 3.5024E+03
  3.770000E+04 3.4779E+03
  3.780000E+04 3.4388E+03
  3.790000E+04 3.4087E+03
  3.800000E+04 3.3771E+03
  3.810000E+04 3.3404E+03
  3.820000E+04 3.3065E+03
  3.830000E+04 3.2784E+03
  3.840000E+04 3.2545E+03
  3.850000E+04 3.2263E+03
  3.860000E+04 3.1920E+03
  3.870000E+04 3.1594E+03
  3.880000E+04 3.1331E+03
  3.890000E+04 3.1047E+03
  3.900000E+04 3.0761E+03
  3.910000E+04 3.0492E+03
  3.920000E+04 3.0308E+03
  3.930000E+04 3.0129E+03
  3.940000E+04 2.9852E+03
  3.950000E+04 2.9597E+03
  3.960000E+04 2.9370E+03
  3.970000E+04 2.9199E+03
  3.980000E+04 2.8898E+03
  3.990000E+04 2.8645E+03
  4.000000E+04 2.8413E+03
  4.010000E+04 2.8230E+03
  4.020000E+04 2.8001E+03
  4.030000E+04 2.7892E+03
  4.040000E+04 2.7738E+03
  4.050000E+04 2.7511E+03
  4.060000E+04 2.7418E+03
  4.070000E+04 2.7283E+03
  4.080000E+04 2.7200E+03
  4.090000E+04 2.7064E+03
  4.100000E+04 2.7056E+03
  4.110000E+04 2.6909E+03
  4.120000E+04 2.6732E+03
  4.130000E+04 2.6466E+03
  4.140000E+04 2.5998E+03
  4.150000E+04 2.5719E+03
  4.160000E+04 2.5455E+03
  4.170000E+04 2.5557E+03
  4.180000E+04 2.5478E+03
  4.190000E+04 2.5475E+03
  4.200000E+04 2.5082E+03
  4.210000E+04 2.4907E+03
  4.220000E+04 2.4892E+03
  4.230000E+04 2.4872E+03
  4.240000E+04 2.4809E+03
  4.250000E+04 2.4507E+03
  4.260000E+04 2.4343E+03
  4.270000E+04 2.4266E+03
  4.280000E+04 2.3637E+03
  4.290000E+04 2.3090E+03
  4.300000E+04 2.2461E+03
  4.310000E+04 2.1969E+03
  4.320000E+04 2.2116E+03
  4.330000E+04 2.1903E+03
  4.340000E+04 2.1215E+03
  4.350000E+04 2.0670E+03
  4.360000E+04 2.0203E+03
  4.370000E+04 2.0076E+03
  4.380000E+04 1.9736E+03
  4.390000E+04 1.9612E+03
  4.400000E+04 1.9134E+03
  4.410000E+04 1.8960E+03
  4.420000E+04 1.9014E+03
  4.430000E+04 1.8858E+03
  4.440000E+04 1.8836E+03
  4.450000E+04 1.8362E+03
  4.460000E+04 1.8091E+03
  4.470000E+04 1.7777E+03
  4.480000E+04 1.7756E+03
  4.490000E+04 1.7936E+03
  4.500000E+04 1.7708E+03
  4.510000E+04 1.7473E+03
  4.520000E+04 1.7052E+03
  4.530000E+04 1.6720E+03
  4.540000E+04 1.6516E+03
  4.550000E+04 1.6333E+03
  4.560000E+04 1.6053E+03
  4.570000E+04 1.5895E+03
  4.580000E+04 1.5683E+03
  4.590000E+04 1.5406E+03
  4.600000E+04 1.5454E+03
  4.610000E+04 1.5521E+03
  4.620000E+04 1.5323E+03
  4.630000E+04 1.5219E+03
  4.640000E+04 1.5129E+03
  4.650000E+04 1.5014E+03
  4.660000E+04 1.4939E+03
  4.670000E+04 1.4810E+03
  4.680000E+04 1.4577E+03
  4.690000E+04 1.4434E+03
  4.700000E+04 1.4332E+03
  4.710000E+04 1.4199E+03
  4.720000E+04 1.4287E+03
  4.730000E+04 1.4411E+03
  4.740000E+04 1.4245E+03
  4.750000E+04 1.4090E+03
  4.760000E+04 1.4004E+03
  4.770000E+04 1.3852E+03
  4.780000E+04 1.3737E+03
  4.790000E+04 1.3630E+03
  4.800000E+04 1.3448E+03
  4.810000E+04 1.3323E+03
  4.820000E+04 1.3330E+03
  4.830000E+04 1.3336E+03
  4.840000E+04 1.3227E+03
  4.850000E+04 1.3071E+03
  4.860000E+04 1.2955E+03
  4.870000E+04 1.2840E+03
  4.880000E+04 1.2760E+03
  4.890000E+04 1.2728E+03
  4.900000E+04 1.2627E+03
  4.910000E+04 1.2487E+03
  4.920000E+04 1.2425E+03
  4.930000E+04 1.2342E+03
  4.940000E+04 1.2152E+03
  4.950000E+04 1.2011E+03
  4.960000E+04 1.1958E+03
  4.970000E+04 1.1873E+03
  4.980000E+04 1.1744E+03
  4.990000E+04 1.1756E+03
  5.000000E+04 1.1714E+03
  5.010000E+04 1.1667E+03
  5.020000E+04 1.1599E+03
  5.030000E+04 1.1482E+03
  5.040000E+04 1.1327E+03
  5.050000E+04 1.1190E+03
  5.060000E+04 1.1137E+03
  5.070000E+04 1.1081E+03
  5.080000E+04 1.1039E+03
  5.090000E+04 1.0997E+03
  5.100000E+04 1.0944E+03
  5.110000E+04 1.0854E+03
  5.120000E+04 1.0809E+03
  5.130000E+04 1.0720E+03
  5.140000E+04 1.0644E+03
  5.150000E+04 1.0588E+03
  5.160000E+04 1.0591E+03
  5.170000E+04 1.0572E+03
  5.180000E+04 1.0464E+03
  5.190000E+04 1.0388E+03
  5.200000E+04 1.0330E+03
  5.210000E+04 1.0223E+03
  5.220000E+04 1.0134E+03
  5.230000E+04 1.0067E+03
  5.240000E+04 1.0055E+03
  5.250000E+04 9.9872E+02
  5.260000E+04 9.9672E+02
  5.270000E+04 9.9648E+02
  5.280000E+04 9.8654E+02
  5.290000E+04 9.7520E+02
  5.300000E+04 9.6717E+02
  5.310000E+04 9.5938E+02
  5.320000E+04 9.5547E+02
  5.330000E+04 9.4972E+02
  5.340000E+04 9.4256E+02
  5.350000E+04 9.3492E+02
  5.360000E+04 9.2937E+02
  5.370000E+04 9.2440E+02
  5.380000E+04 9.1914E+02
  5.390000E+04 9.1354E+02
  5.400000E+04 9.0911E+02
  5.410000E+04 9.0478E+02
  5.420000E+04 8.9983E+02
  5.430000E+04 8.9338E+02
  5.440000E+04 8.9101E+02
  5.450000E+04 8.8860E+02
  5.460000E+04 8.8107E+02
  5.470000E+04 8.7393E+02
  5.480000E+04 8.7121E+02
  5.490000E+04 8.6758E+02
  5.500000E+04 8.6071E+02
  5.510000E+04 8.5402E+02
  5.520000E+04 8.5481E+02
  5.530000E+04 8.5760E+02
  5.540000E+04 8.4242E+02
  5.550000E+04 8.3359E+02
  5.560000E+04 8.3567E+02
  5.570000E+04 8.3614E+02
  5.580000E+04 8.2780E+02
  5.590000E+04 8.1820E+02
  5.600000E+04 8.1697E+02
  5.610000E+04 8.1441E+02
  5.620000E+04 8.0431E+02
  5.630000E+04 7.9698E+02
  5.640000E+04 7.9581E+02
  5.650000E+04 7.9424E+02
  5.660000E+04 7.8879E+02
  5.670000E+04 7.8218E+02
  5.680000E+04 7.7515E+02
  5.690000E+04 7.6792E+02
  5.700000E+04 7.6508E+02
  5.710000E+04 7.6217E+02
  5.720000E+04 7.5744E+02
  5.730000E+04 7.5386E+02
  5.740000E+04 7.4875E+02
  5.750000E+04 7.4257E+02
  5.760000E+04 7.3570E+02
  5.770000E+04 7.3167E+02
  5.780000E+04 7.3132E+02
  5.790000E+04 7.3099E+02
  5.800000E+04 7.2580E+02
  5.810000E+04 7.2156E+02
  5.820000E+04 7.1864E+02
  5.830000E+04 7.1584E+02
  5.840000E+04 7.1297E+02
  5.850000E+04 7.0780E+02
  5.860000E+04 7.0279E+02
  5.870000E+04 6.9901E+02
  5.880000E+04 6.9400E+02
  5.890000E+04 6.8976E+02
  5.900000E+04 6.8446E+02
  5.910000E+04 6.7901E+02
  5.920000E+04 6.7489E+02
  5.930000E+04 6.7098E+02
  5.940000E+04 6.6520E+02
  5.950000E+04 6.6179E+02
  5.960000E+04 6.6006E+02
  5.970000E+04 6.5775E+02
  5.980000E+04 6.5333E+02
  5.990000E+04 6.4866E+02
  6.000000E+04 6.4395E+02
  6.010000E+04 6.3926E+02
  6.020000E+04 6.3589E+02
  6.030000E+04 6.3302E+02
  6.040000E+04 6.2986E+02
  6.050000E+04 6.2698E+02
  6.060000E+04 6.2488E+02
  6.070000E+04 6.2240E+02
  6.080000E+04 6.1841E+02
  6.090000E+04 6.1447E+02
  6.100000E+04 6.1029E+02
  6.110000E+04 6.0532E+02
  6.120000E+04 6.0175E+02
  6.130000E+04 5.9843E+02
  6.140000E+04 5.9503E+02
  6.150000E+04 5.9174E+02
  6.160000E+04 5.8855E+02
  6.170000E+04 5.8441E+02
  6.180000E+04 5.7943E+02
  6.190000E+04 5.7460E+02
  6.200000E+04 5.7093E+02
  6.210000E+04 5.6814E+02
  6.220000E+04 5.6466E+02
  6.230000E+04 5.6119E+02
  6.240000E+04 5.5815E+02
  6.250000E+04 5.5530E+02
  6.260000E+04 5.5133E+02
  6.270000E+04 5.4723E+02
  6.280000E+04 5.4300E+02
  6.290000E+04 5.3898E+02
  6.300000E+04 5.3502E+02
  6.310000E+04 5.3191E+02
  6.320000E+04 5.2981E+02
  6.330000E+04 5.2786E+02
  6.340000E+04 5.2562E+02
  6.350000E+04 5.2325E+02
  6.360000E+04 5.2181E+02
  6.370000E+04 5.1991E+02
  6.380000E+04 5.1633E+02
  6.390000E+04 5.1193E+02
  6.400000E+04 5.0783E+02
  6.410000E+04 5.0348E+02
  6.420000E+04 4.9988E+02
  6.430000E+04 4.9637E+02
  6.440000E+04 4.9349E+02
  6.450000E+04 4.9042E+02
  6.460000E+04 4.8725E+02
  6.470000E+04 4.8383E+02
  6.480000E+04 4.8105E+02
  6.490000E+04 4.7954E+02
  6.500000E+04 4.7758E+02
  6.510000E+04 4.7533E+02
  6.520000E+04 4.7258E+02
  6.530000E+04 4.6979E+02
  6.540000E+04 4.6687E+02
  6.550000E+04 4.6412E+02
  6.560000E+04 4.6137E+02
  6.570000E+04 4.5764E+02
  6.580000E+04 4.5385E+02
  6.590000E+04 4.5058E+02
  6.600000E+04 4.4748E+02
  6.610000E+04 4.4464E+02
  6.620000E+04 4.4221E+02
  6.630000E+04 4.4017E+02
  6.640000E+04 4.3828E+02
  6.650000E+04 4.3644E+02
  6.660000E+04 4.3475E+02
  6.670000E+04 4.3312E+02
  6.680000E+04 4.3159E+02
  6.690000E+04 4.2932E+02
  6.700000E+04 4.2646E+02
  6.710000E+04 4.2364E+02
  6.720000E+04 4.2090E+02
  6.730000E+04 4.1890E+02
  6.740000E+04 4.1685E+02
  6.750000E+04 4.1444E+02
  6.760000E+04 4.1180E+02
  6.770000E+04 4.0867E+02
  6.780000E+04 4.0634E+02
  6.790000E+04 4.0473E+02
  6.800000E+04 4.0298E+02
  6.810000E+04 4.0117E+02
  6.820000E+04 3.9868E+02
  6.830000E+04 3.9614E+02
  6.840000E+04 3.9418E+02
  6.850000E+04 3.9229E+02
  6.860000E+04 3.9056E+02
  6.870000E+04 3.8848E+02
  6.880000E+04 3.8546E+02
  6.890000E+04 3.8238E+02
  6.900000E+04 3.7911E+02
  6.910000E+04 3.7644E+02
  6.920000E+04 3.7454E+02
  6.930000E+04 3.7264E+02
  6.940000E+04 3.7075E+02
  6.950000E+04 3.6861E+02
  6.960000E+04 3.6627E+02
  6.970000E+04 3.6441E+02
  6.980000E+04 3.6284E+02
  6.990000E+04 3.6123E+02
  7.000000E+04 3.5962E+02
  7.010000E+04 3.5775E+02
  7.020000E+04 3.5579E+02
  7.030000E+04 3.5372E+02
  7.040000E+04 3.5159E+02
  7.050000E+04 3.4977E+02
  7.060000E+04 3.4806E+02
  7.070000E+04 3.4637E+02
  7.080000E+04 3.4471E+02
  7.090000E+04 3.4294E+02
  7.100000E+04 3.4114E+02
  7.110000E+04 3.3934E+02
  7.120000E+04 3.3754E+02
  7.130000E+04 3.3583E+02
  7.140000E+04 3.3415E+02
  7.150000E+04 3.3262E+02
  7.160000E+04 3.3116E+02
  7.170000E+04 3.2966E+02
  7.180000E+04 3.2814E+02
  7.190000E+04 3.2669E+02
  7.200000E+04 3.2525E+02
  7.210000E+04 3.2393E+02
  7.220000E+04 3.2269E+02
  7.230000E+04 3.2139E+02
  7.240000E+04 3.2006E+02
  7.250000E+04 3.1862E+02
  7.260000E+04 3.1699E+02
  7.270000E+04 3.1530E+02
  7.280000E+04 3.1333E+02
  7.290000E+04 3.1148E+02
  7.300000E+04 3.1032E+02
  7.310000E+04 3.0911E+02
  7.320000E+04 3.0738E+02
  7.330000E+04 3.0567E+02
  7.340000E+04 3.0357E+02
  7.350000E+04 3.0149E+02
  7.360000E+04 2.9985E+02
  7.370000E+04 2.9839E+02
  7.380000E+04 2.9704E+02
  7.390000E+04 2.9566E+02
  7.400000E+04 2.9419E+02
  7.410000E+04 2.9255E+02
  7.420000E+04 2.9094E+02
  7.430000E+04 2.8934E+02
  7.440000E+04 2.8776E+02
  7.450000E+04 2.8700E+02
  7.460000E+04 2.8630E+02
  7.470000E+04 2.8493E+02
  7.480000E+04 2.8325E+02
  7.490000E+04 2.8184E+02
  7.500000E+04 2.8070E+02
  7.510000E+04 2.7966E+02
  7.520000E+04 2.7847E+02
  7.530000E+04 2.7729E+02
  7.540000E+04 2.7612E+02
  7.550000E+04 2.7488E+02
  7.560000E+04 2.7286E+02
  7.570000E+04 2.7056E+02
  7.580000E+04 2.6877E+02
  7.590000E+04 2.6755E+02
  7.600000E+04 2.6632E+02
  7.610000E+04 2.6498E+02
  7.620000E+04 2.6364E+02
  7.630000E+04 2.6215E+02
  7.640000E+04 2.6063E+02
  7.650000E+04 2.5895E+02
  7.660000E+04 2.5712E+02
  7.670000E+04 2.5544E+02
  7.680000E+04 2.5485E+02
  7.690000E+04 2.5428E+02
  7.700000E+04 2.5348E+02
  7.710000E+04 2.5266E+02
  7.720000E+04 2.5169E+02
  7.730000E+04 2.5051E+02
  7.740000E+04 2.4933E+02
  7.750000E+04 2.4796E+02
  7.760000E+04 2.4659E+02
  7.770000E+04 2.4564E+02
  7.780000E+04 2.4496E+02
  7.790000E+04 2.4414E+02
  7.800000E+04 2.4267E+02
  7.810000E+04 2.4121E+02
  7.820000E+04 2.3968E+02
  7.830000E+04 2.3813E+02
  7.840000E+04 2.3670E+02
  7.850000E+04 2.3552E+02
  7.860000E+04 2.3434E+02
  7.870000E+04 2.3323E+02
  7.880000E+04 2.3215E+02
  7.890000E+04 2.3114E+02
  7.900000E+04 2.3027E+02
  7.910000E+04 2.2940E+02
  7.920000E+04 2.2863E+02
  7.930000E+04 2.2788E+02
  7.940000E+04 2.2705E+02
  7.950000E+04 2.2608E+02
  7.960000E+04 2.2511E+02
  7.970000E+04 2.2400E+02
  7.980000E+04 2.2287E+02
  7.990000E+04 2.2180E+02
  8.000000E+04 2.2101E+02
  8.010000E+04 2.2022E+02
  8.020000E+04 2.1900E+02
  8.030000E+04 2.1764E+02
  8.040000E+04 2.1635E+02
  8.050000E+04 2.1536E+02
  8.060000E+04 2.1439E+02
  8.070000E+04 2.1345E+02
  8.080000E+04 2.1254E+02
  8.090000E+04 2.1163E+02
  8.100000E+04 2.1062E+02
  8.110000E+04 2.0956E+02
  8.120000E+04 2.0851E+02
  8.130000E+04 2.0747E+02
  8.140000E+04 2.0644E+02
  8.150000E+04 2.0553E+02
  8.160000E+04 2.0468E+02
  8.170000E+04 2.0383E+02
  8.180000E+04 2.0277E+02
  8.190000E+04 2.0171E+02
  8.200000E+04 2.0059E+02
  8.210000E+04 1.9938E+02
  8.220000E+04 1.9817E+02
  8.230000E+04 1.9720E+02
  8.240000E+04 1.9636E+02
  8.250000E+04 1.9552E+02
  8.260000E+04 1.9467E+02
  8.270000E+04 1.9382E+02
  8.280000E+04 1.9299E+02
  8.290000E+04 1.9218E+02
  8.300000E+04 1.9137E+02
  8.310000E+04 1.9051E+02
  8.320000E+04 1.8961E+02
  8.330000E+04 1.8872E+02
  8.340000E+04 1.8806E+02
  8.350000E+04 1.8755E+02
  8.360000E+04 1.8705E+02
  8.370000E+04 1.8622E+02
  8.380000E+04 1.8535E+02
  8.390000E+04 1.8450E+02
  8.400000E+04 1.8369E+02
  8.410000E+04 1.8288E+02
  8.420000E+04 1.8207E+02
  8.430000E+04 1.8121E+02
  8.440000E+04 1.8036E+02
  8.450000E+04 1.7955E+02
  8.460000E+04 1.7880E+02
  8.470000E+04 1.7805E+02
  8.480000E+04 1.7726E+02
  8.490000E+04 1.7644E+02
  8.500000E+04 1.7563E+02
  8.510000E+04 1.7494E+02
  8.520000E+04 1.7433E+02
  8.530000E+04 1.7371E+02
  8.540000E+04 1.7308E+02
  8.550000E+04 1.7243E+02
  8.560000E+04 1.7179E+02
  8.570000E+04 1.7109E+02
  8.580000E+04 1.7038E+02
  8.590000E+04 1.6967E+02
  8.600000E+04 1.6897E+02
  8.610000E+04 1.6827E+02
  8.620000E+04 1.6758E+02
  8.630000E+04 1.6690E+02
  8.640000E+04 1.6622E+02
  8.650000E+04 1.6554E+02
  8.660000E+04 1.6481E+02
  8.670000E+04 1.6407E+02
  8.680000E+04 1.6334E+02
  8.690000E+04 1.6269E+02
  8.700000E+04 1.6206E+02
  8.710000E+04 1.6142E+02
  8.720000E+04 1.6088E+02
  8.730000E+04 1.6034E+02
  8.740000E+04 1.5981E+02
  8.750000E+04 1.5928E+02
  8.760000E+04 1.5876E+02
  8.770000E+04 1.5824E+02
  8.780000E+04 1.5779E+02
  8.790000E+04 1.5737E+02
  8.800000E+04 1.5694E+02
  8.810000E+04 1.5653E+02
  8.820000E+04 1.5613E+02
  8.830000E+04 1.5574E+02
  8.840000E+04 1.5516E+02
  8.850000E+04 1.5446E+02
  8.860000E+04 1.5377E+02
  8.870000E+04 1.5317E+02
  8.880000E+04 1.5269E+02
  8.890000E+04 1.5222E+02
  8.900000E+04 1.5167E+02
  8.910000E+04 1.5097E+02
  8.920000E+04 1.5027E+02
  8.930000E+04 1.4959E+02
  8.940000E+04 1.4894E+02
  8.950000E+04 1.4827E+02
  8.960000E+04 1.4760E+02
  8.970000E+04 1.4695E+02
  8.980000E+04 1.4632E+02
  8.990000E+04 1.4572E+02
  9.000000E+04 1.4522E+02
  9.010000E+04 1.4477E+02
  9.020000E+04 1.4431E+02
  9.030000E+04 1.4369E+02
  9.040000E+04 1.4289E+02
  9.050000E+04 1.4209E+02
  9.060000E+04 1.4134E+02
  9.070000E+04 1.4071E+02
  9.080000E+04 1.4009E+02
  9.090000E+04 1.3946E+02
  9.100000E+04 1.3875E+02
  9.110000E+04 1.3806E+02
  9.120000E+04 1.3738E+02
  9.130000E+04 1.3675E+02
  9.140000E+04 1.3616E+02
  9.150000E+04 1.3556E+02
  9.160000E+04 1.3499E+02
  9.170000E+04 1.3448E+02
  9.180000E+04 1.3398E+02
  9.190000E+04 1.3348E+02
  9.200000E+04 1.3311E+02
  9.210000E+04 1.3276E+02
  9.220000E+04 1.3242E+02
  9.230000E+04 1.3213E+02
  9.240000E+04 1.3192E+02
  9.250000E+04 1.3171E+02
  9.260000E+04 1.3149E+02
  9.270000E+04 1.3113E+02
  9.280000E+04 1.3078E+02
  9.290000E+04 1.3043E+02
  9.300000E+04 1.2986E+02
  9.310000E+04 1.2915E+02
  9.320000E+04 1.2845E+02
  9.330000E+04 1.2777E+02
  9.340000E+04 1.2716E+02
  9.350000E+04 1.2656E+02
  9.360000E+04 1.2597E+02
  9.370000E+04 1.2542E+02
  9.380000E+04 1.2488E+02
  9.390000E+04 1.2435E+02
  9.400000E+04 1.2381E+02
  9.410000E+04 1.2323E+02
  9.420000E+04 1.2265E+02
  9.430000E+04 1.2207E+02
  9.440000E+04 1.2161E+02
  9.450000E+04 1.2123E+02
  9.460000E+04 1.2086E+02
  9.470000E+04 1.2050E+02
  9.480000E+04 1.2031E+02
  9.490000E+04 1.2013E+02
  9.500000E+04 1.1994E+02
  9.510000E+04 1.1965E+02
  9.520000E+04 1.1921E+02
  9.530000E+04 1.1877E+02
  9.540000E+04 1.1833E+02
  9.550000E+04 1.1782E+02
  9.560000E+04 1.1730E+02
  9.570000E+04 1.1678E+02
  9.580000E+04 1.1628E+02
  9.590000E+04 1.1592E+02
  9.600000E+04 1.1556E+02
  9.610000E+04 1.1520E+02
  9.620000E+04 1.1476E+02
  9.630000E+04 1.1423E+02
  9.640000E+04 1.1370E+02
  9.650000E+04 1.1318E+02
  9.660000E+04 1.1255E+02
  9.670000E+04 1.1189E+02
  9.680000E+04 1.1124E+02
  9.690000E+04 1.1059E+02
  9.700000E+04 1.1039E+02
  9.710000E+04 1.1017E+02
  9.720000E+04 1.0995E+02
  9.730000E+04 1.0973E+02
  9.740000E+04 1.0949E+02
  9.750000E+04 1.0929E+02
  9.760000E+04 1.0908E+02
  9.770000E+04 1.0878E+02
  9.780000E+04 1.0835E+02
  9.790000E+04 1.0792E+02
  9.800000E+04 1.0749E+02
  9.810000E+04 1.0712E+02
  9.820000E+04 1.0678E+02
  9.830000E+04 1.0644E+02
  9.840000E+04 1.0610E+02
  9.850000E+04 1.0587E+02
  9.860000E+04 1.0568E+02
  9.870000E+04 1.0549E+02
  9.880000E+04 1.0530E+02
  9.890000E+04 1.0488E+02
  9.900000E+04 1.0443E+02
  9.910000E+04 1.0398E+02
  9.920000E+04 1.0353E+02
  9.930000E+04 1.0297E+02
  9.940000E+04 1.0242E+02
  9.950000E+04 1.0187E+02
  9.960000E+04 1.0133E+02
  9.970000E+04 1.0080E+02
  9.980000E+04 1.0028E+02
  9.990000E+04 9.9764E+01
  1.000000E+05 9.9250E+01
  1.002000E+05 9.8403E+01
  1.050000E+05 8.2757E+01
  1.100000E+05 6.7891E+01
  1.130000E+05 6.1415E+01
  1.160000E+05 5.4161E+01
  1.200000E+05 4.7215E+01
  1.250000E+05 4.2844E+01
  1.300000E+05 3.6502E+01
  1.350000E+05 3.1292E+01
  1.400000E+05 2.6979E+01
  1.450000E+05 2.3386E+01
  1.500000E+05 2.0371E+01
  1.600000E+05 1.5670E+01
  1.700000E+05 1.2251E+01
  1.800000E+05 9.7167E+00
  1.900000E+05 7.8060E+00
  2.000000E+05 6.3433E+00
  2.200000E+05 4.3439E+00
  2.300000E+05 3.6408E+00
  2.400000E+05 3.0745E+00
  2.500000E+05 2.6142E+00
  2.600000E+05 2.2371E+00
  2.700000E+05 1.9257E+00
  2.800000E+05 1.6666E+00
  3.000000E+05 1.2671E+00
  3.500000E+05 6.8693E-01
  4.000000E+05 4.0419E-01
  4.500000E+05 2.5255E-01
  5.000000E+05 1.6583E-01
  5.500000E+05 1.1334E-01
  6.000000E+05 8.0082E-02
  6.500000E+05 5.8135E-02
  7.000000E+05 4.3218E-02
  7.500000E+05 3.2792E-02
  8.000000E+05 2.5329E-02
  8.500000E+05 1.9868E-02
  9.000000E+05 1.5801E-02
  9.500000E+05 1.2724E-02
  1.000000E+06 1.0361E-02
  1.050000E+06 8.5199E-03
  1.100000E+06 7.0703E-03
  1.200000E+06 4.9882E-03
  1.300000E+06 3.6183E-03
  1.400000E+06 2.6878E-03
  1.500000E+06 2.0378E-03
  1.600000E+06 1.5728E-03
  2.000000E+06 6.4534E-04
  2.500000E+06 2.6433E-04
  3.000000E+06 1.2748E-04
  4.000000E+06 4.0334E-05
  5.000000E+06 1.6521E-05
  7.000000E+06 4.3005E-06
  1.000000E+07 1.0326E-06
  1.500000E+07 2.0396E-07
  2.250000E+07 4.0289E-08
  3.350000E+07 8.1985E-09
  5.000000E+07 1.6521E-09
  7.400000E+07 3.4434E-10
  1.100000E+08 7.0525E-11
  1.300000E+08 3.6153E-11
  1.600000E+08 1.5756E-11
  2.400000E+08 3.1122E-12
  3.600000E+08 6.1476E-13
