# File: out_constant_SFH.ised
# Column            2
# Age(yr)       6.000E+08
# Lambda(A)       Flux   
  9.100000E+01 6.1826E+03
  9.400000E+01 7.1537E+03
  9.600000E+01 7.6631E+03
  9.800000E+01 4.1320E+04
  1.000000E+02 1.2619E+05
  1.020000E+02 1.3555E+05
  1.040000E+02 1.2883E+05
  1.060000E+02 1.3064E+05
  1.080000E+02 1.3473E+05
  1.100000E+02 1.4984E+05
  1.140000E+02 1.5837E+05
  1.180000E+02 1.5063E+05
  1.210000E+02 1.9470E+05
  1.250000E+02 2.0188E+05
  1.270000E+02 2.0736E+05
  1.280000E+02 2.0914E+05
  1.310000E+02 2.0301E+05
  1.320000E+02 2.0860E+05
  1.340000E+02 1.9896E+05
  1.370000E+02 2.2216E+05
  1.400000E+02 2.2309E+05
  1.430000E+02 2.7938E+05
  1.470000E+02 3.4899E+05
  1.500000E+02 2.9748E+05
  1.510000E+02 3.2166E+05
  1.550000E+02 3.5272E+05
  1.590000E+02 3.5392E+05
  1.620000E+02 3.5460E+05
  1.660000E+02 3.5686E+05
  1.700000E+02 3.5668E+05
  1.730000E+02 2.6047E+05
  1.770000E+02 3.5942E+05
  1.800000E+02 3.5991E+05
  1.820000E+02 3.5982E+05
  1.860000E+02 3.6049E+05
  1.910000E+02 3.6082E+05
  1.940000E+02 3.6321E+05
  1.980000E+02 3.6316E+05
  2.000000E+02 3.6294E+05
  2.020000E+02 3.6337E+05
  2.050000E+02 3.6308E+05
  2.100000E+02 3.5602E+05
  2.160000E+02 3.6309E+05
  2.200000E+02 3.6396E+05
  2.230000E+02 3.5956E+05
  2.270000E+02 3.6439E+05
  2.300000E+02 4.5840E+05
  2.340000E+02 6.5300E+05
  2.400000E+02 7.4562E+05
  2.460000E+02 6.7674E+05
  2.520000E+02 7.2769E+05
  2.570000E+02 6.8880E+05
  2.600000E+02 7.1541E+05
  2.640000E+02 9.3675E+05
  2.690000E+02 9.7111E+05
  2.740000E+02 9.9354E+05
  2.790000E+02 8.4108E+05
  2.840000E+02 1.0280E+06
  2.900000E+02 1.0944E+06
  2.960000E+02 9.8833E+05
  3.000000E+02 9.1002E+05
  3.010000E+02 8.8907E+05
  3.080000E+02 9.5710E+05
  3.180000E+02 9.3386E+05
  3.280000E+02 9.6631E+05
  3.380000E+02 9.0254E+05
  3.480000E+02 8.4795E+05
  3.570000E+02 1.1482E+06
  3.660000E+02 1.7568E+06
  3.750000E+02 1.7222E+06
  3.850000E+02 1.3477E+06
  3.950000E+02 1.9967E+06
  4.000000E+02 2.2125E+06
  4.050000E+02 2.4566E+06
  4.140000E+02 2.4189E+06
  4.220000E+02 2.1734E+06
  4.300000E+02 2.0589E+06
  4.410000E+02 2.3837E+06
  4.510000E+02 2.4032E+06
  4.600000E+02 2.0899E+06
  4.700000E+02 2.1045E+06
  4.800000E+02 2.3383E+06
  4.900000E+02 1.9606E+06
  5.000000E+02 2.3918E+06
  5.060000E+02 2.0298E+06
  5.120000E+02 3.0614E+06
  5.200000E+02 2.8785E+06
  5.300000E+02 2.6254E+06
  5.400000E+02 2.1163E+06
  5.500000E+02 2.0073E+06
  5.600000E+02 2.5963E+06
  5.700000E+02 2.8635E+06
  5.800000E+02 2.7642E+06
  5.900000E+02 2.7648E+06
  6.000000E+02 2.2975E+06
  6.100000E+02 2.1598E+06
  6.200000E+02 2.6958E+06
  6.300000E+02 2.4839E+06
  6.400000E+02 2.7094E+06
  6.500000E+02 2.5590E+06
  6.580000E+02 2.3189E+06
  6.650000E+02 2.5874E+06
  6.750000E+02 2.6665E+06
  6.850000E+02 2.2602E+06
  6.950000E+02 2.5638E+06
  7.000000E+02 2.2913E+06
  7.050000E+02 2.0538E+06
  7.160000E+02 2.5508E+06
  7.260000E+02 2.5415E+06
  7.350000E+02 2.5138E+06
  7.450000E+02 2.3910E+06
  7.550000E+02 2.3356E+06
  7.650000E+02 2.0588E+06
  7.750000E+02 2.2674E+06
  7.850000E+02 2.0342E+06
  7.950000E+02 2.1645E+06
  8.000000E+02 2.1787E+06
  8.050000E+02 2.1936E+06
  8.150000E+02 2.1714E+06
  8.250000E+02 2.1699E+06
  8.350000E+02 1.7183E+06
  8.450000E+02 2.0681E+06
  8.550000E+02 2.0009E+06
  8.650000E+02 2.0440E+06
  8.750000E+02 2.0233E+06
  8.850000E+02 1.9956E+06
  8.950000E+02 1.9724E+06
  9.000000E+02 1.9403E+06
  9.050000E+02 1.9089E+06
  9.150000E+02 1.7955E+06
  9.250000E+02 3.8542E+06
  9.350000E+02 5.8936E+06
  9.450000E+02 7.6716E+06
  9.550000E+02 8.7516E+06
  9.650000E+02 9.3203E+06
  9.750000E+02 3.7945E+06
  9.850000E+02 7.2382E+06
  9.950000E+02 6.9391E+06
  1.000000E+03 7.6730E+06
  1.005000E+03 8.5405E+06
  1.015000E+03 8.6827E+06
  1.025000E+03 6.0938E+06
  1.035000E+03 7.5146E+06
  1.045000E+03 1.0063E+07
  1.055000E+03 9.5873E+06
  1.065000E+03 8.0344E+06
  1.075000E+03 8.7356E+06
  1.085000E+03 7.5866E+06
  1.095000E+03 8.7895E+06
  1.100000E+03 8.5479E+06
  1.105000E+03 8.3365E+06
  1.115000E+03 8.0670E+06
  1.125000E+03 7.0612E+06
  1.135000E+03 8.2840E+06
  1.145000E+03 7.7780E+06
  1.155000E+03 7.7509E+06
  1.165000E+03 7.5795E+06
  1.175000E+03 5.1878E+06
  1.185000E+03 7.1121E+06
  1.195000E+03 6.0060E+06
  1.200000E+03 5.5103E+06
  1.205000E+03 5.1026E+06
  1.215000E+03 4.1345E+06
  1.225000E+03 5.7037E+06
  1.235000E+03 6.8412E+06
  1.245000E+03 7.0204E+06
  1.255000E+03 6.7753E+06
  1.265000E+03 6.4045E+06
  1.275000E+03 7.1941E+06
  1.285000E+03 7.2909E+06
  1.295000E+03 6.2170E+06
  1.300000E+03 6.1865E+06
  1.305000E+03 6.1669E+06
  1.315000E+03 7.0168E+06
  1.325000E+03 6.6788E+06
  1.335000E+03 6.1819E+06
  1.345000E+03 6.7036E+06
  1.355000E+03 6.4723E+06
  1.365000E+03 5.9433E+06
  1.375000E+03 5.9407E+06
  1.385000E+03 5.8607E+06
  1.395000E+03 4.5409E+06
  1.400000E+03 4.4766E+06
  1.405000E+03 4.4270E+06
  1.415000E+03 5.3866E+06
  1.425000E+03 5.2543E+06
  1.435000E+03 5.3682E+06
  1.442000E+03 5.4552E+06
  1.447000E+03 5.4616E+06
  1.455000E+03 5.2583E+06
  1.465000E+03 4.9268E+06
  1.475000E+03 4.9320E+06
  1.485000E+03 4.9580E+06
  1.495000E+03 4.9063E+06
  1.500000E+03 4.7714E+06
  1.505000E+03 4.6424E+06
  1.512000E+03 4.2471E+06
  1.517000E+03 4.4089E+06
  1.525000E+03 4.3124E+06
  1.535000E+03 3.7191E+06
  1.545000E+03 3.5125E+06
  1.555000E+03 3.4413E+06
  1.565000E+03 3.7318E+06
  1.575000E+03 3.9444E+06
  1.585000E+03 4.0343E+06
  1.595000E+03 4.0432E+06
  1.600000E+03 3.9842E+06
  1.605000E+03 3.9275E+06
  1.615000E+03 3.8606E+06
  1.625000E+03 3.7446E+06
  1.635000E+03 3.9038E+06
  1.645000E+03 3.8977E+06
  1.655000E+03 3.7427E+06
  1.665000E+03 3.8872E+06
  1.672000E+03 3.5392E+06
  1.677000E+03 3.9730E+06
  1.685000E+03 3.9739E+06
  1.695000E+03 3.7643E+06
  1.700000E+03 3.7010E+06
  1.705000E+03 3.6395E+06
  1.715000E+03 3.4337E+06
  1.725000E+03 3.3684E+06
  1.735000E+03 3.5296E+06
  1.745000E+03 3.4493E+06
  1.755000E+03 3.5414E+06
  1.765000E+03 3.3530E+06
  1.775000E+03 3.3023E+06
  1.785000E+03 3.3510E+06
  1.795000E+03 3.4392E+06
  1.800000E+03 3.4285E+06
  1.805000E+03 3.4183E+06
  1.815000E+03 3.1630E+06
  1.825000E+03 3.2030E+06
  1.835000E+03 3.1056E+06
  1.845000E+03 2.8797E+06
  1.855000E+03 2.8780E+06
  1.865000E+03 2.9154E+06
  1.875000E+03 3.0444E+06
  1.885000E+03 2.8039E+06
  1.895000E+03 2.6816E+06
  1.900000E+03 2.7503E+06
  1.905000E+03 2.8227E+06
  1.915000E+03 2.6957E+06
  1.925000E+03 2.5963E+06
  1.935000E+03 2.7092E+06
  1.945000E+03 2.7599E+06
  1.955000E+03 2.5444E+06
  1.967000E+03 2.7289E+06
  1.976000E+03 2.7910E+06
  1.984000E+03 2.6418E+06
  1.995000E+03 2.5654E+06
  2.000000E+03 2.5972E+06
  2.005000E+03 2.6300E+06
  2.015000E+03 2.5584E+06
  2.025000E+03 2.6324E+06
  2.035000E+03 2.4680E+06
  2.045000E+03 2.5112E+06
  2.055000E+03 2.2651E+06
  2.065000E+03 2.3341E+06
  2.074000E+03 2.5380E+06
  2.078000E+03 2.3836E+06
  2.085000E+03 2.4522E+06
  2.095000E+03 2.3248E+06
  2.100000E+03 2.3362E+06
  2.105000E+03 2.3482E+06
  2.115000E+03 2.3597E+06
  2.125000E+03 2.3642E+06
  2.135000E+03 2.2581E+06
  2.145000E+03 2.2355E+06
  2.155000E+03 2.2965E+06
  2.165000E+03 2.2310E+06
  2.175000E+03 2.2127E+06
  2.185000E+03 2.1499E+06
  2.195000E+03 2.2105E+06
  2.200000E+03 2.1858E+06
  2.205000E+03 2.1615E+06
  2.215000E+03 2.0815E+06
  2.225000E+03 2.0253E+06
  2.235000E+03 2.0715E+06
  2.245000E+03 2.0131E+06
  2.255000E+03 1.9462E+06
  2.265000E+03 1.9714E+06
  2.275000E+03 1.9805E+06
  2.285000E+03 1.9823E+06
  2.295000E+03 1.8675E+06
  2.300000E+03 1.8720E+06
  2.305000E+03 1.8772E+06
  2.315000E+03 1.8139E+06
  2.325000E+03 1.5482E+06
  2.335000E+03 1.7245E+06
  2.345000E+03 1.6996E+06
  2.355000E+03 1.7373E+06
  2.365000E+03 1.6620E+06
  2.375000E+03 1.6597E+06
  2.385000E+03 1.5842E+06
  2.395000E+03 1.6338E+06
  2.400000E+03 1.6083E+06
  2.405000E+03 1.5834E+06
  2.415000E+03 1.5896E+06
  2.425000E+03 1.6172E+06
  2.435000E+03 1.5600E+06
  2.445000E+03 1.5981E+06
  2.455000E+03 1.5712E+06
  2.465000E+03 1.5543E+06
  2.475000E+03 1.5131E+06
  2.485000E+03 1.5225E+06
  2.495000E+03 1.3406E+06
  2.500000E+03 1.4222E+06
  2.505000E+03 1.5113E+06
  2.513000E+03 1.4135E+06
  2.518000E+03 1.4629E+06
  2.525000E+03 1.4235E+06
  2.535000E+03 1.4200E+06
  2.545000E+03 1.3858E+06
  2.555000E+03 1.4196E+06
  2.565000E+03 1.3988E+06
  2.575000E+03 1.4292E+06
  2.585000E+03 1.4119E+06
  2.595000E+03 1.3925E+06
  2.600000E+03 1.3764E+06
  2.605000E+03 1.3607E+06
  2.615000E+03 1.3404E+06
  2.625000E+03 1.3552E+06
  2.635000E+03 1.3536E+06
  2.645000E+03 1.3881E+06
  2.655000E+03 1.3791E+06
  2.665000E+03 1.3098E+06
  2.675000E+03 1.3278E+06
  2.685000E+03 1.3171E+06
  2.695000E+03 1.2764E+06
  2.700000E+03 1.2767E+06
  2.705000E+03 1.2772E+06
  2.715000E+03 1.2466E+06
  2.725000E+03 1.2433E+06
  2.735000E+03 1.2587E+06
  2.745000E+03 1.1812E+06
  2.755000E+03 1.1785E+06
  2.765000E+03 1.1855E+06
  2.775000E+03 1.2088E+06
  2.785000E+03 1.1826E+06
  2.795000E+03 1.0592E+06
  2.800000E+03 1.0777E+06
  2.805000E+03 1.0971E+06
  2.815000E+03 1.1749E+06
  2.825000E+03 1.1747E+06
  2.835000E+03 1.1305E+06
  2.845000E+03 1.1188E+06
  2.855000E+03 1.1052E+06
  2.865000E+03 1.1280E+06
  2.875000E+03 1.1096E+06
  2.885000E+03 1.1064E+06
  2.895000E+03 1.0891E+06
  2.900000E+03 1.0950E+06
  2.910000E+03 1.1081E+06
  2.930000E+03 1.0800E+06
  2.950000E+03 1.0557E+06
  2.970000E+03 1.0466E+06
  2.990000E+03 1.0307E+06
  3.000000E+03 1.0240E+06
  3.010000E+03 1.0175E+06
  3.030000E+03 1.0050E+06
  3.050000E+03 9.8928E+05
  3.070000E+03 9.7437E+05
  3.090000E+03 9.6007E+05
  3.100000E+03 9.5213E+05
  3.110000E+03 9.4453E+05
  3.130000E+03 9.2610E+05
  3.150000E+03 9.1796E+05
  3.170000E+03 9.0054E+05
  3.190000E+03 8.7185E+05
  3.200000E+03 8.7082E+05
  3.210000E+03 8.6995E+05
  3.230000E+03 8.5044E+05
  3.250000E+03 8.4829E+05
  3.270000E+03 8.3999E+05
  3.290000E+03 8.2877E+05
  3.300000E+03 8.2355E+05
  3.310000E+03 8.1846E+05
  3.330000E+03 8.0276E+05
  3.350000E+03 7.8669E+05
  3.370000E+03 7.7093E+05
  3.390000E+03 7.6181E+05
  3.400000E+03 7.5849E+05
  3.410000E+03 7.5526E+05
  3.430000E+03 7.4192E+05
  3.450000E+03 7.3246E+05
  3.470000E+03 7.2329E+05
  3.490000E+03 7.1588E+05
  3.500000E+03 7.1363E+05
  3.510000E+03 7.1146E+05
  3.530000E+03 6.9944E+05
  3.550000E+03 6.9493E+05
  3.570000E+03 6.7362E+05
  3.590000E+03 6.6214E+05
  3.600000E+03 6.6046E+05
  3.610000E+03 6.5937E+05
  3.630000E+03 6.5447E+05
  3.640000E+03 6.5170E+05
  3.650000E+03 6.5714E+05
  3.670000E+03 6.4324E+05
  3.690000E+03 6.0781E+05
  3.700000E+03 6.2049E+05
  3.710000E+03 6.3464E+05
  3.730000E+03 6.2556E+05
  3.750000E+03 7.1246E+05
  3.770000E+03 7.2609E+05
  3.790000E+03 8.0192E+05
  3.800000E+03 8.3424E+05
  3.810000E+03 8.6862E+05
  3.830000E+03 7.2834E+05
  3.850000E+03 8.9211E+05
  3.870000E+03 9.3728E+05
  3.890000E+03 6.8344E+05
  3.900000E+03 7.9669E+05
  3.910000E+03 9.3629E+05
  3.930000E+03 8.6360E+05
  3.950000E+03 8.9832E+05
  3.970000E+03 6.2030E+05
  3.990000E+03 8.9598E+05
  4.000000E+03 9.1720E+05
  4.010000E+03 9.4003E+05
  4.030000E+03 9.2231E+05
  4.050000E+03 9.1946E+05
  4.070000E+03 8.8282E+05
  4.090000E+03 7.8929E+05
  4.100000E+03 7.2478E+05
  4.110000E+03 6.6690E+05
  4.130000E+03 8.4051E+05
  4.150000E+03 8.5686E+05
  4.170000E+03 8.5020E+05
  4.190000E+03 8.4196E+05
  4.200000E+03 8.3944E+05
  4.210000E+03 8.3723E+05
  4.230000E+03 8.2290E+05
  4.250000E+03 8.1537E+05
  4.270000E+03 7.9033E+05
  4.290000E+03 7.8375E+05
  4.300000E+03 7.6303E+05
  4.310000E+03 7.4325E+05
  4.330000E+03 6.6207E+05
  4.350000E+03 5.9555E+05
  4.370000E+03 7.4883E+05
  4.390000E+03 7.3899E+05
  4.400000E+03 7.3987E+05
  4.410000E+03 7.4094E+05
  4.430000E+03 7.3876E+05
  4.450000E+03 7.3720E+05
  4.470000E+03 7.2670E+05
  4.490000E+03 7.2406E+05
  4.500000E+03 7.3094E+05
  4.510000E+03 7.3850E+05
  4.530000E+03 7.1104E+05
  4.550000E+03 7.0245E+05
  4.570000E+03 7.1298E+05
  4.590000E+03 6.9348E+05
  4.600000E+03 6.9368E+05
  4.610000E+03 6.9395E+05
  4.630000E+03 6.7616E+05
  4.650000E+03 6.7346E+05
  4.670000E+03 6.7277E+05
  4.690000E+03 6.5944E+05
  4.700000E+03 6.4988E+05
  4.710000E+03 6.4050E+05
  4.730000E+03 6.5088E+05
  4.750000E+03 6.4986E+05
  4.770000E+03 6.4537E+05
  4.790000E+03 6.3564E+05
  4.800000E+03 6.2909E+05
  4.810000E+03 6.2263E+05
  4.830000E+03 6.1192E+05
  4.850000E+03 5.3594E+05
  4.870000E+03 4.6485E+05
  4.890000E+03 5.8310E+05
  4.900000E+03 5.8650E+05
  4.910000E+03 5.9003E+05
  4.930000E+03 5.7889E+05
  4.950000E+03 5.8751E+05
  4.970000E+03 5.7985E+05
  4.990000E+03 5.6141E+05
  5.000000E+03 5.5126E+05
  5.010000E+03 5.4137E+05
  5.030000E+03 5.5056E+05
  5.050000E+03 5.4210E+05
  5.070000E+03 5.5004E+05
  5.090000E+03 5.3556E+05
  5.100000E+03 5.3462E+05
  5.110000E+03 5.3378E+05
  5.130000E+03 5.2234E+05
  5.150000E+03 5.1149E+05
  5.170000E+03 4.9741E+05
  5.190000E+03 4.9774E+05
  5.200000E+03 4.9856E+05
  5.210000E+03 4.9955E+05
  5.230000E+03 5.0038E+05
  5.250000E+03 5.0382E+05
  5.270000E+03 4.8025E+05
  5.290000E+03 4.9776E+05
  5.300000E+03 4.9846E+05
  5.310000E+03 4.9935E+05
  5.330000E+03 4.7818E+05
  5.350000E+03 4.8902E+05
  5.370000E+03 4.8499E+05
  5.390000E+03 4.7571E+05
  5.400000E+03 4.7210E+05
  5.410000E+03 4.6853E+05
  5.430000E+03 4.6732E+05
  5.450000E+03 4.7014E+05
  5.470000E+03 4.5972E+05
  5.490000E+03 4.5654E+05
  5.500000E+03 4.5433E+05
  5.510000E+03 4.5214E+05
  5.530000E+03 4.5270E+05
  5.550000E+03 4.5259E+05
  5.570000E+03 4.4657E+05
  5.590000E+03 4.3845E+05
  5.600000E+03 4.3998E+05
  5.610000E+03 4.4167E+05
  5.630000E+03 4.3503E+05
  5.650000E+03 4.3279E+05
  5.670000E+03 4.2606E+05
  5.690000E+03 4.2894E+05
  5.700000E+03 4.2504E+05
  5.710000E+03 4.2126E+05
  5.730000E+03 4.3193E+05
  5.750000E+03 4.2037E+05
  5.770000E+03 4.2068E+05
  5.790000E+03 4.1071E+05
  5.800000E+03 4.1290E+05
  5.810000E+03 4.1525E+05
  5.830000E+03 4.1740E+05
  5.850000E+03 4.0891E+05
  5.870000E+03 4.0342E+05
  5.890000E+03 3.8741E+05
  5.900000E+03 3.9233E+05
  5.910000E+03 3.9772E+05
  5.930000E+03 3.9590E+05
  5.950000E+03 3.9248E+05
  5.970000E+03 3.9386E+05
  5.990000E+03 3.8713E+05
  6.000000E+03 3.8508E+05
  6.010000E+03 3.8316E+05
  6.030000E+03 3.8562E+05
  6.050000E+03 3.8597E+05
  6.070000E+03 3.8398E+05
  6.090000E+03 3.7462E+05
  6.100000E+03 3.7386E+05
  6.110000E+03 3.7313E+05
  6.130000E+03 3.6204E+05
  6.150000E+03 3.6102E+05
  6.170000E+03 3.5446E+05
  6.190000E+03 3.6013E+05
  6.200000E+03 3.5830E+05
  6.210000E+03 3.5643E+05
  6.230000E+03 3.4828E+05
  6.250000E+03 3.3941E+05
  6.270000E+03 3.4732E+05
  6.290000E+03 3.4894E+05
  6.300000E+03 3.4561E+05
  6.310000E+03 3.4236E+05
  6.330000E+03 3.4382E+05
  6.350000E+03 3.3981E+05
  6.370000E+03 3.3782E+05
  6.390000E+03 3.4041E+05
  6.400000E+03 3.3817E+05
  6.410000E+03 3.3570E+05
  6.430000E+03 3.3562E+05
  6.450000E+03 3.3287E+05
  6.470000E+03 3.3167E+05
  6.490000E+03 3.2489E+05
  6.500000E+03 3.2621E+05
  6.510000E+03 3.2754E+05
  6.530000E+03 3.2281E+05
  6.550000E+03 3.0422E+05
  6.570000E+03 2.7171E+05
  6.590000E+03 3.1314E+05
  6.600000E+03 3.1578E+05
  6.610000E+03 3.1857E+05
  6.630000E+03 3.1640E+05
  6.650000E+03 3.1428E+05
  6.670000E+03 3.0855E+05
  6.690000E+03 3.1078E+05
  6.700000E+03 3.0713E+05
  6.710000E+03 3.0358E+05
  6.730000E+03 3.0640E+05
  6.750000E+03 3.0193E+05
  6.770000E+03 3.0215E+05
  6.790000E+03 2.9855E+05
  6.800000E+03 2.9835E+05
  6.810000E+03 2.9821E+05
  6.830000E+03 2.9836E+05
  6.850000E+03 2.9318E+05
  6.870000E+03 2.9474E+05
  6.890000E+03 2.9607E+05
  6.900000E+03 2.9504E+05
  6.910000E+03 2.9387E+05
  6.930000E+03 2.9071E+05
  6.950000E+03 2.8762E+05
  6.970000E+03 2.8815E+05
  6.990000E+03 2.8611E+05
  7.000000E+03 2.8328E+05
  7.010000E+03 2.8105E+05
  7.030000E+03 2.8245E+05
  7.050000E+03 2.8121E+05
  7.070000E+03 2.7476E+05
  7.090000E+03 2.7049E+05
  7.100000E+03 2.6731E+05
  7.110000E+03 2.6455E+05
  7.130000E+03 2.6069E+05
  7.150000E+03 2.6034E+05
  7.170000E+03 2.6077E+05
  7.190000E+03 2.5700E+05
  7.200000E+03 2.5869E+05
  7.210000E+03 2.6059E+05
  7.230000E+03 2.6184E+05
  7.250000E+03 2.6186E+05
  7.270000E+03 2.6083E+05
  7.290000E+03 2.5677E+05
  7.300000E+03 2.5800E+05
  7.310000E+03 2.5988E+05
  7.330000E+03 2.5921E+05
  7.350000E+03 2.5892E+05
  7.370000E+03 2.6193E+05
  7.390000E+03 2.5701E+05
  7.400000E+03 2.5640E+05
  7.410000E+03 2.5563E+05
  7.430000E+03 2.5687E+05
  7.450000E+03 2.5624E+05
  7.470000E+03 2.5594E+05
  7.490000E+03 2.5407E+05
  7.500000E+03 2.5451E+05
  7.510000E+03 2.5524E+05
  7.530000E+03 2.5618E+05
  7.550000E+03 2.5612E+05
  7.570000E+03 2.5382E+05
  7.590000E+03 2.5055E+05
  7.600000E+03 2.4954E+05
  7.610000E+03 2.4843E+05
  7.630000E+03 2.4668E+05
  7.650000E+03 2.4409E+05
  7.670000E+03 2.3780E+05
  7.690000E+03 2.4080E+05
  7.700000E+03 2.3857E+05
  7.710000E+03 2.3693E+05
  7.730000E+03 2.3647E+05
  7.750000E+03 2.3471E+05
  7.770000E+03 2.3467E+05
  7.790000E+03 2.3598E+05
  7.800000E+03 2.3540E+05
  7.810000E+03 2.3488E+05
  7.830000E+03 2.3342E+05
  7.850000E+03 2.3037E+05
  7.870000E+03 2.3000E+05
  7.890000E+03 2.2482E+05
  7.900000E+03 2.2284E+05
  7.910000E+03 2.2093E+05
  7.930000E+03 2.2134E+05
  7.950000E+03 2.1851E+05
  7.970000E+03 2.2260E+05
  7.990000E+03 2.2152E+05
  8.000000E+03 2.2213E+05
  8.010000E+03 2.2249E+05
  8.030000E+03 2.2163E+05
  8.050000E+03 2.1997E+05
  8.070000E+03 2.1877E+05
  8.090000E+03 2.1495E+05
  8.100000E+03 2.1469E+05
  8.110000E+03 2.1403E+05
  8.130000E+03 2.1628E+05
  8.150000E+03 2.1609E+05
  8.170000E+03 2.1610E+05
  8.190000E+03 2.1232E+05
  8.200000E+03 2.1143E+05
  8.210000E+03 2.1080E+05
  8.230000E+03 2.1120E+05
  8.250000E+03 2.1134E+05
  8.270000E+03 2.1216E+05
  8.290000E+03 2.1032E+05
  8.300000E+03 2.0737E+05
  8.310000E+03 2.0449E+05
  8.330000E+03 2.0406E+05
  8.350000E+03 2.0315E+05
  8.370000E+03 2.0336E+05
  8.390000E+03 1.9942E+05
  8.400000E+03 2.0087E+05
  8.410000E+03 2.0231E+05
  8.430000E+03 1.9801E+05
  8.450000E+03 1.9682E+05
  8.470000E+03 1.9488E+05
  8.490000E+03 1.9821E+05
  8.500000E+03 1.9295E+05
  8.510000E+03 1.8806E+05
  8.530000E+03 1.9788E+05
  8.550000E+03 1.8031E+05
  8.570000E+03 2.0144E+05
  8.590000E+03 1.9301E+05
  8.600000E+03 1.9267E+05
  8.610000E+03 1.9244E+05
  8.630000E+03 2.0239E+05
  8.650000E+03 1.9832E+05
  8.670000E+03 1.7629E+05
  8.690000E+03 1.9546E+05
  8.700000E+03 1.9849E+05
  8.710000E+03 2.0149E+05
  8.730000E+03 1.9804E+05
  8.750000E+03 1.8313E+05
  8.770000E+03 1.9553E+05
  8.790000E+03 2.0063E+05
  8.800000E+03 1.9893E+05
  8.810000E+03 1.9693E+05
  8.830000E+03 1.9713E+05
  8.850000E+03 1.9099E+05
  8.870000E+03 1.7911E+05
  8.890000E+03 1.9264E+05
  8.900000E+03 1.9478E+05
  8.910000E+03 1.9646E+05
  8.930000E+03 1.9350E+05
  8.950000E+03 1.9379E+05
  8.970000E+03 1.9279E+05
  8.990000E+03 1.8964E+05
  9.000000E+03 1.8179E+05
  9.010000E+03 1.7455E+05
  9.030000E+03 1.8254E+05
  9.050000E+03 1.9235E+05
  9.070000E+03 1.9127E+05
  9.090000E+03 1.8672E+05
  9.100000E+03 1.8748E+05
  9.110000E+03 1.8795E+05
  9.130000E+03 1.9022E+05
  9.150000E+03 1.8868E+05
  9.170000E+03 1.8676E+05
  9.190000E+03 1.8577E+05
  9.200000E+03 1.8122E+05
  9.210000E+03 1.7683E+05
  9.230000E+03 1.6514E+05
  9.250000E+03 1.7369E+05
  9.270000E+03 1.7827E+05
  9.290000E+03 1.7968E+05
  9.300000E+03 1.7985E+05
  9.310000E+03 1.8006E+05
  9.330000E+03 1.7933E+05
  9.350000E+03 1.7868E+05
  9.370000E+03 1.7659E+05
  9.390000E+03 1.7738E+05
  9.400000E+03 1.7547E+05
  9.410000E+03 1.7300E+05
  9.430000E+03 1.7651E+05
  9.450000E+03 1.7283E+05
  9.470000E+03 1.7510E+05
  9.490000E+03 1.7441E+05
  9.500000E+03 1.7325E+05
  9.510000E+03 1.7136E+05
  9.530000E+03 1.6806E+05
  9.550000E+03 1.5657E+05
  9.570000E+03 1.6643E+05
  9.590000E+03 1.7102E+05
  9.600000E+03 1.7057E+05
  9.610000E+03 1.6960E+05
  9.630000E+03 1.6925E+05
  9.650000E+03 1.6766E+05
  9.670000E+03 1.6695E+05
  9.690000E+03 1.6826E+05
  9.700000E+03 1.6749E+05
  9.710000E+03 1.6705E+05
  9.730000E+03 1.6592E+05
  9.750000E+03 1.6429E+05
  9.770000E+03 1.6476E+05
  9.790000E+03 1.6249E+05
  9.800000E+03 1.6368E+05
  9.810000E+03 1.6516E+05
  9.830000E+03 1.6390E+05
  9.850000E+03 1.6381E+05
  9.870000E+03 1.6220E+05
  9.890000E+03 1.6144E+05
  9.900000E+03 1.6146E+05
  9.910000E+03 1.6088E+05
  9.930000E+03 1.6126E+05
  9.950000E+03 1.6080E+05
  9.970000E+03 1.6039E+05
  9.990000E+03 1.5936E+05
  1.000000E+04 1.5772E+05
  1.002500E+04 1.5445E+05
  1.007500E+04 1.5056E+05
  1.010000E+04 1.5255E+05
  1.012500E+04 1.5454E+05
  1.017500E+04 1.5245E+05
  1.020000E+04 1.5213E+05
  1.022500E+04 1.5200E+05
  1.027500E+04 1.5143E+05
  1.030000E+04 1.5042E+05
  1.032500E+04 1.4923E+05
  1.037500E+04 1.4737E+05
  1.040000E+04 1.4658E+05
  1.042500E+04 1.4637E+05
  1.047500E+04 1.4445E+05
  1.050000E+04 1.4412E+05
  1.052500E+04 1.4329E+05
  1.057500E+04 1.4162E+05
  1.060000E+04 1.4151E+05
  1.062500E+04 1.4037E+05
  1.067500E+04 1.3744E+05
  1.070000E+04 1.3779E+05
  1.072500E+04 1.3708E+05
  1.077500E+04 1.3588E+05
  1.080000E+04 1.3400E+05
  1.082500E+04 1.3292E+05
  1.087500E+04 1.3043E+05
  1.090000E+04 1.2786E+05
  1.092500E+04 1.2493E+05
  1.097500E+04 1.2492E+05
  1.100000E+04 1.2458E+05
  1.102500E+04 1.2537E+05
  1.107500E+04 1.2367E+05
  1.110000E+04 1.2376E+05
  1.112500E+04 1.2341E+05
  1.117500E+04 1.2257E+05
  1.120000E+04 1.2214E+05
  1.122500E+04 1.2201E+05
  1.127500E+04 1.2004E+05
  1.130000E+04 1.1948E+05
  1.132500E+04 1.1904E+05
  1.137500E+04 1.1784E+05
  1.140000E+04 1.1775E+05
  1.142500E+04 1.1641E+05
  1.147500E+04 1.1709E+05
  1.150000E+04 1.1736E+05
  1.152500E+04 1.1697E+05
  1.157500E+04 1.1551E+05
  1.160000E+04 1.1506E+05
  1.162500E+04 1.1397E+05
  1.167500E+04 1.1297E+05
  1.170000E+04 1.1276E+05
  1.172500E+04 1.1274E+05
  1.177500E+04 1.1128E+05
  1.180000E+04 1.1061E+05
  1.182500E+04 1.1011E+05
  1.187500E+04 1.0848E+05
  1.190000E+04 1.0912E+05
  1.192500E+04 1.0880E+05
  1.197500E+04 1.0559E+05
  1.200000E+04 1.0666E+05
  1.202500E+04 1.0719E+05
  1.207500E+04 1.0507E+05
  1.210000E+04 1.0441E+05
  1.212500E+04 1.0510E+05
  1.217500E+04 1.0484E+05
  1.220000E+04 1.0479E+05
  1.222500E+04 1.0412E+05
  1.227500E+04 1.0305E+05
  1.230000E+04 1.0279E+05
  1.232500E+04 1.0168E+05
  1.237500E+04 1.0146E+05
  1.240000E+04 1.0104E+05
  1.242500E+04 1.0011E+05
  1.247500E+04 9.9128E+04
  1.250000E+04 9.8902E+04
  1.252500E+04 9.8243E+04
  1.257500E+04 9.7494E+04
  1.260000E+04 9.8027E+04
  1.262500E+04 9.7550E+04
  1.267500E+04 9.5628E+04
  1.270000E+04 9.6040E+04
  1.272500E+04 9.5899E+04
  1.277500E+04 9.4739E+04
  1.280000E+04 9.2639E+04
  1.282500E+04 9.0048E+04
  1.287500E+04 9.2563E+04
  1.290000E+04 9.2879E+04
  1.292500E+04 9.2646E+04
  1.297500E+04 9.2443E+04
  1.300000E+04 9.2143E+04
  1.302500E+04 9.1810E+04
  1.307500E+04 9.1495E+04
  1.310000E+04 9.0551E+04
  1.312500E+04 9.0169E+04
  1.317500E+04 8.9433E+04
  1.320000E+04 8.9629E+04
  1.322500E+04 8.9149E+04
  1.327500E+04 8.7636E+04
  1.330000E+04 8.7660E+04
  1.332500E+04 8.7734E+04
  1.337500E+04 8.6482E+04
  1.340000E+04 8.7164E+04
  1.342500E+04 8.7226E+04
  1.347500E+04 8.6590E+04
  1.350000E+04 8.6387E+04
  1.352500E+04 8.6208E+04
  1.357500E+04 8.4275E+04
  1.360000E+04 8.4488E+04
  1.362500E+04 8.3600E+04
  1.367500E+04 8.3953E+04
  1.370000E+04 8.3683E+04
  1.372500E+04 8.3128E+04
  1.377500E+04 8.3117E+04
  1.380000E+04 8.3094E+04
  1.382500E+04 8.2831E+04
  1.387500E+04 8.1884E+04
  1.390000E+04 8.1327E+04
  1.392500E+04 8.0766E+04
  1.397500E+04 7.9703E+04
  1.400000E+04 7.9491E+04
  1.402500E+04 7.9044E+04
  1.407500E+04 7.8162E+04
  1.410000E+04 7.7184E+04
  1.412500E+04 7.6376E+04
  1.417500E+04 7.6454E+04
  1.420000E+04 7.5821E+04
  1.422500E+04 7.5867E+04
  1.427500E+04 7.5394E+04
  1.430000E+04 7.4994E+04
  1.432500E+04 7.5536E+04
  1.437500E+04 7.5839E+04
  1.440000E+04 7.5230E+04
  1.442500E+04 7.3654E+04
  1.447500E+04 7.4227E+04
  1.450000E+04 7.3658E+04
  1.452500E+04 7.2879E+04
  1.457000E+04 7.3684E+04
  1.460000E+04 7.3424E+04
  1.462000E+04 7.2782E+04
  1.467500E+04 7.2103E+04
  1.470000E+04 7.1004E+04
  1.472500E+04 7.1077E+04
  1.477500E+04 7.1131E+04
  1.480000E+04 7.0981E+04
  1.482500E+04 7.1525E+04
  1.487500E+04 7.1183E+04
  1.490000E+04 7.1158E+04
  1.492500E+04 7.2159E+04
  1.497500E+04 7.1108E+04
  1.500000E+04 7.0860E+04
  1.502500E+04 7.0052E+04
  1.507500E+04 6.9973E+04
  1.510000E+04 7.0038E+04
  1.512500E+04 6.9615E+04
  1.517500E+04 7.0411E+04
  1.520000E+04 7.0795E+04
  1.522500E+04 6.9714E+04
  1.527500E+04 7.0377E+04
  1.530000E+04 6.9706E+04
  1.532500E+04 6.9382E+04
  1.537500E+04 6.9012E+04
  1.540000E+04 6.9391E+04
  1.542500E+04 6.9193E+04
  1.547500E+04 6.8979E+04
  1.550000E+04 6.8574E+04
  1.552500E+04 6.7928E+04
  1.557500E+04 6.5538E+04
  1.560000E+04 6.6463E+04
  1.562500E+04 6.6852E+04
  1.567500E+04 6.6437E+04
  1.570000E+04 6.6786E+04
  1.572500E+04 6.7153E+04
  1.577500E+04 6.3125E+04
  1.580000E+04 6.2761E+04
  1.582500E+04 6.3376E+04
  1.587500E+04 6.2708E+04
  1.590000E+04 6.4020E+04
  1.592500E+04 6.4430E+04
  1.597500E+04 6.3680E+04
  1.600000E+04 6.3601E+04
  1.605000E+04 6.3799E+04
  1.610000E+04 6.3491E+04
  1.615000E+04 6.3764E+04
  1.620000E+04 6.3104E+04
  1.625000E+04 6.2010E+04
  1.630000E+04 6.3216E+04
  1.635000E+04 6.3489E+04
  1.640000E+04 6.2552E+04
  1.645000E+04 6.1509E+04
  1.650000E+04 6.1473E+04
  1.655000E+04 6.1483E+04
  1.660000E+04 6.1522E+04
  1.665000E+04 6.0069E+04
  1.670000E+04 6.1035E+04
  1.675000E+04 6.1141E+04
  1.680000E+04 5.8954E+04
  1.685000E+04 5.8399E+04
  1.690000E+04 5.9069E+04
  1.695000E+04 5.9136E+04
  1.700000E+04 5.8828E+04
  1.705000E+04 5.7902E+04
  1.710000E+04 5.8121E+04
  1.715000E+04 5.7762E+04
  1.720000E+04 5.6760E+04
  1.725000E+04 5.5976E+04
  1.730000E+04 5.5287E+04
  1.735000E+04 5.4682E+04
  1.740000E+04 5.4651E+04
  1.745000E+04 5.4545E+04
  1.750000E+04 5.3690E+04
  1.755000E+04 5.4388E+04
  1.760000E+04 5.3961E+04
  1.765000E+04 5.2900E+04
  1.770000E+04 5.1558E+04
  1.775000E+04 5.1516E+04
  1.780000E+04 5.1561E+04
  1.785000E+04 5.2047E+04
  1.790000E+04 4.9519E+04
  1.795000E+04 4.8902E+04
  1.800000E+04 5.0178E+04
  1.805000E+04 4.8695E+04
  1.810000E+04 4.8885E+04
  1.815000E+04 4.8004E+04
  1.820000E+04 4.7825E+04
  1.825000E+04 4.6326E+04
  1.830000E+04 4.5993E+04
  1.835000E+04 4.5371E+04
  1.840000E+04 4.4692E+04
  1.845000E+04 4.5879E+04
  1.850000E+04 4.6678E+04
  1.855000E+04 4.5424E+04
  1.860000E+04 4.4671E+04
  1.865000E+04 4.3708E+04
  1.870000E+04 4.4409E+04
  1.875000E+04 4.2221E+04
  1.880000E+04 4.2394E+04
  1.885000E+04 4.2412E+04
  1.890000E+04 4.1077E+04
  1.895000E+04 4.1066E+04
  1.900000E+04 4.2011E+04
  1.905000E+04 4.2640E+04
  1.910000E+04 4.1584E+04
  1.915000E+04 4.0805E+04
  1.920000E+04 4.0614E+04
  1.925000E+04 4.0835E+04
  1.930000E+04 4.0879E+04
  1.935000E+04 4.0312E+04
  1.940000E+04 3.8576E+04
  1.945000E+04 3.7812E+04
  1.950000E+04 3.8188E+04
  1.955000E+04 3.8465E+04
  1.960000E+04 3.8642E+04
  1.965000E+04 3.7919E+04
  1.970000E+04 3.8056E+04
  1.975000E+04 3.7082E+04
  1.980000E+04 3.6075E+04
  1.985000E+04 3.5818E+04
  1.990000E+04 3.6409E+04
  1.995000E+04 3.6353E+04
  2.000000E+04 3.5454E+04
  2.005000E+04 3.5852E+04
  2.010000E+04 3.6180E+04
  2.015000E+04 3.6170E+04
  2.020000E+04 3.5519E+04
  2.025000E+04 3.4655E+04
  2.030000E+04 3.4025E+04
  2.035000E+04 3.3832E+04
  2.040000E+04 3.3095E+04
  2.045000E+04 3.3173E+04
  2.050000E+04 3.2985E+04
  2.055000E+04 3.2574E+04
  2.060000E+04 3.2023E+04
  2.065000E+04 3.1836E+04
  2.070000E+04 3.1667E+04
  2.075000E+04 3.1285E+04
  2.080000E+04 3.1423E+04
  2.085000E+04 3.2198E+04
  2.090000E+04 3.1803E+04
  2.095000E+04 3.0697E+04
  2.100000E+04 3.0532E+04
  2.105000E+04 3.0747E+04
  2.110000E+04 3.0625E+04
  2.115000E+04 2.9913E+04
  2.120000E+04 2.9457E+04
  2.125000E+04 2.9861E+04
  2.130000E+04 2.9556E+04
  2.135000E+04 2.9440E+04
  2.140000E+04 2.9231E+04
  2.145000E+04 2.8556E+04
  2.150000E+04 2.8606E+04
  2.155000E+04 2.8417E+04
  2.160000E+04 2.7918E+04
  2.165000E+04 2.7593E+04
  2.170000E+04 2.7216E+04
  2.175000E+04 2.6961E+04
  2.180000E+04 2.7020E+04
  2.185000E+04 2.6687E+04
  2.190000E+04 2.6289E+04
  2.195000E+04 2.6024E+04
  2.200000E+04 2.5519E+04
  2.205000E+04 2.5150E+04
  2.210000E+04 2.5044E+04
  2.215000E+04 2.5093E+04
  2.220000E+04 2.5100E+04
  2.225000E+04 2.5088E+04
  2.230000E+04 2.5156E+04
  2.235000E+04 2.4756E+04
  2.240000E+04 2.4645E+04
  2.245000E+04 2.4836E+04
  2.250000E+04 2.4415E+04
  2.255000E+04 2.3886E+04
  2.260000E+04 2.3441E+04
  2.265000E+04 2.3485E+04
  2.270000E+04 2.3693E+04
  2.275000E+04 2.3482E+04
  2.280000E+04 2.3081E+04
  2.285000E+04 2.2928E+04
  2.290000E+04 2.1456E+04
  2.295000E+04 2.0168E+04
  2.300000E+04 2.1064E+04
  2.305000E+04 2.1853E+04
  2.310000E+04 2.2361E+04
  2.315000E+04 2.2120E+04
  2.320000E+04 1.9894E+04
  2.325000E+04 1.9019E+04
  2.330000E+04 2.0618E+04
  2.335000E+04 2.1076E+04
  2.340000E+04 2.0113E+04
  2.345000E+04 1.9683E+04
  2.350000E+04 1.8562E+04
  2.355000E+04 1.7877E+04
  2.360000E+04 1.8262E+04
  2.365000E+04 1.9061E+04
  2.370000E+04 1.9131E+04
  2.375000E+04 1.8791E+04
  2.380000E+04 1.7723E+04
  2.385000E+04 1.6700E+04
  2.390000E+04 1.7779E+04
  2.395000E+04 1.8375E+04
  2.400000E+04 1.7988E+04
  2.405000E+04 1.7637E+04
  2.410000E+04 1.6624E+04
  2.415000E+04 1.5720E+04
  2.420000E+04 1.5807E+04
  2.425000E+04 1.6154E+04
  2.430000E+04 1.5997E+04
  2.435000E+04 1.5780E+04
  2.440000E+04 1.5648E+04
  2.445000E+04 1.5160E+04
  2.450000E+04 1.5020E+04
  2.455000E+04 1.4961E+04
  2.460000E+04 1.4985E+04
  2.465000E+04 1.4971E+04
  2.470000E+04 1.4738E+04
  2.475000E+04 1.4447E+04
  2.480000E+04 1.3704E+04
  2.485000E+04 1.3174E+04
  2.490000E+04 1.3142E+04
  2.495000E+04 1.3102E+04
  2.500000E+04 1.3204E+04
  2.505000E+04 1.3389E+04
  2.510000E+04 1.3020E+04
  2.515000E+04 1.2731E+04
  2.520000E+04 1.2878E+04
  2.525000E+04 1.3093E+04
  2.530000E+04 1.3133E+04
  2.535000E+04 1.3123E+04
  2.540000E+04 1.3024E+04
  2.545000E+04 1.3041E+04
  2.550000E+04 1.3094E+04
  2.555000E+04 1.3071E+04
  2.560000E+04 1.3068E+04
  2.565000E+04 1.3072E+04
  2.570000E+04 1.3143E+04
  2.575000E+04 1.3272E+04
  2.580000E+04 1.3125E+04
  2.585000E+04 1.2938E+04
  2.590000E+04 1.2870E+04
  2.595000E+04 1.2957E+04
  2.600000E+04 1.3103E+04
  2.605000E+04 1.3186E+04
  2.610000E+04 1.3122E+04
  2.615000E+04 1.2842E+04
  2.620000E+04 1.2824E+04
  2.625000E+04 1.2871E+04
  2.630000E+04 1.3112E+04
  2.635000E+04 1.3122E+04
  2.640000E+04 1.2972E+04
  2.645000E+04 1.2756E+04
  2.650000E+04 1.2775E+04
  2.655000E+04 1.2864E+04
  2.660000E+04 1.3068E+04
  2.665000E+04 1.2946E+04
  2.670000E+04 1.2859E+04
  2.675000E+04 1.2666E+04
  2.680000E+04 1.2466E+04
  2.685000E+04 1.2265E+04
  2.690000E+04 1.2213E+04
  2.695000E+04 1.2332E+04
  2.700000E+04 1.2495E+04
  2.705000E+04 1.2363E+04
  2.710000E+04 1.2124E+04
  2.715000E+04 1.2155E+04
  2.720000E+04 1.2500E+04
  2.725000E+04 1.2587E+04
  2.730000E+04 1.2486E+04
  2.735000E+04 1.2265E+04
  2.740000E+04 1.2487E+04
  2.745000E+04 1.2579E+04
  2.750000E+04 1.2384E+04
  2.755000E+04 1.2113E+04
  2.760000E+04 1.1898E+04
  2.765000E+04 1.1842E+04
  2.770000E+04 1.1836E+04
  2.775000E+04 1.1850E+04
  2.780000E+04 1.1925E+04
  2.785000E+04 1.1992E+04
  2.790000E+04 1.1878E+04
  2.795000E+04 1.2002E+04
  2.800000E+04 1.1725E+04
  2.805000E+04 1.1676E+04
  2.810000E+04 1.1380E+04
  2.815000E+04 1.1431E+04
  2.820000E+04 1.1428E+04
  2.825000E+04 1.1450E+04
  2.830000E+04 1.1385E+04
  2.835000E+04 1.1016E+04
  2.840000E+04 1.0624E+04
  2.845000E+04 1.0297E+04
  2.850000E+04 1.0453E+04
  2.855000E+04 1.0742E+04
  2.860000E+04 1.0852E+04
  2.865000E+04 1.0800E+04
  2.870000E+04 1.0484E+04
  2.875000E+04 1.0446E+04
  2.880000E+04 1.0466E+04
  2.885000E+04 1.0266E+04
  2.890000E+04 1.0107E+04
  2.895000E+04 9.9187E+03
  2.900000E+04 1.0136E+04
  2.905000E+04 1.0135E+04
  2.910000E+04 9.9789E+03
  2.915000E+04 9.7630E+03
  2.920000E+04 9.5290E+03
  2.925000E+04 9.3452E+03
  2.930000E+04 9.4285E+03
  2.935000E+04 9.2668E+03
  2.940000E+04 9.1772E+03
  2.945000E+04 9.0232E+03
  2.950000E+04 8.8888E+03
  2.955000E+04 8.8199E+03
  2.960000E+04 8.7558E+03
  2.965000E+04 8.6875E+03
  2.970000E+04 8.6315E+03
  2.975000E+04 8.5591E+03
  2.980000E+04 8.4915E+03
  2.985000E+04 8.3858E+03
  2.990000E+04 8.3241E+03
  2.995000E+04 8.2973E+03
  3.000000E+04 8.2586E+03
  3.005000E+04 8.2134E+03
  3.010000E+04 8.1761E+03
  3.015000E+04 8.1178E+03
  3.020000E+04 8.0607E+03
  3.025000E+04 8.0047E+03
  3.030000E+04 7.9281E+03
  3.035000E+04 7.8550E+03
  3.040000E+04 7.8389E+03
  3.045000E+04 7.8253E+03
  3.050000E+04 7.7908E+03
  3.055000E+04 7.7620E+03
  3.060000E+04 7.7346E+03
  3.065000E+04 7.6931E+03
  3.070000E+04 7.6620E+03
  3.075000E+04 7.6341E+03
  3.080000E+04 7.5758E+03
  3.085000E+04 7.5228E+03
  3.090000E+04 7.4827E+03
  3.095000E+04 7.4391E+03
  3.100000E+04 7.4215E+03
  3.105000E+04 7.4017E+03
  3.110000E+04 7.3553E+03
  3.115000E+04 7.2952E+03
  3.120000E+04 7.2587E+03
  3.125000E+04 7.2248E+03
  3.130000E+04 7.1790E+03
  3.135000E+04 7.1411E+03
  3.140000E+04 7.1042E+03
  3.145000E+04 7.0694E+03
  3.150000E+04 7.0299E+03
  3.155000E+04 6.9869E+03
  3.160000E+04 6.9446E+03
  3.165000E+04 6.8962E+03
  3.170000E+04 6.8692E+03
  3.175000E+04 6.8430E+03
  3.180000E+04 6.8118E+03
  3.185000E+04 6.7853E+03
  3.190000E+04 6.7650E+03
  3.195000E+04 6.7406E+03
  3.200000E+04 6.7061E+03
  3.210000E+04 6.6246E+03
  3.220000E+04 6.5513E+03
  3.230000E+04 6.4892E+03
  3.240000E+04 6.4370E+03
  3.250000E+04 6.3927E+03
  3.260000E+04 6.3336E+03
  3.270000E+04 6.2714E+03
  3.280000E+04 6.2008E+03
  3.290000E+04 6.1399E+03
  3.300000E+04 6.0959E+03
  3.310000E+04 6.0437E+03
  3.320000E+04 6.0193E+03
  3.330000E+04 6.0002E+03
  3.340000E+04 6.0010E+03
  3.350000E+04 6.0302E+03
  3.360000E+04 5.9655E+03
  3.370000E+04 5.8460E+03
  3.380000E+04 5.8562E+03
  3.390000E+04 5.8277E+03
  3.400000E+04 5.7899E+03
  3.410000E+04 5.8256E+03
  3.420000E+04 5.7946E+03
  3.430000E+04 5.8706E+03
  3.440000E+04 5.8809E+03
  3.450000E+04 5.7502E+03
  3.460000E+04 5.6232E+03
  3.470000E+04 5.6402E+03
  3.480000E+04 5.5574E+03
  3.490000E+04 5.4230E+03
  3.500000E+04 5.3737E+03
  3.510000E+04 5.4236E+03
  3.520000E+04 5.2975E+03
  3.530000E+04 5.2852E+03
  3.540000E+04 5.1343E+03
  3.550000E+04 5.0487E+03
  3.560000E+04 5.0541E+03
  3.570000E+04 5.0579E+03
  3.580000E+04 4.9788E+03
  3.590000E+04 4.8934E+03
  3.600000E+04 4.9088E+03
  3.610000E+04 4.8531E+03
  3.620000E+04 4.7763E+03
  3.630000E+04 4.6422E+03
  3.640000E+04 4.5992E+03
  3.650000E+04 4.5177E+03
  3.660000E+04 4.4523E+03
  3.670000E+04 4.4230E+03
  3.680000E+04 4.3362E+03
  3.690000E+04 4.2573E+03
  3.700000E+04 4.1693E+03
  3.710000E+04 4.1172E+03
  3.720000E+04 4.0740E+03
  3.730000E+04 4.0193E+03
  3.740000E+04 3.9327E+03
  3.750000E+04 3.8635E+03
  3.760000E+04 3.8285E+03
  3.770000E+04 3.7999E+03
  3.780000E+04 3.7560E+03
  3.790000E+04 3.7241E+03
  3.800000E+04 3.6894E+03
  3.810000E+04 3.6477E+03
  3.820000E+04 3.6093E+03
  3.830000E+04 3.5781E+03
  3.840000E+04 3.5531E+03
  3.850000E+04 3.5224E+03
  3.860000E+04 3.4853E+03
  3.870000E+04 3.4502E+03
  3.880000E+04 3.4220E+03
  3.890000E+04 3.3910E+03
  3.900000E+04 3.3599E+03
  3.910000E+04 3.3311E+03
  3.920000E+04 3.3126E+03
  3.930000E+04 3.2945E+03
  3.940000E+04 3.2657E+03
  3.950000E+04 3.2398E+03
  3.960000E+04 3.2156E+03
  3.970000E+04 3.1990E+03
  3.980000E+04 3.1667E+03
  3.990000E+04 3.1409E+03
  4.000000E+04 3.1150E+03
  4.010000E+04 3.0959E+03
  4.020000E+04 3.0702E+03
  4.030000E+04 3.0613E+03
  4.040000E+04 3.0475E+03
  4.050000E+04 3.0243E+03
  4.060000E+04 3.0163E+03
  4.070000E+04 3.0023E+03
  4.080000E+04 2.9962E+03
  4.090000E+04 2.9831E+03
  4.100000E+04 2.9868E+03
  4.110000E+04 2.9721E+03
  4.120000E+04 2.9533E+03
  4.130000E+04 2.9222E+03
  4.140000E+04 2.8654E+03
  4.150000E+04 2.8336E+03
  4.160000E+04 2.8039E+03
  4.170000E+04 2.8231E+03
  4.180000E+04 2.8168E+03
  4.190000E+04 2.8207E+03
  4.200000E+04 2.7739E+03
  4.210000E+04 2.7553E+03
  4.220000E+04 2.7563E+03
  4.230000E+04 2.7566E+03
  4.240000E+04 2.7533E+03
  4.250000E+04 2.7189E+03
  4.260000E+04 2.7009E+03
  4.270000E+04 2.6941E+03
  4.280000E+04 2.6234E+03
  4.290000E+04 2.5635E+03
  4.300000E+04 2.4919E+03
  4.310000E+04 2.4377E+03
  4.320000E+04 2.4565E+03
  4.330000E+04 2.4283E+03
  4.340000E+04 2.3484E+03
  4.350000E+04 2.2871E+03
  4.360000E+04 2.2315E+03
  4.370000E+04 2.2198E+03
  4.380000E+04 2.1800E+03
  4.390000E+04 2.1679E+03
  4.400000E+04 2.1147E+03
  4.410000E+04 2.1008E+03
  4.420000E+04 2.1092E+03
  4.430000E+04 2.0904E+03
  4.440000E+04 2.0917E+03
  4.450000E+04 2.0342E+03
  4.460000E+04 2.0060E+03
  4.470000E+04 1.9719E+03
  4.480000E+04 1.9687E+03
  4.490000E+04 1.9915E+03
  4.500000E+04 1.9667E+03
  4.510000E+04 1.9406E+03
  4.520000E+04 1.8909E+03
  4.530000E+04 1.8528E+03
  4.540000E+04 1.8261E+03
  4.550000E+04 1.8023E+03
  4.560000E+04 1.7684E+03
  4.570000E+04 1.7505E+03
  4.580000E+04 1.7288E+03
  4.590000E+04 1.6985E+03
  4.600000E+04 1.7039E+03
  4.610000E+04 1.7117E+03
  4.620000E+04 1.6896E+03
  4.630000E+04 1.6797E+03
  4.640000E+04 1.6705E+03
  4.650000E+04 1.6581E+03
  4.660000E+04 1.6497E+03
  4.670000E+04 1.6339E+03
  4.680000E+04 1.6058E+03
  4.690000E+04 1.5896E+03
  4.700000E+04 1.5792E+03
  4.710000E+04 1.5645E+03
  4.720000E+04 1.5762E+03
  4.730000E+04 1.5925E+03
  4.740000E+04 1.5737E+03
  4.750000E+04 1.5564E+03
  4.760000E+04 1.5472E+03
  4.770000E+04 1.5291E+03
  4.780000E+04 1.5160E+03
  4.790000E+04 1.5039E+03
  4.800000E+04 1.4830E+03
  4.810000E+04 1.4695E+03
  4.820000E+04 1.4700E+03
  4.830000E+04 1.4704E+03
  4.840000E+04 1.4589E+03
  4.850000E+04 1.4412E+03
  4.860000E+04 1.4286E+03
  4.870000E+04 1.4162E+03
  4.880000E+04 1.4070E+03
  4.890000E+04 1.4042E+03
  4.900000E+04 1.3931E+03
  4.910000E+04 1.3767E+03
  4.920000E+04 1.3704E+03
  4.930000E+04 1.3612E+03
  4.940000E+04 1.3386E+03
  4.950000E+04 1.3222E+03
  4.960000E+04 1.3159E+03
  4.970000E+04 1.3054E+03
  4.980000E+04 1.2908E+03
  4.990000E+04 1.2944E+03
  5.000000E+04 1.2900E+03
  5.010000E+04 1.2849E+03
  5.020000E+04 1.2776E+03
  5.030000E+04 1.2639E+03
  5.040000E+04 1.2459E+03
  5.050000E+04 1.2307E+03
  5.060000E+04 1.2247E+03
  5.070000E+04 1.2185E+03
  5.080000E+04 1.2145E+03
  5.090000E+04 1.2106E+03
  5.100000E+04 1.2055E+03
  5.110000E+04 1.1958E+03
  5.120000E+04 1.1915E+03
  5.130000E+04 1.1816E+03
  5.140000E+04 1.1729E+03
  5.150000E+04 1.1669E+03
  5.160000E+04 1.1677E+03
  5.170000E+04 1.1656E+03
  5.180000E+04 1.1533E+03
  5.190000E+04 1.1454E+03
  5.200000E+04 1.1393E+03
  5.210000E+04 1.1268E+03
  5.220000E+04 1.1166E+03
  5.230000E+04 1.1094E+03
  5.240000E+04 1.1087E+03
  5.250000E+04 1.1007E+03
  5.260000E+04 1.0984E+03
  5.270000E+04 1.0985E+03
  5.280000E+04 1.0881E+03
  5.290000E+04 1.0758E+03
  5.300000E+04 1.0668E+03
  5.310000E+04 1.0581E+03
  5.320000E+04 1.0537E+03
  5.330000E+04 1.0468E+03
  5.340000E+04 1.0387E+03
  5.350000E+04 1.0300E+03
  5.360000E+04 1.0239E+03
  5.370000E+04 1.0186E+03
  5.380000E+04 1.0127E+03
  5.390000E+04 1.0064E+03
  5.400000E+04 1.0018E+03
  5.410000E+04 9.9726E+02
  5.420000E+04 9.9247E+02
  5.430000E+04 9.8566E+02
  5.440000E+04 9.8307E+02
  5.450000E+04 9.8039E+02
  5.460000E+04 9.7219E+02
  5.470000E+04 9.6453E+02
  5.480000E+04 9.6168E+02
  5.490000E+04 9.5766E+02
  5.500000E+04 9.5018E+02
  5.510000E+04 9.4294E+02
  5.520000E+04 9.4379E+02
  5.530000E+04 9.4726E+02
  5.540000E+04 9.2961E+02
  5.550000E+04 9.2030E+02
  5.560000E+04 9.2339E+02
  5.570000E+04 9.2433E+02
  5.580000E+04 9.1485E+02
  5.590000E+04 9.0369E+02
  5.600000E+04 9.0259E+02
  5.610000E+04 8.9972E+02
  5.620000E+04 8.8810E+02
  5.630000E+04 8.8015E+02
  5.640000E+04 8.7906E+02
  5.650000E+04 8.7743E+02
  5.660000E+04 8.7133E+02
  5.670000E+04 8.6370E+02
  5.680000E+04 8.5607E+02
  5.690000E+04 8.4810E+02
  5.700000E+04 8.4470E+02
  5.710000E+04 8.4120E+02
  5.720000E+04 8.3592E+02
  5.730000E+04 8.3218E+02
  5.740000E+04 8.2647E+02
  5.750000E+04 8.1932E+02
  5.760000E+04 8.1131E+02
  5.770000E+04 8.0704E+02
  5.780000E+04 8.0720E+02
  5.790000E+04 8.0739E+02
  5.800000E+04 8.0168E+02
  5.810000E+04 7.9724E+02
  5.820000E+04 7.9427E+02
  5.830000E+04 7.9144E+02
  5.840000E+04 7.8856E+02
  5.850000E+04 7.8268E+02
  5.860000E+04 7.7731E+02
  5.870000E+04 7.7353E+02
  5.880000E+04 7.6769E+02
  5.890000E+04 7.6291E+02
  5.900000E+04 7.5702E+02
  5.910000E+04 7.5091E+02
  5.920000E+04 7.4590E+02
  5.930000E+04 7.4120E+02
  5.940000E+04 7.3463E+02
  5.950000E+04 7.3119E+02
  5.960000E+04 7.2941E+02
  5.970000E+04 7.2686E+02
  5.980000E+04 7.2184E+02
  5.990000E+04 7.1659E+02
  6.000000E+04 7.1125E+02
  6.010000E+04 7.0589E+02
  6.020000E+04 7.0232E+02
  6.030000E+04 6.9937E+02
  6.040000E+04 6.9616E+02
  6.050000E+04 6.9336E+02
  6.060000E+04 6.9128E+02
  6.070000E+04 6.8870E+02
  6.080000E+04 6.8428E+02
  6.090000E+04 6.7993E+02
  6.100000E+04 6.7523E+02
  6.110000E+04 6.6952E+02
  6.120000E+04 6.6542E+02
  6.130000E+04 6.6166E+02
  6.140000E+04 6.5785E+02
  6.150000E+04 6.5418E+02
  6.160000E+04 6.5054E+02
  6.170000E+04 6.4564E+02
  6.180000E+04 6.3989E+02
  6.190000E+04 6.3434E+02
  6.200000E+04 6.3008E+02
  6.210000E+04 6.2700E+02
  6.220000E+04 6.2330E+02
  6.230000E+04 6.1958E+02
  6.240000E+04 6.1640E+02
  6.250000E+04 6.1346E+02
  6.260000E+04 6.0889E+02
  6.270000E+04 6.0415E+02
  6.280000E+04 5.9923E+02
  6.290000E+04 5.9453E+02
  6.300000E+04 5.9000E+02
  6.310000E+04 5.8661E+02
  6.320000E+04 5.8430E+02
  6.330000E+04 5.8215E+02
  6.340000E+04 5.7995E+02
  6.350000E+04 5.7758E+02
  6.360000E+04 5.7614E+02
  6.370000E+04 5.7412E+02
  6.380000E+04 5.7022E+02
  6.390000E+04 5.6521E+02
  6.400000E+04 5.6041E+02
  6.410000E+04 5.5527E+02
  6.420000E+04 5.5109E+02
  6.430000E+04 5.4709E+02
  6.440000E+04 5.4393E+02
  6.450000E+04 5.4048E+02
  6.460000E+04 5.3692E+02
  6.470000E+04 5.3300E+02
  6.480000E+04 5.2993E+02
  6.490000E+04 5.2850E+02
  6.500000E+04 5.2649E+02
  6.510000E+04 5.2411E+02
  6.520000E+04 5.2110E+02
  6.530000E+04 5.1800E+02
  6.540000E+04 5.1474E+02
  6.550000E+04 5.1163E+02
  6.560000E+04 5.0854E+02
  6.570000E+04 5.0415E+02
  6.580000E+04 4.9969E+02
  6.590000E+04 4.9597E+02
  6.600000E+04 4.9246E+02
  6.610000E+04 4.8926E+02
  6.620000E+04 4.8661E+02
  6.630000E+04 4.8444E+02
  6.640000E+04 4.8248E+02
  6.650000E+04 4.8059E+02
  6.660000E+04 4.7890E+02
  6.670000E+04 4.7726E+02
  6.680000E+04 4.7573E+02
  6.690000E+04 4.7324E+02
  6.700000E+04 4.6996E+02
  6.710000E+04 4.6678E+02
  6.720000E+04 4.6370E+02
  6.730000E+04 4.6156E+02
  6.740000E+04 4.5937E+02
  6.750000E+04 4.5668E+02
  6.760000E+04 4.5368E+02
  6.770000E+04 4.5002E+02
  6.780000E+04 4.4742E+02
  6.790000E+04 4.4580E+02
  6.800000E+04 4.4399E+02
  6.810000E+04 4.4208E+02
  6.820000E+04 4.3929E+02
  6.830000E+04 4.3639E+02
  6.840000E+04 4.3426E+02
  6.850000E+04 4.3220E+02
  6.860000E+04 4.3038E+02
  6.870000E+04 4.2812E+02
  6.880000E+04 4.2459E+02
  6.890000E+04 4.2098E+02
  6.900000E+04 4.1712E+02
  6.910000E+04 4.1405E+02
  6.920000E+04 4.1197E+02
  6.930000E+04 4.0990E+02
  6.940000E+04 4.0783E+02
  6.950000E+04 4.0543E+02
  6.960000E+04 4.0278E+02
  6.970000E+04 4.0075E+02
  6.980000E+04 3.9910E+02
  6.990000E+04 3.9740E+02
  7.000000E+04 3.9570E+02
  7.010000E+04 3.9366E+02
  7.020000E+04 3.9149E+02
  7.030000E+04 3.8916E+02
  7.040000E+04 3.8675E+02
  7.050000E+04 3.8475E+02
  7.060000E+04 3.8287E+02
  7.070000E+04 3.8106E+02
  7.080000E+04 3.7930E+02
  7.090000E+04 3.7738E+02
  7.100000E+04 3.7541E+02
  7.110000E+04 3.7343E+02
  7.120000E+04 3.7142E+02
  7.130000E+04 3.6955E+02
  7.140000E+04 3.6772E+02
  7.150000E+04 3.6608E+02
  7.160000E+04 3.6455E+02
  7.170000E+04 3.6296E+02
  7.180000E+04 3.6134E+02
  7.190000E+04 3.5978E+02
  7.200000E+04 3.5825E+02
  7.210000E+04 3.5686E+02
  7.220000E+04 3.5560E+02
  7.230000E+04 3.5427E+02
  7.240000E+04 3.5288E+02
  7.250000E+04 3.5135E+02
  7.260000E+04 3.4956E+02
  7.270000E+04 3.4768E+02
  7.280000E+04 3.4543E+02
  7.290000E+04 3.4334E+02
  7.300000E+04 3.4215E+02
  7.310000E+04 3.4091E+02
  7.320000E+04 3.3899E+02
  7.330000E+04 3.3707E+02
  7.340000E+04 3.3465E+02
  7.350000E+04 3.3223E+02
  7.360000E+04 3.3039E+02
  7.370000E+04 3.2879E+02
  7.380000E+04 3.2732E+02
  7.390000E+04 3.2585E+02
  7.400000E+04 3.2427E+02
  7.410000E+04 3.2246E+02
  7.420000E+04 3.2068E+02
  7.430000E+04 3.1892E+02
  7.440000E+04 3.1717E+02
  7.450000E+04 3.1652E+02
  7.460000E+04 3.1595E+02
  7.470000E+04 3.1444E+02
  7.480000E+04 3.1254E+02
  7.490000E+04 3.1099E+02
  7.500000E+04 3.0979E+02
  7.510000E+04 3.0869E+02
  7.520000E+04 3.0739E+02
  7.530000E+04 3.0609E+02
  7.540000E+04 3.0483E+02
  7.550000E+04 3.0348E+02
  7.560000E+04 3.0110E+02
  7.570000E+04 2.9835E+02
  7.580000E+04 2.9627E+02
  7.590000E+04 2.9495E+02
  7.600000E+04 2.9362E+02
  7.610000E+04 2.9214E+02
  7.620000E+04 2.9067E+02
  7.630000E+04 2.8899E+02
  7.640000E+04 2.8727E+02
  7.650000E+04 2.8535E+02
  7.660000E+04 2.8320E+02
  7.670000E+04 2.8127E+02
  7.680000E+04 2.8078E+02
  7.690000E+04 2.8030E+02
  7.700000E+04 2.7953E+02
  7.710000E+04 2.7871E+02
  7.720000E+04 2.7770E+02
  7.730000E+04 2.7640E+02
  7.740000E+04 2.7510E+02
  7.750000E+04 2.7354E+02
  7.760000E+04 2.7200E+02
  7.770000E+04 2.7100E+02
  7.780000E+04 2.7037E+02
  7.790000E+04 2.6954E+02
  7.800000E+04 2.6785E+02
  7.810000E+04 2.6618E+02
  7.820000E+04 2.6442E+02
  7.830000E+04 2.6264E+02
  7.840000E+04 2.6101E+02
  7.850000E+04 2.5970E+02
  7.860000E+04 2.5839E+02
  7.870000E+04 2.5718E+02
  7.880000E+04 2.5600E+02
  7.890000E+04 2.5491E+02
  7.900000E+04 2.5400E+02
  7.910000E+04 2.5309E+02
  7.920000E+04 2.5231E+02
  7.930000E+04 2.5156E+02
  7.940000E+04 2.5070E+02
  7.950000E+04 2.4964E+02
  7.960000E+04 2.4860E+02
  7.970000E+04 2.4736E+02
  7.980000E+04 2.4610E+02
  7.990000E+04 2.4493E+02
  8.000000E+04 2.4412E+02
  8.010000E+04 2.4331E+02
  8.020000E+04 2.4194E+02
  8.030000E+04 2.4039E+02
  8.040000E+04 2.3892E+02
  8.050000E+04 2.3785E+02
  8.060000E+04 2.3678E+02
  8.070000E+04 2.3576E+02
  8.080000E+04 2.3476E+02
  8.090000E+04 2.3376E+02
  8.100000E+04 2.3264E+02
  8.110000E+04 2.3146E+02
  8.120000E+04 2.3029E+02
  8.130000E+04 2.2913E+02
  8.140000E+04 2.2798E+02
  8.150000E+04 2.2699E+02
  8.160000E+04 2.2606E+02
  8.170000E+04 2.2514E+02
  8.180000E+04 2.2394E+02
  8.190000E+04 2.2274E+02
  8.200000E+04 2.2147E+02
  8.210000E+04 2.2006E+02
  8.220000E+04 2.1867E+02
  8.230000E+04 2.1758E+02
  8.240000E+04 2.1667E+02
  8.250000E+04 2.1577E+02
  8.260000E+04 2.1484E+02
  8.270000E+04 2.1392E+02
  8.280000E+04 2.1301E+02
  8.290000E+04 2.1213E+02
  8.300000E+04 2.1124E+02
  8.310000E+04 2.1030E+02
  8.320000E+04 2.0931E+02
  8.330000E+04 2.0832E+02
  8.340000E+04 2.0765E+02
  8.350000E+04 2.0717E+02
  8.360000E+04 2.0669E+02
  8.370000E+04 2.0578E+02
  8.380000E+04 2.0481E+02
  8.390000E+04 2.0387E+02
  8.400000E+04 2.0297E+02
  8.410000E+04 2.0208E+02
  8.420000E+04 2.0118E+02
  8.430000E+04 2.0023E+02
  8.440000E+04 1.9928E+02
  8.450000E+04 1.9839E+02
  8.460000E+04 1.9757E+02
  8.470000E+04 1.9676E+02
  8.480000E+04 1.9589E+02
  8.490000E+04 1.9497E+02
  8.500000E+04 1.9407E+02
  8.510000E+04 1.9333E+02
  8.520000E+04 1.9268E+02
  8.530000E+04 1.9203E+02
  8.540000E+04 1.9135E+02
  8.550000E+04 1.9067E+02
  8.560000E+04 1.8999E+02
  8.570000E+04 1.8922E+02
  8.580000E+04 1.8844E+02
  8.590000E+04 1.8766E+02
  8.600000E+04 1.8690E+02
  8.610000E+04 1.8613E+02
  8.620000E+04 1.8537E+02
  8.630000E+04 1.8462E+02
  8.640000E+04 1.8387E+02
  8.650000E+04 1.8313E+02
  8.660000E+04 1.8231E+02
  8.670000E+04 1.8149E+02
  8.680000E+04 1.8067E+02
  8.690000E+04 1.7997E+02
  8.700000E+04 1.7928E+02
  8.710000E+04 1.7859E+02
  8.720000E+04 1.7802E+02
  8.730000E+04 1.7746E+02
  8.740000E+04 1.7691E+02
  8.750000E+04 1.7636E+02
  8.760000E+04 1.7581E+02
  8.770000E+04 1.7527E+02
  8.780000E+04 1.7483E+02
  8.790000E+04 1.7441E+02
  8.800000E+04 1.7399E+02
  8.810000E+04 1.7359E+02
  8.820000E+04 1.7320E+02
  8.830000E+04 1.7282E+02
  8.840000E+04 1.7220E+02
  8.850000E+04 1.7141E+02
  8.860000E+04 1.7063E+02
  8.870000E+04 1.6999E+02
  8.880000E+04 1.6949E+02
  8.890000E+04 1.6899E+02
  8.900000E+04 1.6840E+02
  8.910000E+04 1.6761E+02
  8.920000E+04 1.6682E+02
  8.930000E+04 1.6605E+02
  8.940000E+04 1.6533E+02
  8.950000E+04 1.6458E+02
  8.960000E+04 1.6383E+02
  8.970000E+04 1.6312E+02
  8.980000E+04 1.6241E+02
  8.990000E+04 1.6174E+02
  9.000000E+04 1.6121E+02
  9.010000E+04 1.6072E+02
  9.020000E+04 1.6025E+02
  9.030000E+04 1.5954E+02
  9.040000E+04 1.5861E+02
  9.050000E+04 1.5768E+02
  9.060000E+04 1.5682E+02
  9.070000E+04 1.5611E+02
  9.080000E+04 1.5541E+02
  9.090000E+04 1.5472E+02
  9.100000E+04 1.5390E+02
  9.110000E+04 1.5312E+02
  9.120000E+04 1.5234E+02
  9.130000E+04 1.5163E+02
  9.140000E+04 1.5096E+02
  9.150000E+04 1.5029E+02
  9.160000E+04 1.4966E+02
  9.170000E+04 1.4910E+02
  9.180000E+04 1.4856E+02
  9.190000E+04 1.4801E+02
  9.200000E+04 1.4764E+02
  9.210000E+04 1.4729E+02
  9.220000E+04 1.4695E+02
  9.230000E+04 1.4668E+02
  9.240000E+04 1.4651E+02
  9.250000E+04 1.4634E+02
  9.260000E+04 1.4616E+02
  9.270000E+04 1.4580E+02
  9.280000E+04 1.4545E+02
  9.290000E+04 1.4509E+02
  9.300000E+04 1.4444E+02
  9.310000E+04 1.4362E+02
  9.320000E+04 1.4281E+02
  9.330000E+04 1.4202E+02
  9.340000E+04 1.4133E+02
  9.350000E+04 1.4065E+02
  9.360000E+04 1.3997E+02
  9.370000E+04 1.3935E+02
  9.380000E+04 1.3875E+02
  9.390000E+04 1.3815E+02
  9.400000E+04 1.3755E+02
  9.410000E+04 1.3688E+02
  9.420000E+04 1.3622E+02
  9.430000E+04 1.3556E+02
  9.440000E+04 1.3506E+02
  9.450000E+04 1.3466E+02
  9.460000E+04 1.3427E+02
  9.470000E+04 1.3389E+02
  9.480000E+04 1.3374E+02
  9.490000E+04 1.3359E+02
  9.500000E+04 1.3344E+02
  9.510000E+04 1.3315E+02
  9.520000E+04 1.3266E+02
  9.530000E+04 1.3218E+02
  9.540000E+04 1.3170E+02
  9.550000E+04 1.3113E+02
  9.560000E+04 1.3054E+02
  9.570000E+04 1.2995E+02
  9.580000E+04 1.2940E+02
  9.590000E+04 1.2902E+02
  9.600000E+04 1.2863E+02
  9.610000E+04 1.2825E+02
  9.620000E+04 1.2776E+02
  9.630000E+04 1.2716E+02
  9.640000E+04 1.2656E+02
  9.650000E+04 1.2596E+02
  9.660000E+04 1.2523E+02
  9.670000E+04 1.2446E+02
  9.680000E+04 1.2370E+02
  9.690000E+04 1.2295E+02
  9.700000E+04 1.2276E+02
  9.710000E+04 1.2256E+02
  9.720000E+04 1.2236E+02
  9.730000E+04 1.2216E+02
  9.740000E+04 1.2192E+02
  9.750000E+04 1.2172E+02
  9.760000E+04 1.2153E+02
  9.770000E+04 1.2121E+02
  9.780000E+04 1.2073E+02
  9.790000E+04 1.2025E+02
  9.800000E+04 1.1978E+02
  9.810000E+04 1.1937E+02
  9.820000E+04 1.1900E+02
  9.830000E+04 1.1864E+02
  9.840000E+04 1.1827E+02
  9.850000E+04 1.1804E+02
  9.860000E+04 1.1786E+02
  9.870000E+04 1.1768E+02
  9.880000E+04 1.1751E+02
  9.890000E+04 1.1705E+02
  9.900000E+04 1.1654E+02
  9.910000E+04 1.1602E+02
  9.920000E+04 1.1551E+02
  9.930000E+04 1.1487E+02
  9.940000E+04 1.1422E+02
  9.950000E+04 1.1359E+02
  9.960000E+04 1.1296E+02
  9.970000E+04 1.1235E+02
  9.980000E+04 1.1175E+02
  9.990000E+04 1.1115E+02
  1.000000E+05 1.1055E+02
  1.002000E+05 1.0959E+02
  1.050000E+05 9.2306E+01
  1.100000E+05 7.5535E+01
  1.130000E+05 6.8385E+01
  1.160000E+05 6.0091E+01
  1.200000E+05 5.2351E+01
  1.250000E+05 4.7949E+01
  1.300000E+05 4.0811E+01
  1.350000E+05 3.4953E+01
  1.400000E+05 3.0110E+01
  1.450000E+05 2.6077E+01
  1.500000E+05 2.2698E+01
  1.600000E+05 1.7433E+01
  1.700000E+05 1.3611E+01
  1.800000E+05 1.0782E+01
  1.900000E+05 8.6522E+00
  2.000000E+05 7.0235E+00
  2.200000E+05 4.8092E+00
  2.300000E+05 4.0306E+00
  2.400000E+05 3.4035E+00
  2.500000E+05 2.8939E+00
  2.600000E+05 2.4763E+00
  2.700000E+05 2.1314E+00
  2.800000E+05 1.8447E+00
  3.000000E+05 1.4024E+00
  3.500000E+05 7.6012E-01
  4.000000E+05 4.4718E-01
  4.500000E+05 2.7940E-01
  5.000000E+05 1.8345E-01
  5.500000E+05 1.2538E-01
  6.000000E+05 8.8585E-02
  6.500000E+05 6.4307E-02
  7.000000E+05 4.7805E-02
  7.500000E+05 3.6273E-02
  8.000000E+05 2.8018E-02
  8.500000E+05 2.1976E-02
  9.000000E+05 1.7478E-02
  9.500000E+05 1.4075E-02
  1.000000E+06 1.1460E-02
  1.050000E+06 9.4242E-03
  1.100000E+06 7.8207E-03
  1.200000E+06 5.5176E-03
  1.300000E+06 4.0024E-03
  1.400000E+06 2.9732E-03
  1.500000E+06 2.2542E-03
  1.600000E+06 1.7399E-03
  2.000000E+06 7.1386E-04
  2.500000E+06 2.9240E-04
  3.000000E+06 1.4101E-04
  4.000000E+06 4.4616E-05
  5.000000E+06 1.8275E-05
  7.000000E+06 4.7571E-06
  1.000000E+07 1.1422E-06
  1.500000E+07 2.2562E-07
  2.250000E+07 4.4566E-08
  3.350000E+07 9.0689E-09
  5.000000E+07 1.8275E-09
  7.400000E+07 3.8090E-10
  1.100000E+08 7.8013E-11
  1.300000E+08 3.9991E-11
  1.600000E+08 1.7428E-11
  2.400000E+08 3.4426E-12
  3.600000E+08 6.8003E-13
