# File: out_constant_SFH.ised
# Column            2
# Age(yr)       7.000E+08
# Lambda(A)       Flux   
  9.100000E+01 6.1827E+03
  9.400000E+01 7.1537E+03
  9.600000E+01 7.6632E+03
  9.800000E+01 4.1320E+04
  1.000000E+02 1.2619E+05
  1.020000E+02 1.3555E+05
  1.040000E+02 1.2883E+05
  1.060000E+02 1.3064E+05
  1.080000E+02 1.3474E+05
  1.100000E+02 1.4984E+05
  1.140000E+02 1.5837E+05
  1.180000E+02 1.5063E+05
  1.210000E+02 1.9470E+05
  1.250000E+02 2.0188E+05
  1.270000E+02 2.0736E+05
  1.280000E+02 2.0914E+05
  1.310000E+02 2.0301E+05
  1.320000E+02 2.0860E+05
  1.340000E+02 1.9896E+05
  1.370000E+02 2.2216E+05
  1.400000E+02 2.2310E+05
  1.430000E+02 2.7940E+05
  1.470000E+02 3.4904E+05
  1.500000E+02 2.9753E+05
  1.510000E+02 3.2171E+05
  1.550000E+02 3.5277E+05
  1.590000E+02 3.5397E+05
  1.620000E+02 3.5466E+05
  1.660000E+02 3.5692E+05
  1.700000E+02 3.5674E+05
  1.730000E+02 2.6053E+05
  1.770000E+02 3.5949E+05
  1.800000E+02 3.5998E+05
  1.820000E+02 3.5989E+05
  1.860000E+02 3.6057E+05
  1.910000E+02 3.6090E+05
  1.940000E+02 3.6329E+05
  1.980000E+02 3.6324E+05
  2.000000E+02 3.6302E+05
  2.020000E+02 3.6345E+05
  2.050000E+02 3.6317E+05
  2.100000E+02 3.5611E+05
  2.160000E+02 3.6319E+05
  2.200000E+02 3.6406E+05
  2.230000E+02 3.5966E+05
  2.270000E+02 3.6449E+05
  2.300000E+02 4.5855E+05
  2.340000E+02 6.5321E+05
  2.400000E+02 7.4589E+05
  2.460000E+02 6.7698E+05
  2.520000E+02 7.2795E+05
  2.570000E+02 6.8902E+05
  2.600000E+02 7.1566E+05
  2.640000E+02 9.3701E+05
  2.690000E+02 9.7136E+05
  2.740000E+02 9.9379E+05
  2.790000E+02 8.4132E+05
  2.840000E+02 1.0282E+06
  2.900000E+02 1.0946E+06
  2.960000E+02 9.8855E+05
  3.000000E+02 9.1024E+05
  3.010000E+02 8.8929E+05
  3.080000E+02 9.5731E+05
  3.180000E+02 9.3407E+05
  3.280000E+02 9.6651E+05
  3.380000E+02 9.0274E+05
  3.480000E+02 8.4814E+05
  3.570000E+02 1.1484E+06
  3.660000E+02 1.7570E+06
  3.750000E+02 1.7224E+06
  3.850000E+02 1.3478E+06
  3.950000E+02 1.9968E+06
  4.000000E+02 2.2127E+06
  4.050000E+02 2.4567E+06
  4.140000E+02 2.4190E+06
  4.220000E+02 2.1735E+06
  4.300000E+02 2.0590E+06
  4.410000E+02 2.3839E+06
  4.510000E+02 2.4033E+06
  4.600000E+02 2.0900E+06
  4.700000E+02 2.1046E+06
  4.800000E+02 2.3384E+06
  4.900000E+02 1.9607E+06
  5.000000E+02 2.3919E+06
  5.060000E+02 2.0299E+06
  5.120000E+02 3.0615E+06
  5.200000E+02 2.8786E+06
  5.300000E+02 2.6255E+06
  5.400000E+02 2.1164E+06
  5.500000E+02 2.0073E+06
  5.600000E+02 2.5964E+06
  5.700000E+02 2.8635E+06
  5.800000E+02 2.7643E+06
  5.900000E+02 2.7649E+06
  6.000000E+02 2.2975E+06
  6.100000E+02 2.1598E+06
  6.200000E+02 2.6959E+06
  6.300000E+02 2.4840E+06
  6.400000E+02 2.7095E+06
  6.500000E+02 2.5590E+06
  6.580000E+02 2.3190E+06
  6.650000E+02 2.5874E+06
  6.750000E+02 2.6666E+06
  6.850000E+02 2.2603E+06
  6.950000E+02 2.5639E+06
  7.000000E+02 2.2914E+06
  7.050000E+02 2.0539E+06
  7.160000E+02 2.5509E+06
  7.260000E+02 2.5416E+06
  7.350000E+02 2.5138E+06
  7.450000E+02 2.3911E+06
  7.550000E+02 2.3356E+06
  7.650000E+02 2.0588E+06
  7.750000E+02 2.2674E+06
  7.850000E+02 2.0342E+06
  7.950000E+02 2.1646E+06
  8.000000E+02 2.1787E+06
  8.050000E+02 2.1936E+06
  8.150000E+02 2.1715E+06
  8.250000E+02 2.1699E+06
  8.350000E+02 1.7183E+06
  8.450000E+02 2.0682E+06
  8.550000E+02 2.0010E+06
  8.650000E+02 2.0440E+06
  8.750000E+02 2.0234E+06
  8.850000E+02 1.9956E+06
  8.950000E+02 1.9724E+06
  9.000000E+02 1.9403E+06
  9.050000E+02 1.9089E+06
  9.150000E+02 1.7955E+06
  9.250000E+02 3.8542E+06
  9.350000E+02 5.8937E+06
  9.450000E+02 7.6717E+06
  9.550000E+02 8.7517E+06
  9.650000E+02 9.3204E+06
  9.750000E+02 3.7946E+06
  9.850000E+02 7.2383E+06
  9.950000E+02 6.9393E+06
  1.000000E+03 7.6731E+06
  1.005000E+03 8.5407E+06
  1.015000E+03 8.6828E+06
  1.025000E+03 6.0939E+06
  1.035000E+03 7.5147E+06
  1.045000E+03 1.0063E+07
  1.055000E+03 9.5874E+06
  1.065000E+03 8.0345E+06
  1.075000E+03 8.7358E+06
  1.085000E+03 7.5867E+06
  1.095000E+03 8.7897E+06
  1.100000E+03 8.5480E+06
  1.105000E+03 8.3366E+06
  1.115000E+03 8.0671E+06
  1.125000E+03 7.0613E+06
  1.135000E+03 8.2842E+06
  1.145000E+03 7.7781E+06
  1.155000E+03 7.7510E+06
  1.165000E+03 7.5796E+06
  1.175000E+03 5.1879E+06
  1.185000E+03 7.1122E+06
  1.195000E+03 6.0061E+06
  1.200000E+03 5.5104E+06
  1.205000E+03 5.1027E+06
  1.215000E+03 4.1346E+06
  1.225000E+03 5.7038E+06
  1.235000E+03 6.8413E+06
  1.245000E+03 7.0205E+06
  1.255000E+03 6.7754E+06
  1.265000E+03 6.4046E+06
  1.275000E+03 7.1943E+06
  1.285000E+03 7.2911E+06
  1.295000E+03 6.2172E+06
  1.300000E+03 6.1867E+06
  1.305000E+03 6.1671E+06
  1.315000E+03 7.0170E+06
  1.325000E+03 6.6790E+06
  1.335000E+03 6.1821E+06
  1.345000E+03 6.7040E+06
  1.355000E+03 6.4726E+06
  1.365000E+03 5.9436E+06
  1.375000E+03 5.9411E+06
  1.385000E+03 5.8610E+06
  1.395000E+03 4.5413E+06
  1.400000E+03 4.4769E+06
  1.405000E+03 4.4274E+06
  1.415000E+03 5.3869E+06
  1.425000E+03 5.2548E+06
  1.435000E+03 5.3686E+06
  1.442000E+03 5.4557E+06
  1.447000E+03 5.4622E+06
  1.455000E+03 5.2590E+06
  1.465000E+03 4.9274E+06
  1.475000E+03 4.9325E+06
  1.485000E+03 4.9586E+06
  1.495000E+03 4.9071E+06
  1.500000E+03 4.7722E+06
  1.505000E+03 4.6432E+06
  1.512000E+03 4.2478E+06
  1.517000E+03 4.4096E+06
  1.525000E+03 4.3135E+06
  1.535000E+03 3.7202E+06
  1.545000E+03 3.5144E+06
  1.555000E+03 3.4428E+06
  1.565000E+03 3.7332E+06
  1.575000E+03 3.9466E+06
  1.585000E+03 4.0368E+06
  1.595000E+03 4.0462E+06
  1.600000E+03 3.9870E+06
  1.605000E+03 3.9302E+06
  1.615000E+03 3.8630E+06
  1.625000E+03 3.7464E+06
  1.635000E+03 3.9061E+06
  1.645000E+03 3.9008E+06
  1.655000E+03 3.7445E+06
  1.665000E+03 3.8903E+06
  1.672000E+03 3.5407E+06
  1.677000E+03 3.9780E+06
  1.685000E+03 3.9794E+06
  1.695000E+03 3.7685E+06
  1.700000E+03 3.7053E+06
  1.705000E+03 3.6438E+06
  1.715000E+03 3.4389E+06
  1.725000E+03 3.3736E+06
  1.735000E+03 3.5358E+06
  1.745000E+03 3.4552E+06
  1.755000E+03 3.5484E+06
  1.765000E+03 3.3581E+06
  1.775000E+03 3.3089E+06
  1.785000E+03 3.3573E+06
  1.795000E+03 3.4473E+06
  1.800000E+03 3.4362E+06
  1.805000E+03 3.4256E+06
  1.815000E+03 3.1706E+06
  1.825000E+03 3.2099E+06
  1.835000E+03 3.1119E+06
  1.845000E+03 2.8851E+06
  1.855000E+03 2.8844E+06
  1.865000E+03 2.9227E+06
  1.875000E+03 3.0513E+06
  1.885000E+03 2.8109E+06
  1.895000E+03 2.6893E+06
  1.900000E+03 2.7576E+06
  1.905000E+03 2.8297E+06
  1.915000E+03 2.7033E+06
  1.925000E+03 2.6037E+06
  1.935000E+03 2.7146E+06
  1.945000E+03 2.7680E+06
  1.955000E+03 2.5526E+06
  1.967000E+03 2.7380E+06
  1.976000E+03 2.7998E+06
  1.984000E+03 2.6504E+06
  1.995000E+03 2.5738E+06
  2.000000E+03 2.6053E+06
  2.005000E+03 2.6377E+06
  2.015000E+03 2.5660E+06
  2.025000E+03 2.6395E+06
  2.035000E+03 2.4760E+06
  2.045000E+03 2.5201E+06
  2.055000E+03 2.2735E+06
  2.065000E+03 2.3420E+06
  2.074000E+03 2.5475E+06
  2.078000E+03 2.3938E+06
  2.085000E+03 2.4621E+06
  2.095000E+03 2.3342E+06
  2.100000E+03 2.3451E+06
  2.105000E+03 2.3566E+06
  2.115000E+03 2.3684E+06
  2.125000E+03 2.3731E+06
  2.135000E+03 2.2652E+06
  2.145000E+03 2.2441E+06
  2.155000E+03 2.3051E+06
  2.165000E+03 2.2387E+06
  2.175000E+03 2.2204E+06
  2.185000E+03 2.1582E+06
  2.195000E+03 2.2195E+06
  2.200000E+03 2.1945E+06
  2.205000E+03 2.1700E+06
  2.215000E+03 2.0888E+06
  2.225000E+03 2.0325E+06
  2.235000E+03 2.0803E+06
  2.245000E+03 2.0210E+06
  2.255000E+03 1.9532E+06
  2.265000E+03 1.9785E+06
  2.275000E+03 1.9882E+06
  2.285000E+03 1.9907E+06
  2.295000E+03 1.8750E+06
  2.300000E+03 1.8797E+06
  2.305000E+03 1.8852E+06
  2.315000E+03 1.8213E+06
  2.325000E+03 1.5529E+06
  2.335000E+03 1.7303E+06
  2.345000E+03 1.7042E+06
  2.355000E+03 1.7443E+06
  2.365000E+03 1.6669E+06
  2.375000E+03 1.6657E+06
  2.385000E+03 1.5883E+06
  2.395000E+03 1.6388E+06
  2.400000E+03 1.6132E+06
  2.405000E+03 1.5882E+06
  2.415000E+03 1.5948E+06
  2.425000E+03 1.6241E+06
  2.435000E+03 1.5667E+06
  2.445000E+03 1.6055E+06
  2.455000E+03 1.5785E+06
  2.465000E+03 1.5616E+06
  2.475000E+03 1.5196E+06
  2.485000E+03 1.5291E+06
  2.495000E+03 1.3469E+06
  2.500000E+03 1.4293E+06
  2.505000E+03 1.5194E+06
  2.513000E+03 1.4192E+06
  2.518000E+03 1.4681E+06
  2.525000E+03 1.4284E+06
  2.535000E+03 1.4252E+06
  2.545000E+03 1.3912E+06
  2.555000E+03 1.4263E+06
  2.565000E+03 1.4049E+06
  2.575000E+03 1.4362E+06
  2.585000E+03 1.4188E+06
  2.595000E+03 1.3990E+06
  2.600000E+03 1.3827E+06
  2.605000E+03 1.3667E+06
  2.615000E+03 1.3460E+06
  2.625000E+03 1.3623E+06
  2.635000E+03 1.3614E+06
  2.645000E+03 1.3981E+06
  2.655000E+03 1.3898E+06
  2.665000E+03 1.3183E+06
  2.675000E+03 1.3372E+06
  2.685000E+03 1.3266E+06
  2.695000E+03 1.2849E+06
  2.700000E+03 1.2855E+06
  2.705000E+03 1.2864E+06
  2.715000E+03 1.2546E+06
  2.725000E+03 1.2514E+06
  2.735000E+03 1.2677E+06
  2.745000E+03 1.1873E+06
  2.755000E+03 1.1853E+06
  2.765000E+03 1.1930E+06
  2.775000E+03 1.2173E+06
  2.785000E+03 1.1892E+06
  2.795000E+03 1.0621E+06
  2.800000E+03 1.0810E+06
  2.805000E+03 1.1008E+06
  2.815000E+03 1.1831E+06
  2.825000E+03 1.1846E+06
  2.835000E+03 1.1401E+06
  2.845000E+03 1.1278E+06
  2.855000E+03 1.1132E+06
  2.865000E+03 1.1380E+06
  2.875000E+03 1.1197E+06
  2.885000E+03 1.1165E+06
  2.895000E+03 1.0990E+06
  2.900000E+03 1.1055E+06
  2.910000E+03 1.1200E+06
  2.930000E+03 1.0910E+06
  2.950000E+03 1.0665E+06
  2.970000E+03 1.0579E+06
  2.990000E+03 1.0422E+06
  3.000000E+03 1.0356E+06
  3.010000E+03 1.0293E+06
  3.030000E+03 1.0168E+06
  3.050000E+03 1.0012E+06
  3.070000E+03 9.8664E+05
  3.090000E+03 9.7263E+05
  3.100000E+03 9.6467E+05
  3.110000E+03 9.5707E+05
  3.130000E+03 9.3839E+05
  3.150000E+03 9.3056E+05
  3.170000E+03 9.1325E+05
  3.190000E+03 8.8350E+05
  3.200000E+03 8.8285E+05
  3.210000E+03 8.8237E+05
  3.230000E+03 8.6188E+05
  3.250000E+03 8.6108E+05
  3.270000E+03 8.5359E+05
  3.290000E+03 8.4231E+05
  3.300000E+03 8.3713E+05
  3.310000E+03 8.3207E+05
  3.330000E+03 8.1625E+05
  3.350000E+03 7.9994E+05
  3.370000E+03 7.8335E+05
  3.390000E+03 7.7454E+05
  3.400000E+03 7.7128E+05
  3.410000E+03 7.6811E+05
  3.430000E+03 7.5495E+05
  3.450000E+03 7.4566E+05
  3.470000E+03 7.3646E+05
  3.490000E+03 7.2943E+05
  3.500000E+03 7.2738E+05
  3.510000E+03 7.2543E+05
  3.530000E+03 7.1286E+05
  3.550000E+03 7.0914E+05
  3.570000E+03 6.8611E+05
  3.590000E+03 6.7468E+05
  3.600000E+03 6.7337E+05
  3.610000E+03 6.7273E+05
  3.630000E+03 6.6814E+05
  3.640000E+03 6.6540E+05
  3.650000E+03 6.7189E+05
  3.670000E+03 6.5767E+05
  3.690000E+03 6.2113E+05
  3.700000E+03 6.3458E+05
  3.710000E+03 6.4955E+05
  3.730000E+03 6.3922E+05
  3.750000E+03 7.2886E+05
  3.770000E+03 7.4404E+05
  3.790000E+03 8.2272E+05
  3.800000E+03 8.5623E+05
  3.810000E+03 8.9190E+05
  3.830000E+03 7.4622E+05
  3.850000E+03 9.1665E+05
  3.870000E+03 9.6458E+05
  3.890000E+03 7.0203E+05
  3.900000E+03 8.1964E+05
  3.910000E+03 9.6475E+05
  3.930000E+03 8.8277E+05
  3.950000E+03 9.2430E+05
  3.970000E+03 6.3552E+05
  3.990000E+03 9.2571E+05
  4.000000E+03 9.4890E+05
  4.010000E+03 9.7381E+05
  4.030000E+03 9.5640E+05
  4.050000E+03 9.5288E+05
  4.070000E+03 9.1461E+05
  4.090000E+03 8.1744E+05
  4.100000E+03 7.5042E+05
  4.110000E+03 6.9031E+05
  4.130000E+03 8.7199E+05
  4.150000E+03 8.8996E+05
  4.170000E+03 8.8337E+05
  4.190000E+03 8.7489E+05
  4.200000E+03 8.7252E+05
  4.210000E+03 8.7047E+05
  4.230000E+03 8.5541E+05
  4.250000E+03 8.4831E+05
  4.270000E+03 8.2185E+05
  4.290000E+03 8.1499E+05
  4.300000E+03 7.9267E+05
  4.310000E+03 7.7138E+05
  4.330000E+03 6.8803E+05
  4.350000E+03 6.1885E+05
  4.370000E+03 7.8051E+05
  4.390000E+03 7.7049E+05
  4.400000E+03 7.7151E+05
  4.410000E+03 7.7272E+05
  4.430000E+03 7.7086E+05
  4.450000E+03 7.6967E+05
  4.470000E+03 7.5974E+05
  4.490000E+03 7.5692E+05
  4.500000E+03 7.6481E+05
  4.510000E+03 7.7344E+05
  4.530000E+03 7.4361E+05
  4.550000E+03 7.3506E+05
  4.570000E+03 7.4710E+05
  4.590000E+03 7.2611E+05
  4.600000E+03 7.2661E+05
  4.610000E+03 7.2717E+05
  4.630000E+03 7.0836E+05
  4.650000E+03 7.0597E+05
  4.670000E+03 7.0562E+05
  4.690000E+03 6.9123E+05
  4.700000E+03 6.8113E+05
  4.710000E+03 6.7123E+05
  4.730000E+03 6.8294E+05
  4.750000E+03 6.8225E+05
  4.770000E+03 6.7745E+05
  4.790000E+03 6.6737E+05
  4.800000E+03 6.6046E+05
  4.810000E+03 6.5366E+05
  4.830000E+03 6.4240E+05
  4.850000E+03 5.6163E+05
  4.870000E+03 4.8670E+05
  4.890000E+03 6.1179E+05
  4.900000E+03 6.1565E+05
  4.910000E+03 6.1966E+05
  4.930000E+03 6.0818E+05
  4.950000E+03 6.1777E+05
  4.970000E+03 6.0985E+05
  4.990000E+03 5.8983E+05
  5.000000E+03 5.7911E+05
  5.010000E+03 5.6868E+05
  5.030000E+03 5.7887E+05
  5.050000E+03 5.7013E+05
  5.070000E+03 5.7889E+05
  5.090000E+03 5.6339E+05
  5.100000E+03 5.6257E+05
  5.110000E+03 5.6187E+05
  5.130000E+03 5.4965E+05
  5.150000E+03 5.3801E+05
  5.170000E+03 5.2285E+05
  5.190000E+03 5.2339E+05
  5.200000E+03 5.2454E+05
  5.210000E+03 5.2588E+05
  5.230000E+03 5.2698E+05
  5.250000E+03 5.3103E+05
  5.270000E+03 5.0524E+05
  5.290000E+03 5.2471E+05
  5.300000E+03 5.2564E+05
  5.310000E+03 5.2678E+05
  5.330000E+03 5.0365E+05
  5.350000E+03 5.1586E+05
  5.370000E+03 5.1159E+05
  5.390000E+03 5.0179E+05
  5.400000E+03 4.9793E+05
  5.410000E+03 4.9408E+05
  5.430000E+03 4.9311E+05
  5.450000E+03 4.9641E+05
  5.470000E+03 4.8534E+05
  5.490000E+03 4.8212E+05
  5.500000E+03 4.7982E+05
  5.510000E+03 4.7751E+05
  5.530000E+03 4.7817E+05
  5.550000E+03 4.7825E+05
  5.570000E+03 4.7176E+05
  5.590000E+03 4.6316E+05
  5.600000E+03 4.6491E+05
  5.610000E+03 4.6685E+05
  5.630000E+03 4.5995E+05
  5.650000E+03 4.5771E+05
  5.670000E+03 4.5047E+05
  5.690000E+03 4.5373E+05
  5.700000E+03 4.4957E+05
  5.710000E+03 4.4555E+05
  5.730000E+03 4.5731E+05
  5.750000E+03 4.4492E+05
  5.770000E+03 4.4536E+05
  5.790000E+03 4.3474E+05
  5.800000E+03 4.3715E+05
  5.810000E+03 4.3973E+05
  5.830000E+03 4.4217E+05
  5.850000E+03 4.3309E+05
  5.870000E+03 4.2755E+05
  5.890000E+03 4.1015E+05
  5.900000E+03 4.1553E+05
  5.910000E+03 4.2143E+05
  5.930000E+03 4.1953E+05
  5.950000E+03 4.1605E+05
  5.970000E+03 4.1753E+05
  5.990000E+03 4.1042E+05
  6.000000E+03 4.0817E+05
  6.010000E+03 4.0609E+05
  6.030000E+03 4.0883E+05
  6.050000E+03 4.0933E+05
  6.070000E+03 4.0726E+05
  6.090000E+03 3.9726E+05
  6.100000E+03 3.9646E+05
  6.110000E+03 3.9572E+05
  6.130000E+03 3.8380E+05
  6.150000E+03 3.8285E+05
  6.170000E+03 3.7582E+05
  6.190000E+03 3.8221E+05
  6.200000E+03 3.8032E+05
  6.210000E+03 3.7837E+05
  6.230000E+03 3.6968E+05
  6.250000E+03 3.6014E+05
  6.270000E+03 3.6879E+05
  6.290000E+03 3.7053E+05
  6.300000E+03 3.6695E+05
  6.310000E+03 3.6345E+05
  6.330000E+03 3.6502E+05
  6.350000E+03 3.6087E+05
  6.370000E+03 3.5878E+05
  6.390000E+03 3.6157E+05
  6.400000E+03 3.5916E+05
  6.410000E+03 3.5642E+05
  6.430000E+03 3.5646E+05
  6.450000E+03 3.5353E+05
  6.470000E+03 3.5226E+05
  6.490000E+03 3.4504E+05
  6.500000E+03 3.4651E+05
  6.510000E+03 3.4796E+05
  6.530000E+03 3.4292E+05
  6.550000E+03 3.2294E+05
  6.570000E+03 2.8822E+05
  6.590000E+03 3.3258E+05
  6.600000E+03 3.3551E+05
  6.610000E+03 3.3860E+05
  6.630000E+03 3.3635E+05
  6.650000E+03 3.3415E+05
  6.670000E+03 3.2809E+05
  6.690000E+03 3.3060E+05
  6.700000E+03 3.2669E+05
  6.710000E+03 3.2289E+05
  6.730000E+03 3.2599E+05
  6.750000E+03 3.2122E+05
  6.770000E+03 3.2155E+05
  6.790000E+03 3.1771E+05
  6.800000E+03 3.1749E+05
  6.810000E+03 3.1734E+05
  6.830000E+03 3.1752E+05
  6.850000E+03 3.1193E+05
  6.870000E+03 3.1368E+05
  6.890000E+03 3.1506E+05
  6.900000E+03 3.1399E+05
  6.910000E+03 3.1272E+05
  6.930000E+03 3.0940E+05
  6.950000E+03 3.0614E+05
  6.970000E+03 3.0669E+05
  6.990000E+03 3.0460E+05
  7.000000E+03 3.0145E+05
  7.010000E+03 2.9910E+05
  7.030000E+03 3.0067E+05
  7.050000E+03 2.9939E+05
  7.070000E+03 2.9268E+05
  7.090000E+03 2.8813E+05
  7.100000E+03 2.8477E+05
  7.110000E+03 2.8195E+05
  7.130000E+03 2.7788E+05
  7.150000E+03 2.7741E+05
  7.170000E+03 2.7786E+05
  7.190000E+03 2.7383E+05
  7.200000E+03 2.7559E+05
  7.210000E+03 2.7762E+05
  7.230000E+03 2.7903E+05
  7.250000E+03 2.7896E+05
  7.270000E+03 2.7786E+05
  7.290000E+03 2.7348E+05
  7.300000E+03 2.7473E+05
  7.310000E+03 2.7684E+05
  7.330000E+03 2.7611E+05
  7.350000E+03 2.7577E+05
  7.370000E+03 2.7908E+05
  7.390000E+03 2.7363E+05
  7.400000E+03 2.7305E+05
  7.410000E+03 2.7224E+05
  7.430000E+03 2.7368E+05
  7.450000E+03 2.7296E+05
  7.470000E+03 2.7275E+05
  7.490000E+03 2.7074E+05
  7.500000E+03 2.7120E+05
  7.510000E+03 2.7205E+05
  7.530000E+03 2.7304E+05
  7.550000E+03 2.7300E+05
  7.570000E+03 2.7051E+05
  7.590000E+03 2.6700E+05
  7.600000E+03 2.6598E+05
  7.610000E+03 2.6481E+05
  7.630000E+03 2.6296E+05
  7.650000E+03 2.6009E+05
  7.670000E+03 2.5340E+05
  7.690000E+03 2.5672E+05
  7.700000E+03 2.5421E+05
  7.710000E+03 2.5252E+05
  7.730000E+03 2.5211E+05
  7.750000E+03 2.5021E+05
  7.770000E+03 2.5017E+05
  7.790000E+03 2.5163E+05
  7.800000E+03 2.5100E+05
  7.810000E+03 2.5043E+05
  7.830000E+03 2.4886E+05
  7.850000E+03 2.4564E+05
  7.870000E+03 2.4520E+05
  7.890000E+03 2.3972E+05
  7.900000E+03 2.3760E+05
  7.910000E+03 2.3555E+05
  7.930000E+03 2.3607E+05
  7.950000E+03 2.3301E+05
  7.970000E+03 2.3735E+05
  7.990000E+03 2.3630E+05
  8.000000E+03 2.3702E+05
  8.010000E+03 2.3739E+05
  8.030000E+03 2.3643E+05
  8.050000E+03 2.3463E+05
  8.070000E+03 2.3339E+05
  8.090000E+03 2.2929E+05
  8.100000E+03 2.2910E+05
  8.110000E+03 2.2835E+05
  8.130000E+03 2.3079E+05
  8.150000E+03 2.3066E+05
  8.170000E+03 2.3063E+05
  8.190000E+03 2.2645E+05
  8.200000E+03 2.2554E+05
  8.210000E+03 2.2496E+05
  8.230000E+03 2.2534E+05
  8.250000E+03 2.2550E+05
  8.270000E+03 2.2639E+05
  8.290000E+03 2.2451E+05
  8.300000E+03 2.2134E+05
  8.310000E+03 2.1825E+05
  8.330000E+03 2.1778E+05
  8.350000E+03 2.1684E+05
  8.370000E+03 2.1706E+05
  8.390000E+03 2.1289E+05
  8.400000E+03 2.1442E+05
  8.410000E+03 2.1594E+05
  8.430000E+03 2.1135E+05
  8.450000E+03 2.1001E+05
  8.470000E+03 2.0797E+05
  8.490000E+03 2.1147E+05
  8.500000E+03 2.0587E+05
  8.510000E+03 2.0070E+05
  8.530000E+03 2.1120E+05
  8.550000E+03 1.9234E+05
  8.570000E+03 2.1491E+05
  8.590000E+03 2.0597E+05
  8.600000E+03 2.0560E+05
  8.610000E+03 2.0537E+05
  8.630000E+03 2.1596E+05
  8.650000E+03 2.1169E+05
  8.670000E+03 1.8812E+05
  8.690000E+03 2.0855E+05
  8.700000E+03 2.1183E+05
  8.710000E+03 2.1505E+05
  8.730000E+03 2.1126E+05
  8.750000E+03 1.9534E+05
  8.770000E+03 2.0865E+05
  8.790000E+03 2.1418E+05
  8.800000E+03 2.1228E+05
  8.810000E+03 2.0996E+05
  8.830000E+03 2.1034E+05
  8.850000E+03 2.0379E+05
  8.870000E+03 1.9122E+05
  8.890000E+03 2.0543E+05
  8.900000E+03 2.0779E+05
  8.910000E+03 2.0954E+05
  8.930000E+03 2.0646E+05
  8.950000E+03 2.0685E+05
  8.970000E+03 2.0575E+05
  8.990000E+03 2.0238E+05
  9.000000E+03 1.9402E+05
  9.010000E+03 1.8631E+05
  9.030000E+03 1.9484E+05
  9.050000E+03 2.0519E+05
  9.070000E+03 2.0414E+05
  9.090000E+03 1.9923E+05
  9.100000E+03 2.0011E+05
  9.110000E+03 2.0060E+05
  9.130000E+03 2.0302E+05
  9.150000E+03 2.0143E+05
  9.170000E+03 1.9939E+05
  9.190000E+03 1.9835E+05
  9.200000E+03 1.9341E+05
  9.210000E+03 1.8866E+05
  9.230000E+03 1.7630E+05
  9.250000E+03 1.8536E+05
  9.270000E+03 1.9032E+05
  9.290000E+03 1.9191E+05
  9.300000E+03 1.9202E+05
  9.310000E+03 1.9219E+05
  9.330000E+03 1.9150E+05
  9.350000E+03 1.9074E+05
  9.370000E+03 1.8861E+05
  9.390000E+03 1.8948E+05
  9.400000E+03 1.8749E+05
  9.410000E+03 1.8474E+05
  9.430000E+03 1.8853E+05
  9.450000E+03 1.8440E+05
  9.470000E+03 1.8700E+05
  9.490000E+03 1.8623E+05
  9.500000E+03 1.8512E+05
  9.510000E+03 1.8302E+05
  9.530000E+03 1.7954E+05
  9.550000E+03 1.6727E+05
  9.570000E+03 1.7782E+05
  9.590000E+03 1.8265E+05
  9.600000E+03 1.8227E+05
  9.610000E+03 1.8119E+05
  9.630000E+03 1.8083E+05
  9.650000E+03 1.7906E+05
  9.670000E+03 1.7840E+05
  9.690000E+03 1.7975E+05
  9.700000E+03 1.7890E+05
  9.710000E+03 1.7851E+05
  9.730000E+03 1.7727E+05
  9.750000E+03 1.7543E+05
  9.770000E+03 1.7606E+05
  9.790000E+03 1.7360E+05
  9.800000E+03 1.7488E+05
  9.810000E+03 1.7654E+05
  9.830000E+03 1.7526E+05
  9.850000E+03 1.7503E+05
  9.870000E+03 1.7322E+05
  9.890000E+03 1.7241E+05
  9.900000E+03 1.7254E+05
  9.910000E+03 1.7187E+05
  9.930000E+03 1.7237E+05
  9.950000E+03 1.7187E+05
  9.970000E+03 1.7144E+05
  9.990000E+03 1.7039E+05
  1.000000E+04 1.6856E+05
  1.002500E+04 1.6506E+05
  1.007500E+04 1.6087E+05
  1.010000E+04 1.6299E+05
  1.012500E+04 1.6509E+05
  1.017500E+04 1.6275E+05
  1.020000E+04 1.6242E+05
  1.022500E+04 1.6233E+05
  1.027500E+04 1.6177E+05
  1.030000E+04 1.6078E+05
  1.032500E+04 1.5955E+05
  1.037500E+04 1.5751E+05
  1.040000E+04 1.5652E+05
  1.042500E+04 1.5633E+05
  1.047500E+04 1.5433E+05
  1.050000E+04 1.5403E+05
  1.052500E+04 1.5306E+05
  1.057500E+04 1.5139E+05
  1.060000E+04 1.5140E+05
  1.062500E+04 1.5006E+05
  1.067500E+04 1.4691E+05
  1.070000E+04 1.4744E+05
  1.072500E+04 1.4657E+05
  1.077500E+04 1.4538E+05
  1.080000E+04 1.4324E+05
  1.082500E+04 1.4216E+05
  1.087500E+04 1.3941E+05
  1.090000E+04 1.3675E+05
  1.092500E+04 1.3356E+05
  1.097500E+04 1.3353E+05
  1.100000E+04 1.3305E+05
  1.102500E+04 1.3406E+05
  1.107500E+04 1.3216E+05
  1.110000E+04 1.3238E+05
  1.112500E+04 1.3205E+05
  1.117500E+04 1.3123E+05
  1.120000E+04 1.3075E+05
  1.122500E+04 1.3067E+05
  1.127500E+04 1.2852E+05
  1.130000E+04 1.2788E+05
  1.132500E+04 1.2738E+05
  1.137500E+04 1.2600E+05
  1.140000E+04 1.2603E+05
  1.142500E+04 1.2443E+05
  1.147500E+04 1.2521E+05
  1.150000E+04 1.2567E+05
  1.152500E+04 1.2524E+05
  1.157500E+04 1.2370E+05
  1.160000E+04 1.2330E+05
  1.162500E+04 1.2207E+05
  1.167500E+04 1.2092E+05
  1.170000E+04 1.2062E+05
  1.172500E+04 1.2055E+05
  1.177500E+04 1.1911E+05
  1.180000E+04 1.1834E+05
  1.182500E+04 1.1781E+05
  1.187500E+04 1.1610E+05
  1.190000E+04 1.1683E+05
  1.192500E+04 1.1629E+05
  1.197500E+04 1.1284E+05
  1.200000E+04 1.1414E+05
  1.202500E+04 1.1472E+05
  1.207500E+04 1.1227E+05
  1.210000E+04 1.1147E+05
  1.212500E+04 1.1245E+05
  1.217500E+04 1.1216E+05
  1.220000E+04 1.1222E+05
  1.222500E+04 1.1147E+05
  1.227500E+04 1.1030E+05
  1.230000E+04 1.1008E+05
  1.232500E+04 1.0875E+05
  1.237500E+04 1.0861E+05
  1.240000E+04 1.0818E+05
  1.242500E+04 1.0710E+05
  1.247500E+04 1.0597E+05
  1.250000E+04 1.0583E+05
  1.252500E+04 1.0511E+05
  1.257500E+04 1.0427E+05
  1.260000E+04 1.0506E+05
  1.262500E+04 1.0453E+05
  1.267500E+04 1.0227E+05
  1.270000E+04 1.0287E+05
  1.272500E+04 1.0272E+05
  1.277500E+04 1.0140E+05
  1.280000E+04 9.9248E+04
  1.282500E+04 9.6426E+04
  1.287500E+04 9.9032E+04
  1.290000E+04 9.9557E+04
  1.292500E+04 9.9358E+04
  1.297500E+04 9.8998E+04
  1.300000E+04 9.8771E+04
  1.302500E+04 9.8490E+04
  1.307500E+04 9.8064E+04
  1.310000E+04 9.7009E+04
  1.312500E+04 9.6689E+04
  1.317500E+04 9.5848E+04
  1.320000E+04 9.6145E+04
  1.322500E+04 9.5557E+04
  1.327500E+04 9.3903E+04
  1.330000E+04 9.3923E+04
  1.332500E+04 9.4004E+04
  1.337500E+04 9.2609E+04
  1.340000E+04 9.3489E+04
  1.342500E+04 9.3574E+04
  1.347500E+04 9.2934E+04
  1.350000E+04 9.2732E+04
  1.352500E+04 9.2555E+04
  1.357500E+04 9.0367E+04
  1.360000E+04 9.0696E+04
  1.362500E+04 8.9594E+04
  1.367500E+04 9.0100E+04
  1.370000E+04 8.9778E+04
  1.372500E+04 8.9090E+04
  1.377500E+04 8.9194E+04
  1.380000E+04 8.9199E+04
  1.382500E+04 8.8895E+04
  1.387500E+04 8.7880E+04
  1.390000E+04 8.7320E+04
  1.392500E+04 8.6739E+04
  1.397500E+04 8.5441E+04
  1.400000E+04 8.5320E+04
  1.402500E+04 8.4892E+04
  1.407500E+04 8.3780E+04
  1.410000E+04 8.2667E+04
  1.412500E+04 8.1776E+04
  1.417500E+04 8.1910E+04
  1.420000E+04 8.1209E+04
  1.422500E+04 8.1406E+04
  1.427500E+04 8.1006E+04
  1.430000E+04 8.0406E+04
  1.432500E+04 8.1023E+04
  1.437500E+04 8.1417E+04
  1.440000E+04 8.0841E+04
  1.442500E+04 7.9017E+04
  1.447500E+04 7.9541E+04
  1.450000E+04 7.8923E+04
  1.452500E+04 7.8023E+04
  1.457000E+04 7.9009E+04
  1.460000E+04 7.8813E+04
  1.462000E+04 7.8061E+04
  1.467500E+04 7.7240E+04
  1.470000E+04 7.5936E+04
  1.472500E+04 7.6160E+04
  1.477500E+04 7.6198E+04
  1.480000E+04 7.6018E+04
  1.482500E+04 7.6737E+04
  1.487500E+04 7.6418E+04
  1.490000E+04 7.6292E+04
  1.492500E+04 7.7492E+04
  1.497500E+04 7.6300E+04
  1.500000E+04 7.6024E+04
  1.502500E+04 7.5033E+04
  1.507500E+04 7.5071E+04
  1.510000E+04 7.5095E+04
  1.512500E+04 7.4492E+04
  1.517500E+04 7.5525E+04
  1.520000E+04 7.6053E+04
  1.522500E+04 7.4685E+04
  1.527500E+04 7.5549E+04
  1.530000E+04 7.4737E+04
  1.532500E+04 7.4380E+04
  1.537500E+04 7.3842E+04
  1.540000E+04 7.4411E+04
  1.542500E+04 7.4223E+04
  1.547500E+04 7.3929E+04
  1.550000E+04 7.3497E+04
  1.552500E+04 7.2743E+04
  1.557500E+04 7.0250E+04
  1.560000E+04 7.1334E+04
  1.562500E+04 7.1731E+04
  1.567500E+04 7.1331E+04
  1.570000E+04 7.1698E+04
  1.572500E+04 7.2077E+04
  1.577500E+04 6.7609E+04
  1.580000E+04 6.7184E+04
  1.582500E+04 6.8019E+04
  1.587500E+04 6.7386E+04
  1.590000E+04 6.8830E+04
  1.592500E+04 6.9111E+04
  1.597500E+04 6.8470E+04
  1.600000E+04 6.8349E+04
  1.605000E+04 6.8563E+04
  1.610000E+04 6.8136E+04
  1.615000E+04 6.8469E+04
  1.620000E+04 6.7740E+04
  1.625000E+04 6.6464E+04
  1.630000E+04 6.7935E+04
  1.635000E+04 6.8181E+04
  1.640000E+04 6.7269E+04
  1.645000E+04 6.6208E+04
  1.650000E+04 6.6059E+04
  1.655000E+04 6.5932E+04
  1.660000E+04 6.6132E+04
  1.665000E+04 6.4410E+04
  1.670000E+04 6.5743E+04
  1.675000E+04 6.5951E+04
  1.680000E+04 6.3314E+04
  1.685000E+04 6.2771E+04
  1.690000E+04 6.3605E+04
  1.695000E+04 6.3639E+04
  1.700000E+04 6.3380E+04
  1.705000E+04 6.2315E+04
  1.710000E+04 6.2666E+04
  1.715000E+04 6.2275E+04
  1.720000E+04 6.1122E+04
  1.725000E+04 6.0257E+04
  1.730000E+04 5.9553E+04
  1.735000E+04 5.8953E+04
  1.740000E+04 5.8921E+04
  1.745000E+04 5.8790E+04
  1.750000E+04 5.7778E+04
  1.755000E+04 5.8738E+04
  1.760000E+04 5.8277E+04
  1.765000E+04 5.7009E+04
  1.770000E+04 5.5391E+04
  1.775000E+04 5.5451E+04
  1.780000E+04 5.5571E+04
  1.785000E+04 5.6226E+04
  1.790000E+04 5.3096E+04
  1.795000E+04 5.2413E+04
  1.800000E+04 5.4143E+04
  1.805000E+04 5.2375E+04
  1.810000E+04 5.2722E+04
  1.815000E+04 5.1726E+04
  1.820000E+04 5.1561E+04
  1.825000E+04 4.9690E+04
  1.830000E+04 4.9341E+04
  1.835000E+04 4.8620E+04
  1.840000E+04 4.7858E+04
  1.845000E+04 4.9450E+04
  1.850000E+04 5.0522E+04
  1.855000E+04 4.9007E+04
  1.860000E+04 4.8170E+04
  1.865000E+04 4.7052E+04
  1.870000E+04 4.8048E+04
  1.875000E+04 4.5390E+04
  1.880000E+04 4.5631E+04
  1.885000E+04 4.5664E+04
  1.890000E+04 4.4083E+04
  1.895000E+04 4.4198E+04
  1.900000E+04 4.5373E+04
  1.905000E+04 4.6149E+04
  1.910000E+04 4.4899E+04
  1.915000E+04 4.3999E+04
  1.920000E+04 4.3803E+04
  1.925000E+04 4.4126E+04
  1.930000E+04 4.4279E+04
  1.935000E+04 4.3661E+04
  1.940000E+04 4.1568E+04
  1.945000E+04 4.0727E+04
  1.950000E+04 4.1184E+04
  1.955000E+04 4.1513E+04
  1.960000E+04 4.1820E+04
  1.965000E+04 4.0974E+04
  1.970000E+04 4.1223E+04
  1.975000E+04 4.0065E+04
  1.980000E+04 3.8822E+04
  1.985000E+04 3.8547E+04
  1.990000E+04 3.9350E+04
  1.995000E+04 3.9321E+04
  2.000000E+04 3.8218E+04
  2.005000E+04 3.8748E+04
  2.010000E+04 3.9202E+04
  2.015000E+04 3.9233E+04
  2.020000E+04 3.8498E+04
  2.025000E+04 3.7497E+04
  2.030000E+04 3.6763E+04
  2.035000E+04 3.6580E+04
  2.040000E+04 3.5660E+04
  2.045000E+04 3.5770E+04
  2.050000E+04 3.5596E+04
  2.055000E+04 3.5134E+04
  2.060000E+04 3.4488E+04
  2.065000E+04 3.4301E+04
  2.070000E+04 3.4122E+04
  2.075000E+04 3.3682E+04
  2.080000E+04 3.3906E+04
  2.085000E+04 3.4935E+04
  2.090000E+04 3.4489E+04
  2.095000E+04 3.3146E+04
  2.100000E+04 3.2957E+04
  2.105000E+04 3.3255E+04
  2.110000E+04 3.3163E+04
  2.115000E+04 3.2313E+04
  2.120000E+04 3.1771E+04
  2.125000E+04 3.2332E+04
  2.130000E+04 3.1970E+04
  2.135000E+04 3.1849E+04
  2.140000E+04 3.1636E+04
  2.145000E+04 3.0821E+04
  2.150000E+04 3.0926E+04
  2.155000E+04 3.0740E+04
  2.160000E+04 3.0185E+04
  2.165000E+04 2.9842E+04
  2.170000E+04 2.9373E+04
  2.175000E+04 2.9074E+04
  2.180000E+04 2.9187E+04
  2.185000E+04 2.8784E+04
  2.190000E+04 2.8306E+04
  2.195000E+04 2.8003E+04
  2.200000E+04 2.7417E+04
  2.205000E+04 2.7001E+04
  2.210000E+04 2.6884E+04
  2.215000E+04 2.6967E+04
  2.220000E+04 2.7036E+04
  2.225000E+04 2.7075E+04
  2.230000E+04 2.7189E+04
  2.235000E+04 2.6703E+04
  2.240000E+04 2.6590E+04
  2.245000E+04 2.6869E+04
  2.250000E+04 2.6366E+04
  2.255000E+04 2.5726E+04
  2.260000E+04 2.5201E+04
  2.265000E+04 2.5295E+04
  2.270000E+04 2.5572E+04
  2.275000E+04 2.5315E+04
  2.280000E+04 2.4851E+04
  2.285000E+04 2.4704E+04
  2.290000E+04 2.3171E+04
  2.295000E+04 2.1835E+04
  2.300000E+04 2.2852E+04
  2.305000E+04 2.3728E+04
  2.310000E+04 2.4373E+04
  2.315000E+04 2.4080E+04
  2.320000E+04 2.1544E+04
  2.325000E+04 2.0682E+04
  2.330000E+04 2.2574E+04
  2.335000E+04 2.3033E+04
  2.340000E+04 2.1901E+04
  2.345000E+04 2.1429E+04
  2.350000E+04 2.0199E+04
  2.355000E+04 1.9499E+04
  2.360000E+04 1.9865E+04
  2.365000E+04 2.0744E+04
  2.370000E+04 2.0910E+04
  2.375000E+04 2.0552E+04
  2.380000E+04 1.9334E+04
  2.385000E+04 1.8169E+04
  2.390000E+04 1.9429E+04
  2.395000E+04 2.0089E+04
  2.400000E+04 1.9641E+04
  2.405000E+04 1.9232E+04
  2.410000E+04 1.8080E+04
  2.415000E+04 1.7055E+04
  2.420000E+04 1.7100E+04
  2.425000E+04 1.7471E+04
  2.430000E+04 1.7316E+04
  2.435000E+04 1.7084E+04
  2.440000E+04 1.6980E+04
  2.445000E+04 1.6418E+04
  2.450000E+04 1.6246E+04
  2.455000E+04 1.6172E+04
  2.460000E+04 1.6195E+04
  2.465000E+04 1.6166E+04
  2.470000E+04 1.5915E+04
  2.475000E+04 1.5581E+04
  2.480000E+04 1.4755E+04
  2.485000E+04 1.4197E+04
  2.490000E+04 1.4161E+04
  2.495000E+04 1.4110E+04
  2.500000E+04 1.4201E+04
  2.505000E+04 1.4408E+04
  2.510000E+04 1.3999E+04
  2.515000E+04 1.3689E+04
  2.520000E+04 1.3836E+04
  2.525000E+04 1.4078E+04
  2.530000E+04 1.4123E+04
  2.535000E+04 1.4097E+04
  2.540000E+04 1.3975E+04
  2.545000E+04 1.4010E+04
  2.550000E+04 1.4089E+04
  2.555000E+04 1.4065E+04
  2.560000E+04 1.4058E+04
  2.565000E+04 1.4058E+04
  2.570000E+04 1.4136E+04
  2.575000E+04 1.4292E+04
  2.580000E+04 1.4153E+04
  2.585000E+04 1.3963E+04
  2.590000E+04 1.3867E+04
  2.595000E+04 1.3973E+04
  2.600000E+04 1.4157E+04
  2.605000E+04 1.4259E+04
  2.610000E+04 1.4210E+04
  2.615000E+04 1.3880E+04
  2.620000E+04 1.3879E+04
  2.625000E+04 1.3956E+04
  2.630000E+04 1.4253E+04
  2.635000E+04 1.4254E+04
  2.640000E+04 1.4074E+04
  2.645000E+04 1.3806E+04
  2.650000E+04 1.3848E+04
  2.655000E+04 1.3977E+04
  2.660000E+04 1.4251E+04
  2.665000E+04 1.4113E+04
  2.670000E+04 1.3996E+04
  2.675000E+04 1.3747E+04
  2.680000E+04 1.3504E+04
  2.685000E+04 1.3258E+04
  2.690000E+04 1.3220E+04
  2.695000E+04 1.3393E+04
  2.700000E+04 1.3599E+04
  2.705000E+04 1.3429E+04
  2.710000E+04 1.3145E+04
  2.715000E+04 1.3193E+04
  2.720000E+04 1.3629E+04
  2.725000E+04 1.3742E+04
  2.730000E+04 1.3640E+04
  2.735000E+04 1.3390E+04
  2.740000E+04 1.3660E+04
  2.745000E+04 1.3772E+04
  2.750000E+04 1.3545E+04
  2.755000E+04 1.3221E+04
  2.760000E+04 1.2969E+04
  2.765000E+04 1.2904E+04
  2.770000E+04 1.2912E+04
  2.775000E+04 1.2944E+04
  2.780000E+04 1.3039E+04
  2.785000E+04 1.3124E+04
  2.790000E+04 1.2989E+04
  2.795000E+04 1.3144E+04
  2.800000E+04 1.2809E+04
  2.805000E+04 1.2759E+04
  2.810000E+04 1.2410E+04
  2.815000E+04 1.2490E+04
  2.820000E+04 1.2491E+04
  2.825000E+04 1.2525E+04
  2.830000E+04 1.2449E+04
  2.835000E+04 1.1996E+04
  2.840000E+04 1.1521E+04
  2.845000E+04 1.1125E+04
  2.850000E+04 1.1329E+04
  2.855000E+04 1.1698E+04
  2.860000E+04 1.1848E+04
  2.865000E+04 1.1794E+04
  2.870000E+04 1.1416E+04
  2.875000E+04 1.1380E+04
  2.880000E+04 1.1407E+04
  2.885000E+04 1.1165E+04
  2.890000E+04 1.0978E+04
  2.895000E+04 1.0756E+04
  2.900000E+04 1.1034E+04
  2.905000E+04 1.1042E+04
  2.910000E+04 1.0852E+04
  2.915000E+04 1.0593E+04
  2.920000E+04 1.0314E+04
  2.925000E+04 1.0098E+04
  2.930000E+04 1.0209E+04
  2.935000E+04 1.0010E+04
  2.940000E+04 9.9103E+03
  2.945000E+04 9.7282E+03
  2.950000E+04 9.5674E+03
  2.955000E+04 9.4891E+03
  2.960000E+04 9.4151E+03
  2.965000E+04 9.3364E+03
  2.970000E+04 9.2746E+03
  2.975000E+04 9.1922E+03
  2.980000E+04 9.1175E+03
  2.985000E+04 8.9934E+03
  2.990000E+04 8.9243E+03
  2.995000E+04 8.9007E+03
  3.000000E+04 8.8613E+03
  3.005000E+04 8.8135E+03
  3.010000E+04 8.7726E+03
  3.015000E+04 8.7047E+03
  3.020000E+04 8.6429E+03
  3.025000E+04 8.5824E+03
  3.030000E+04 8.5002E+03
  3.035000E+04 8.4223E+03
  3.040000E+04 8.4052E+03
  3.045000E+04 8.3912E+03
  3.050000E+04 8.3547E+03
  3.055000E+04 8.3252E+03
  3.060000E+04 8.2988E+03
  3.065000E+04 8.2541E+03
  3.070000E+04 8.2213E+03
  3.075000E+04 8.1929E+03
  3.080000E+04 8.1295E+03
  3.085000E+04 8.0728E+03
  3.090000E+04 8.0292E+03
  3.095000E+04 7.9806E+03
  3.100000E+04 7.9640E+03
  3.105000E+04 7.9443E+03
  3.110000E+04 7.8971E+03
  3.115000E+04 7.8321E+03
  3.120000E+04 7.7908E+03
  3.125000E+04 7.7534E+03
  3.130000E+04 7.7024E+03
  3.135000E+04 7.6617E+03
  3.140000E+04 7.6225E+03
  3.145000E+04 7.5862E+03
  3.150000E+04 7.5443E+03
  3.155000E+04 7.4981E+03
  3.160000E+04 7.4528E+03
  3.165000E+04 7.3997E+03
  3.170000E+04 7.3707E+03
  3.175000E+04 7.3427E+03
  3.180000E+04 7.3108E+03
  3.185000E+04 7.2846E+03
  3.190000E+04 7.2655E+03
  3.195000E+04 7.2407E+03
  3.200000E+04 7.2043E+03
  3.210000E+04 7.1158E+03
  3.220000E+04 7.0364E+03
  3.230000E+04 6.9712E+03
  3.240000E+04 6.9186E+03
  3.250000E+04 6.8765E+03
  3.260000E+04 6.8154E+03
  3.270000E+04 6.7496E+03
  3.280000E+04 6.6755E+03
  3.290000E+04 6.6131E+03
  3.300000E+04 6.5659E+03
  3.310000E+04 6.5097E+03
  3.320000E+04 6.4917E+03
  3.330000E+04 6.4794E+03
  3.340000E+04 6.4907E+03
  3.350000E+04 6.5369E+03
  3.360000E+04 6.4668E+03
  3.370000E+04 6.3270E+03
  3.380000E+04 6.3499E+03
  3.390000E+04 6.3241E+03
  3.400000E+04 6.2870E+03
  3.410000E+04 6.3411E+03
  3.420000E+04 6.3106E+03
  3.430000E+04 6.4100E+03
  3.440000E+04 6.4307E+03
  3.450000E+04 6.2759E+03
  3.460000E+04 6.1270E+03
  3.470000E+04 6.1569E+03
  3.480000E+04 6.0637E+03
  3.490000E+04 5.9057E+03
  3.500000E+04 5.8519E+03
  3.510000E+04 5.9212E+03
  3.520000E+04 5.7737E+03
  3.530000E+04 5.7659E+03
  3.540000E+04 5.5882E+03
  3.550000E+04 5.4909E+03
  3.560000E+04 5.5059E+03
  3.570000E+04 5.5195E+03
  3.580000E+04 5.4304E+03
  3.590000E+04 5.3333E+03
  3.600000E+04 5.3583E+03
  3.610000E+04 5.2953E+03
  3.620000E+04 5.2066E+03
  3.630000E+04 5.0483E+03
  3.640000E+04 5.0038E+03
  3.650000E+04 4.9117E+03
  3.660000E+04 4.8383E+03
  3.670000E+04 4.8093E+03
  3.680000E+04 4.7104E+03
  3.690000E+04 4.6222E+03
  3.700000E+04 4.5199E+03
  3.710000E+04 4.4619E+03
  3.720000E+04 4.4140E+03
  3.730000E+04 4.3512E+03
  3.740000E+04 4.2518E+03
  3.750000E+04 4.1741E+03
  3.760000E+04 4.1330E+03
  3.770000E+04 4.1004E+03
  3.780000E+04 4.0517E+03
  3.790000E+04 4.0182E+03
  3.800000E+04 3.9806E+03
  3.810000E+04 3.9340E+03
  3.820000E+04 3.8908E+03
  3.830000E+04 3.8566E+03
  3.840000E+04 3.8307E+03
  3.850000E+04 3.7978E+03
  3.860000E+04 3.7582E+03
  3.870000E+04 3.7208E+03
  3.880000E+04 3.6910E+03
  3.890000E+04 3.6576E+03
  3.900000E+04 3.6242E+03
  3.910000E+04 3.5939E+03
  3.920000E+04 3.5755E+03
  3.930000E+04 3.5574E+03
  3.940000E+04 3.5279E+03
  3.950000E+04 3.5020E+03
  3.960000E+04 3.4765E+03
  3.970000E+04 3.4608E+03
  3.980000E+04 3.4266E+03
  3.990000E+04 3.4007E+03
  4.000000E+04 3.3720E+03
  4.010000E+04 3.3523E+03
  4.020000E+04 3.3236E+03
  4.030000E+04 3.3171E+03
  4.040000E+04 3.3055E+03
  4.050000E+04 3.2822E+03
  4.060000E+04 3.2755E+03
  4.070000E+04 3.2610E+03
  4.080000E+04 3.2573E+03
  4.090000E+04 3.2450E+03
  4.100000E+04 3.2536E+03
  4.110000E+04 3.2390E+03
  4.120000E+04 3.2192E+03
  4.130000E+04 3.1835E+03
  4.140000E+04 3.1160E+03
  4.150000E+04 3.0802E+03
  4.160000E+04 3.0473E+03
  4.170000E+04 3.0764E+03
  4.180000E+04 3.0719E+03
  4.190000E+04 3.0806E+03
  4.200000E+04 3.0260E+03
  4.210000E+04 3.0065E+03
  4.220000E+04 3.0100E+03
  4.230000E+04 3.0129E+03
  4.240000E+04 3.0130E+03
  4.250000E+04 2.9744E+03
  4.260000E+04 2.9549E+03
  4.270000E+04 2.9491E+03
  4.280000E+04 2.8708E+03
  4.290000E+04 2.8059E+03
  4.300000E+04 2.7259E+03
  4.310000E+04 2.6669E+03
  4.320000E+04 2.6900E+03
  4.330000E+04 2.6546E+03
  4.340000E+04 2.5635E+03
  4.350000E+04 2.4955E+03
  4.360000E+04 2.4309E+03
  4.370000E+04 2.4205E+03
  4.380000E+04 2.3749E+03
  4.390000E+04 2.3633E+03
  4.400000E+04 2.3050E+03
  4.410000E+04 2.2952E+03
  4.420000E+04 2.3067E+03
  4.430000E+04 2.2847E+03
  4.440000E+04 2.2901E+03
  4.450000E+04 2.2222E+03
  4.460000E+04 2.1932E+03
  4.470000E+04 2.1568E+03
  4.480000E+04 2.1523E+03
  4.490000E+04 2.1802E+03
  4.500000E+04 2.1535E+03
  4.510000E+04 2.1250E+03
  4.520000E+04 2.0676E+03
  4.530000E+04 2.0247E+03
  4.540000E+04 1.9916E+03
  4.550000E+04 1.9618E+03
  4.560000E+04 1.9219E+03
  4.570000E+04 1.9020E+03
  4.580000E+04 1.8800E+03
  4.590000E+04 1.8474E+03
  4.600000E+04 1.8533E+03
  4.610000E+04 1.8623E+03
  4.620000E+04 1.8380E+03
  4.630000E+04 1.8290E+03
  4.640000E+04 1.8197E+03
  4.650000E+04 1.8066E+03
  4.660000E+04 1.7973E+03
  4.670000E+04 1.7785E+03
  4.680000E+04 1.7454E+03
  4.690000E+04 1.7273E+03
  4.700000E+04 1.7168E+03
  4.710000E+04 1.7008E+03
  4.720000E+04 1.7156E+03
  4.730000E+04 1.7360E+03
  4.740000E+04 1.7152E+03
  4.750000E+04 1.6962E+03
  4.760000E+04 1.6863E+03
  4.770000E+04 1.6653E+03
  4.780000E+04 1.6507E+03
  4.790000E+04 1.6370E+03
  4.800000E+04 1.6133E+03
  4.810000E+04 1.5990E+03
  4.820000E+04 1.5991E+03
  4.830000E+04 1.5993E+03
  4.840000E+04 1.5874E+03
  4.850000E+04 1.5676E+03
  4.860000E+04 1.5542E+03
  4.870000E+04 1.5409E+03
  4.880000E+04 1.5306E+03
  4.890000E+04 1.5282E+03
  4.900000E+04 1.5162E+03
  4.910000E+04 1.4972E+03
  4.920000E+04 1.4910E+03
  4.930000E+04 1.4809E+03
  4.940000E+04 1.4548E+03
  4.950000E+04 1.4359E+03
  4.960000E+04 1.4287E+03
  4.970000E+04 1.4161E+03
  4.980000E+04 1.3996E+03
  4.990000E+04 1.4060E+03
  5.000000E+04 1.4013E+03
  5.010000E+04 1.3959E+03
  5.020000E+04 1.3882E+03
  5.030000E+04 1.3724E+03
  5.040000E+04 1.3520E+03
  5.050000E+04 1.3352E+03
  5.060000E+04 1.3287E+03
  5.070000E+04 1.3218E+03
  5.080000E+04 1.3181E+03
  5.090000E+04 1.3146E+03
  5.100000E+04 1.3100E+03
  5.110000E+04 1.2995E+03
  5.120000E+04 1.2956E+03
  5.130000E+04 1.2847E+03
  5.140000E+04 1.2750E+03
  5.150000E+04 1.2686E+03
  5.160000E+04 1.2699E+03
  5.170000E+04 1.2676E+03
  5.180000E+04 1.2539E+03
  5.190000E+04 1.2457E+03
  5.200000E+04 1.2395E+03
  5.210000E+04 1.2250E+03
  5.220000E+04 1.2136E+03
  5.230000E+04 1.2059E+03
  5.240000E+04 1.2059E+03
  5.250000E+04 1.1965E+03
  5.260000E+04 1.1940E+03
  5.270000E+04 1.1945E+03
  5.280000E+04 1.1838E+03
  5.290000E+04 1.1706E+03
  5.300000E+04 1.1607E+03
  5.310000E+04 1.1511E+03
  5.320000E+04 1.1462E+03
  5.330000E+04 1.1381E+03
  5.340000E+04 1.1290E+03
  5.350000E+04 1.1192E+03
  5.360000E+04 1.1127E+03
  5.370000E+04 1.1071E+03
  5.380000E+04 1.1007E+03
  5.390000E+04 1.0936E+03
  5.400000E+04 1.0889E+03
  5.410000E+04 1.0842E+03
  5.420000E+04 1.0797E+03
  5.430000E+04 1.0726E+03
  5.440000E+04 1.0698E+03
  5.450000E+04 1.0669E+03
  5.460000E+04 1.0580E+03
  5.470000E+04 1.0499E+03
  5.480000E+04 1.0470E+03
  5.490000E+04 1.0426E+03
  5.500000E+04 1.0345E+03
  5.510000E+04 1.0268E+03
  5.520000E+04 1.0277E+03
  5.530000E+04 1.0320E+03
  5.540000E+04 1.0118E+03
  5.550000E+04 1.0021E+03
  5.560000E+04 1.0063E+03
  5.570000E+04 1.0078E+03
  5.580000E+04 9.9714E+02
  5.590000E+04 9.8439E+02
  5.600000E+04 9.8349E+02
  5.610000E+04 9.8033E+02
  5.620000E+04 9.6719E+02
  5.630000E+04 9.5866E+02
  5.640000E+04 9.5770E+02
  5.650000E+04 9.5603E+02
  5.660000E+04 9.4931E+02
  5.670000E+04 9.4063E+02
  5.680000E+04 9.3247E+02
  5.690000E+04 9.2379E+02
  5.700000E+04 9.1983E+02
  5.710000E+04 9.1574E+02
  5.720000E+04 9.0993E+02
  5.730000E+04 9.0609E+02
  5.740000E+04 8.9979E+02
  5.750000E+04 8.9167E+02
  5.760000E+04 8.8252E+02
  5.770000E+04 8.7804E+02
  5.780000E+04 8.7878E+02
  5.790000E+04 8.7955E+02
  5.800000E+04 8.7335E+02
  5.810000E+04 8.6878E+02
  5.820000E+04 8.6582E+02
  5.830000E+04 8.6301E+02
  5.840000E+04 8.6017E+02
  5.850000E+04 8.5361E+02
  5.860000E+04 8.4794E+02
  5.870000E+04 8.4422E+02
  5.880000E+04 8.3754E+02
  5.890000E+04 8.3224E+02
  5.900000E+04 8.2580E+02
  5.910000E+04 8.1906E+02
  5.920000E+04 8.1313E+02
  5.930000E+04 8.0760E+02
  5.940000E+04 8.0026E+02
  5.950000E+04 7.9683E+02
  5.960000E+04 7.9502E+02
  5.970000E+04 7.9225E+02
  5.980000E+04 7.8664E+02
  5.990000E+04 7.8083E+02
  6.000000E+04 7.7489E+02
  6.010000E+04 7.6889E+02
  6.020000E+04 7.6518E+02
  6.030000E+04 7.6217E+02
  6.040000E+04 7.5895E+02
  6.050000E+04 7.5628E+02
  6.060000E+04 7.5426E+02
  6.070000E+04 7.5159E+02
  6.080000E+04 7.4678E+02
  6.090000E+04 7.4204E+02
  6.100000E+04 7.3685E+02
  6.110000E+04 7.3040E+02
  6.120000E+04 7.2579E+02
  6.130000E+04 7.2159E+02
  6.140000E+04 7.1740E+02
  6.150000E+04 7.1336E+02
  6.160000E+04 7.0927E+02
  6.170000E+04 7.0362E+02
  6.180000E+04 6.9709E+02
  6.190000E+04 6.9081E+02
  6.200000E+04 6.8599E+02
  6.210000E+04 6.8263E+02
  6.220000E+04 6.7875E+02
  6.230000E+04 6.7480E+02
  6.240000E+04 6.7150E+02
  6.250000E+04 6.6852E+02
  6.260000E+04 6.6337E+02
  6.270000E+04 6.5799E+02
  6.280000E+04 6.5238E+02
  6.290000E+04 6.4700E+02
  6.300000E+04 6.4189E+02
  6.310000E+04 6.3825E+02
  6.320000E+04 6.3574E+02
  6.330000E+04 6.3341E+02
  6.340000E+04 6.3129E+02
  6.350000E+04 6.2894E+02
  6.360000E+04 6.2753E+02
  6.370000E+04 6.2543E+02
  6.380000E+04 6.2126E+02
  6.390000E+04 6.1564E+02
  6.400000E+04 6.1013E+02
  6.410000E+04 6.0421E+02
  6.420000E+04 5.9944E+02
  6.430000E+04 5.9496E+02
  6.440000E+04 5.9151E+02
  6.450000E+04 5.8771E+02
  6.460000E+04 5.8376E+02
  6.470000E+04 5.7934E+02
  6.480000E+04 5.7599E+02
  6.490000E+04 5.7469E+02
  6.500000E+04 5.7265E+02
  6.510000E+04 5.7018E+02
  6.520000E+04 5.6691E+02
  6.530000E+04 5.6354E+02
  6.540000E+04 5.5994E+02
  6.550000E+04 5.5649E+02
  6.560000E+04 5.5305E+02
  6.570000E+04 5.4799E+02
  6.580000E+04 5.4285E+02
  6.590000E+04 5.3869E+02
  6.600000E+04 5.3478E+02
  6.610000E+04 5.3123E+02
  6.620000E+04 5.2838E+02
  6.630000E+04 5.2610E+02
  6.640000E+04 5.2411E+02
  6.650000E+04 5.2221E+02
  6.660000E+04 5.2053E+02
  6.670000E+04 5.1892E+02
  6.680000E+04 5.1742E+02
  6.690000E+04 5.1471E+02
  6.700000E+04 5.1103E+02
  6.710000E+04 5.0749E+02
  6.720000E+04 5.0408E+02
  6.730000E+04 5.0183E+02
  6.740000E+04 4.9950E+02
  6.750000E+04 4.9654E+02
  6.760000E+04 4.9318E+02
  6.770000E+04 4.8898E+02
  6.780000E+04 4.8612E+02
  6.790000E+04 4.8452E+02
  6.800000E+04 4.8267E+02
  6.810000E+04 4.8070E+02
  6.820000E+04 4.7760E+02
  6.830000E+04 4.7436E+02
  6.840000E+04 4.7207E+02
  6.850000E+04 4.6987E+02
  6.860000E+04 4.6797E+02
  6.870000E+04 4.6555E+02
  6.880000E+04 4.6149E+02
  6.890000E+04 4.5733E+02
  6.900000E+04 4.5287E+02
  6.910000E+04 4.4938E+02
  6.920000E+04 4.4716E+02
  6.930000E+04 4.4492E+02
  6.940000E+04 4.4267E+02
  6.950000E+04 4.4002E+02
  6.960000E+04 4.3707E+02
  6.970000E+04 4.3489E+02
  6.980000E+04 4.3318E+02
  6.990000E+04 4.3140E+02
  7.000000E+04 4.2964E+02
  7.010000E+04 4.2743E+02
  7.020000E+04 4.2507E+02
  7.030000E+04 4.2247E+02
  7.040000E+04 4.1979E+02
  7.050000E+04 4.1761E+02
  7.060000E+04 4.1558E+02
  7.070000E+04 4.1368E+02
  7.080000E+04 4.1184E+02
  7.090000E+04 4.0978E+02
  7.100000E+04 4.0767E+02
  7.110000E+04 4.0549E+02
  7.120000E+04 4.0330E+02
  7.130000E+04 4.0126E+02
  7.140000E+04 3.9929E+02
  7.150000E+04 3.9757E+02
  7.160000E+04 3.9600E+02
  7.170000E+04 3.9432E+02
  7.180000E+04 3.9261E+02
  7.190000E+04 3.9096E+02
  7.200000E+04 3.8934E+02
  7.210000E+04 3.8791E+02
  7.220000E+04 3.8665E+02
  7.230000E+04 3.8530E+02
  7.240000E+04 3.8388E+02
  7.250000E+04 3.8226E+02
  7.260000E+04 3.8032E+02
  7.270000E+04 3.7826E+02
  7.280000E+04 3.7573E+02
  7.290000E+04 3.7340E+02
  7.300000E+04 3.7221E+02
  7.310000E+04 3.7096E+02
  7.320000E+04 3.6885E+02
  7.330000E+04 3.6675E+02
  7.340000E+04 3.6400E+02
  7.350000E+04 3.6123E+02
  7.360000E+04 3.5919E+02
  7.370000E+04 3.5746E+02
  7.380000E+04 3.5589E+02
  7.390000E+04 3.5434E+02
  7.400000E+04 3.5264E+02
  7.410000E+04 3.5067E+02
  7.420000E+04 3.4874E+02
  7.430000E+04 3.4683E+02
  7.440000E+04 3.4494E+02
  7.450000E+04 3.4441E+02
  7.460000E+04 3.4399E+02
  7.470000E+04 3.4237E+02
  7.480000E+04 3.4024E+02
  7.490000E+04 3.3856E+02
  7.500000E+04 3.3731E+02
  7.510000E+04 3.3616E+02
  7.520000E+04 3.3475E+02
  7.530000E+04 3.3335E+02
  7.540000E+04 3.3199E+02
  7.550000E+04 3.3054E+02
  7.560000E+04 3.2779E+02
  7.570000E+04 3.2459E+02
  7.580000E+04 3.2221E+02
  7.590000E+04 3.2081E+02
  7.600000E+04 3.1939E+02
  7.610000E+04 3.1778E+02
  7.620000E+04 3.1618E+02
  7.630000E+04 3.1432E+02
  7.640000E+04 3.1242E+02
  7.650000E+04 3.1024E+02
  7.660000E+04 3.0778E+02
  7.670000E+04 3.0559E+02
  7.680000E+04 3.0521E+02
  7.690000E+04 3.0485E+02
  7.700000E+04 3.0412E+02
  7.710000E+04 3.0332E+02
  7.720000E+04 3.0228E+02
  7.730000E+04 3.0087E+02
  7.740000E+04 2.9946E+02
  7.750000E+04 2.9772E+02
  7.760000E+04 2.9598E+02
  7.770000E+04 2.9495E+02
  7.780000E+04 2.9439E+02
  7.790000E+04 2.9358E+02
  7.800000E+04 2.9167E+02
  7.810000E+04 2.8979E+02
  7.820000E+04 2.8779E+02
  7.830000E+04 2.8579E+02
  7.840000E+04 2.8396E+02
  7.850000E+04 2.8253E+02
  7.860000E+04 2.8111E+02
  7.870000E+04 2.7980E+02
  7.880000E+04 2.7852E+02
  7.890000E+04 2.7737E+02
  7.900000E+04 2.7641E+02
  7.910000E+04 2.7547E+02
  7.920000E+04 2.7469E+02
  7.930000E+04 2.7395E+02
  7.940000E+04 2.7308E+02
  7.950000E+04 2.7195E+02
  7.960000E+04 2.7084E+02
  7.970000E+04 2.6948E+02
  7.980000E+04 2.6808E+02
  7.990000E+04 2.6681E+02
  8.000000E+04 2.6600E+02
  8.010000E+04 2.6520E+02
  8.020000E+04 2.6369E+02
  8.030000E+04 2.6195E+02
  8.040000E+04 2.6030E+02
  8.050000E+04 2.5914E+02
  8.060000E+04 2.5800E+02
  8.070000E+04 2.5690E+02
  8.080000E+04 2.5581E+02
  8.090000E+04 2.5473E+02
  8.100000E+04 2.5350E+02
  8.110000E+04 2.5221E+02
  8.120000E+04 2.5093E+02
  8.130000E+04 2.4965E+02
  8.140000E+04 2.4838E+02
  8.150000E+04 2.4731E+02
  8.160000E+04 2.4631E+02
  8.170000E+04 2.4532E+02
  8.180000E+04 2.4399E+02
  8.190000E+04 2.4265E+02
  8.200000E+04 2.4122E+02
  8.210000E+04 2.3962E+02
  8.220000E+04 2.3803E+02
  8.230000E+04 2.3683E+02
  8.240000E+04 2.3586E+02
  8.250000E+04 2.3490E+02
  8.260000E+04 2.3390E+02
  8.270000E+04 2.3292E+02
  8.280000E+04 2.3194E+02
  8.290000E+04 2.3099E+02
  8.300000E+04 2.3004E+02
  8.310000E+04 2.2902E+02
  8.320000E+04 2.2794E+02
  8.330000E+04 2.2686E+02
  8.340000E+04 2.2618E+02
  8.350000E+04 2.2574E+02
  8.360000E+04 2.2531E+02
  8.370000E+04 2.2432E+02
  8.380000E+04 2.2326E+02
  8.390000E+04 2.2223E+02
  8.400000E+04 2.2125E+02
  8.410000E+04 2.2028E+02
  8.420000E+04 2.1930E+02
  8.430000E+04 2.1825E+02
  8.440000E+04 2.1721E+02
  8.450000E+04 2.1623E+02
  8.460000E+04 2.1535E+02
  8.470000E+04 2.1448E+02
  8.480000E+04 2.1353E+02
  8.490000E+04 2.1253E+02
  8.500000E+04 2.1153E+02
  8.510000E+04 2.1074E+02
  8.520000E+04 2.1007E+02
  8.530000E+04 2.0939E+02
  8.540000E+04 2.0868E+02
  8.550000E+04 2.0796E+02
  8.560000E+04 2.0725E+02
  8.570000E+04 2.0642E+02
  8.580000E+04 2.0557E+02
  8.590000E+04 2.0473E+02
  8.600000E+04 2.0389E+02
  8.610000E+04 2.0306E+02
  8.620000E+04 2.0224E+02
  8.630000E+04 2.0142E+02
  8.640000E+04 2.0061E+02
  8.650000E+04 1.9980E+02
  8.660000E+04 1.9890E+02
  8.670000E+04 1.9800E+02
  8.680000E+04 1.9709E+02
  8.690000E+04 1.9634E+02
  8.700000E+04 1.9560E+02
  8.710000E+04 1.9486E+02
  8.720000E+04 1.9427E+02
  8.730000E+04 1.9370E+02
  8.740000E+04 1.9313E+02
  8.750000E+04 1.9256E+02
  8.760000E+04 1.9200E+02
  8.770000E+04 1.9143E+02
  8.780000E+04 1.9100E+02
  8.790000E+04 1.9060E+02
  8.800000E+04 1.9020E+02
  8.810000E+04 1.8981E+02
  8.820000E+04 1.8943E+02
  8.830000E+04 1.8908E+02
  8.840000E+04 1.8841E+02
  8.850000E+04 1.8755E+02
  8.860000E+04 1.8669E+02
  8.870000E+04 1.8599E+02
  8.880000E+04 1.8547E+02
  8.890000E+04 1.8496E+02
  8.900000E+04 1.8432E+02
  8.910000E+04 1.8345E+02
  8.920000E+04 1.8258E+02
  8.930000E+04 1.8172E+02
  8.940000E+04 1.8093E+02
  8.950000E+04 1.8010E+02
  8.960000E+04 1.7928E+02
  8.970000E+04 1.7850E+02
  8.980000E+04 1.7773E+02
  8.990000E+04 1.7699E+02
  9.000000E+04 1.7642E+02
  9.010000E+04 1.7591E+02
  9.020000E+04 1.7541E+02
  9.030000E+04 1.7463E+02
  9.040000E+04 1.7357E+02
  9.050000E+04 1.7251E+02
  9.060000E+04 1.7153E+02
  9.070000E+04 1.7075E+02
  9.080000E+04 1.6998E+02
  9.090000E+04 1.6922E+02
  9.100000E+04 1.6830E+02
  9.110000E+04 1.6741E+02
  9.120000E+04 1.6654E+02
  9.130000E+04 1.6575E+02
  9.140000E+04 1.6501E+02
  9.150000E+04 1.6428E+02
  9.160000E+04 1.6358E+02
  9.170000E+04 1.6298E+02
  9.180000E+04 1.6239E+02
  9.190000E+04 1.6181E+02
  9.200000E+04 1.6144E+02
  9.210000E+04 1.6110E+02
  9.220000E+04 1.6076E+02
  9.230000E+04 1.6052E+02
  9.240000E+04 1.6040E+02
  9.250000E+04 1.6027E+02
  9.260000E+04 1.6014E+02
  9.270000E+04 1.5978E+02
  9.280000E+04 1.5942E+02
  9.290000E+04 1.5907E+02
  9.300000E+04 1.5835E+02
  9.310000E+04 1.5741E+02
  9.320000E+04 1.5648E+02
  9.330000E+04 1.5559E+02
  9.340000E+04 1.5481E+02
  9.350000E+04 1.5405E+02
  9.360000E+04 1.5330E+02
  9.370000E+04 1.5260E+02
  9.380000E+04 1.5194E+02
  9.390000E+04 1.5128E+02
  9.400000E+04 1.5061E+02
  9.410000E+04 1.4987E+02
  9.420000E+04 1.4913E+02
  9.430000E+04 1.4839E+02
  9.440000E+04 1.4785E+02
  9.450000E+04 1.4744E+02
  9.460000E+04 1.4702E+02
  9.470000E+04 1.4663E+02
  9.480000E+04 1.4651E+02
  9.490000E+04 1.4640E+02
  9.500000E+04 1.4630E+02
  9.510000E+04 1.4601E+02
  9.520000E+04 1.4549E+02
  9.530000E+04 1.4497E+02
  9.540000E+04 1.4445E+02
  9.550000E+04 1.4382E+02
  9.560000E+04 1.4317E+02
  9.570000E+04 1.4252E+02
  9.580000E+04 1.4191E+02
  9.590000E+04 1.4150E+02
  9.600000E+04 1.4110E+02
  9.610000E+04 1.4070E+02
  9.620000E+04 1.4017E+02
  9.630000E+04 1.3949E+02
  9.640000E+04 1.3882E+02
  9.650000E+04 1.3815E+02
  9.660000E+04 1.3732E+02
  9.670000E+04 1.3644E+02
  9.680000E+04 1.3557E+02
  9.690000E+04 1.3472E+02
  9.700000E+04 1.3455E+02
  9.710000E+04 1.3437E+02
  9.720000E+04 1.3419E+02
  9.730000E+04 1.3400E+02
  9.740000E+04 1.3378E+02
  9.750000E+04 1.3359E+02
  9.760000E+04 1.3341E+02
  9.770000E+04 1.3308E+02
  9.780000E+04 1.3255E+02
  9.790000E+04 1.3202E+02
  9.800000E+04 1.3150E+02
  9.810000E+04 1.3106E+02
  9.820000E+04 1.3067E+02
  9.830000E+04 1.3028E+02
  9.840000E+04 1.2989E+02
  9.850000E+04 1.2967E+02
  9.860000E+04 1.2950E+02
  9.870000E+04 1.2934E+02
  9.880000E+04 1.2918E+02
  9.890000E+04 1.2867E+02
  9.900000E+04 1.2811E+02
  9.910000E+04 1.2754E+02
  9.920000E+04 1.2697E+02
  9.930000E+04 1.2624E+02
  9.940000E+04 1.2550E+02
  9.950000E+04 1.2478E+02
  9.960000E+04 1.2406E+02
  9.970000E+04 1.2337E+02
  9.980000E+04 1.2269E+02
  9.990000E+04 1.2200E+02
  1.000000E+05 1.2133E+02
  1.002000E+05 1.2027E+02
  1.050000E+05 1.0143E+02
  1.100000E+05 8.2818E+01
  1.130000E+05 7.5028E+01
  1.160000E+05 6.5719E+01
  1.200000E+05 5.7221E+01
  1.250000E+05 5.2838E+01
  1.300000E+05 4.4934E+01
  1.350000E+05 3.8453E+01
  1.400000E+05 3.3100E+01
  1.450000E+05 2.8646E+01
  1.500000E+05 2.4916E+01
  1.600000E+05 1.9112E+01
  1.700000E+05 1.4904E+01
  1.800000E+05 1.1794E+01
  1.900000E+05 9.4541E+00
  2.000000E+05 7.6672E+00
  2.200000E+05 5.2495E+00
  2.300000E+05 4.3994E+00
  2.400000E+05 3.7147E+00
  2.500000E+05 3.1584E+00
  2.600000E+05 2.7025E+00
  2.700000E+05 2.3261E+00
  2.800000E+05 2.0131E+00
  3.000000E+05 1.5303E+00
  3.500000E+05 8.2933E-01
  4.000000E+05 4.8784E-01
  4.500000E+05 3.0479E-01
  5.000000E+05 2.0011E-01
  5.500000E+05 1.3677E-01
  6.000000E+05 9.6623E-02
  6.500000E+05 7.0142E-02
  7.000000E+05 5.2142E-02
  7.500000E+05 3.9563E-02
  8.000000E+05 3.0559E-02
  8.500000E+05 2.3969E-02
  9.000000E+05 1.9064E-02
  9.500000E+05 1.5351E-02
  1.000000E+06 1.2500E-02
  1.050000E+06 1.0279E-02
  1.100000E+06 8.5302E-03
  1.200000E+06 6.0182E-03
  1.300000E+06 4.3655E-03
  1.400000E+06 3.2430E-03
  1.500000E+06 2.4587E-03
  1.600000E+06 1.8978E-03
  2.000000E+06 7.7864E-04
  2.500000E+06 3.1893E-04
  3.000000E+06 1.5381E-04
  4.000000E+06 4.8665E-05
  5.000000E+06 1.9933E-05
  7.000000E+06 5.1888E-06
  1.000000E+07 1.2458E-06
  1.500000E+07 2.4609E-07
  2.250000E+07 4.8610E-08
  3.350000E+07 9.8918E-09
  5.000000E+07 1.9933E-09
  7.400000E+07 4.1546E-10
  1.100000E+08 8.5092E-11
  1.300000E+08 4.3620E-11
  1.600000E+08 1.9010E-11
  2.400000E+08 3.7550E-12
  3.600000E+08 7.4173E-13
