# File: out_constant_SFH.ised
# Column            2
# Age(yr)       1.000E+09
# Lambda(A)       Flux   
  9.100000E+01 6.1828E+03
  9.400000E+01 7.1539E+03
  9.600000E+01 7.6635E+03
  9.800000E+01 4.1320E+04
  1.000000E+02 1.2619E+05
  1.020000E+02 1.3555E+05
  1.040000E+02 1.2883E+05
  1.060000E+02 1.3064E+05
  1.080000E+02 1.3474E+05
  1.100000E+02 1.4984E+05
  1.140000E+02 1.5837E+05
  1.180000E+02 1.5063E+05
  1.210000E+02 1.9471E+05
  1.250000E+02 2.0189E+05
  1.270000E+02 2.0737E+05
  1.280000E+02 2.0915E+05
  1.310000E+02 2.0303E+05
  1.320000E+02 2.0862E+05
  1.340000E+02 1.9898E+05
  1.370000E+02 2.2218E+05
  1.400000E+02 2.2312E+05
  1.430000E+02 2.7945E+05
  1.470000E+02 3.4918E+05
  1.500000E+02 2.9768E+05
  1.510000E+02 3.2186E+05
  1.550000E+02 3.5293E+05
  1.590000E+02 3.5414E+05
  1.620000E+02 3.5484E+05
  1.660000E+02 3.5711E+05
  1.700000E+02 3.5694E+05
  1.730000E+02 2.6074E+05
  1.770000E+02 3.5971E+05
  1.800000E+02 3.6021E+05
  1.820000E+02 3.6012E+05
  1.860000E+02 3.6080E+05
  1.910000E+02 3.6114E+05
  1.940000E+02 3.6354E+05
  1.980000E+02 3.6350E+05
  2.000000E+02 3.6329E+05
  2.020000E+02 3.6372E+05
  2.050000E+02 3.6344E+05
  2.100000E+02 3.5638E+05
  2.160000E+02 3.6348E+05
  2.200000E+02 3.6436E+05
  2.230000E+02 3.5996E+05
  2.270000E+02 3.6480E+05
  2.300000E+02 4.5904E+05
  2.340000E+02 6.5392E+05
  2.400000E+02 7.4681E+05
  2.460000E+02 6.7780E+05
  2.520000E+02 7.2883E+05
  2.570000E+02 6.8976E+05
  2.600000E+02 7.1650E+05
  2.640000E+02 9.3788E+05
  2.690000E+02 9.7222E+05
  2.740000E+02 9.9462E+05
  2.790000E+02 8.4214E+05
  2.840000E+02 1.0291E+06
  2.900000E+02 1.0954E+06
  2.960000E+02 9.8930E+05
  3.000000E+02 9.1097E+05
  3.010000E+02 8.9001E+05
  3.080000E+02 9.5803E+05
  3.180000E+02 9.3478E+05
  3.280000E+02 9.6719E+05
  3.380000E+02 9.0339E+05
  3.480000E+02 8.4876E+05
  3.570000E+02 1.1490E+06
  3.660000E+02 1.7576E+06
  3.750000E+02 1.7230E+06
  3.850000E+02 1.3484E+06
  3.950000E+02 1.9974E+06
  4.000000E+02 2.2132E+06
  4.050000E+02 2.4572E+06
  4.140000E+02 2.4195E+06
  4.220000E+02 2.1740E+06
  4.300000E+02 2.0595E+06
  4.410000E+02 2.3843E+06
  4.510000E+02 2.4037E+06
  4.600000E+02 2.0904E+06
  4.700000E+02 2.1050E+06
  4.800000E+02 2.3388E+06
  4.900000E+02 1.9611E+06
  5.000000E+02 2.3923E+06
  5.060000E+02 2.0302E+06
  5.120000E+02 3.0618E+06
  5.200000E+02 2.8789E+06
  5.300000E+02 2.6258E+06
  5.400000E+02 2.1167E+06
  5.500000E+02 2.0076E+06
  5.600000E+02 2.5967E+06
  5.700000E+02 2.8638E+06
  5.800000E+02 2.7646E+06
  5.900000E+02 2.7651E+06
  6.000000E+02 2.2978E+06
  6.100000E+02 2.1600E+06
  6.200000E+02 2.6961E+06
  6.300000E+02 2.4842E+06
  6.400000E+02 2.7097E+06
  6.500000E+02 2.5592E+06
  6.580000E+02 2.3191E+06
  6.650000E+02 2.5876E+06
  6.750000E+02 2.6668E+06
  6.850000E+02 2.2604E+06
  6.950000E+02 2.5640E+06
  7.000000E+02 2.2916E+06
  7.050000E+02 2.0540E+06
  7.160000E+02 2.5510E+06
  7.260000E+02 2.5418E+06
  7.350000E+02 2.5140E+06
  7.450000E+02 2.3912E+06
  7.550000E+02 2.3358E+06
  7.650000E+02 2.0589E+06
  7.750000E+02 2.2676E+06
  7.850000E+02 2.0343E+06
  7.950000E+02 2.1647E+06
  8.000000E+02 2.1789E+06
  8.050000E+02 2.1937E+06
  8.150000E+02 2.1716E+06
  8.250000E+02 2.1700E+06
  8.350000E+02 1.7184E+06
  8.450000E+02 2.0683E+06
  8.550000E+02 2.0011E+06
  8.650000E+02 2.0441E+06
  8.750000E+02 2.0235E+06
  8.850000E+02 1.9957E+06
  8.950000E+02 1.9725E+06
  9.000000E+02 1.9404E+06
  9.050000E+02 1.9090E+06
  9.150000E+02 1.7956E+06
  9.250000E+02 3.8544E+06
  9.350000E+02 5.8939E+06
  9.450000E+02 7.6719E+06
  9.550000E+02 8.7520E+06
  9.650000E+02 9.3207E+06
  9.750000E+02 3.7947E+06
  9.850000E+02 7.2386E+06
  9.950000E+02 6.9396E+06
  1.000000E+03 7.6734E+06
  1.005000E+03 8.5410E+06
  1.015000E+03 8.6832E+06
  1.025000E+03 6.0940E+06
  1.035000E+03 7.5149E+06
  1.045000E+03 1.0064E+07
  1.055000E+03 9.5878E+06
  1.065000E+03 8.0349E+06
  1.075000E+03 8.7361E+06
  1.085000E+03 7.5870E+06
  1.095000E+03 8.7900E+06
  1.100000E+03 8.5484E+06
  1.105000E+03 8.3370E+06
  1.115000E+03 8.0675E+06
  1.125000E+03 7.0616E+06
  1.135000E+03 8.2845E+06
  1.145000E+03 7.7785E+06
  1.155000E+03 7.7514E+06
  1.165000E+03 7.5800E+06
  1.175000E+03 5.1882E+06
  1.185000E+03 7.1125E+06
  1.195000E+03 6.0063E+06
  1.200000E+03 5.5106E+06
  1.205000E+03 5.1029E+06
  1.215000E+03 4.1347E+06
  1.225000E+03 5.7040E+06
  1.235000E+03 6.8416E+06
  1.245000E+03 7.0209E+06
  1.255000E+03 6.7757E+06
  1.265000E+03 6.4049E+06
  1.275000E+03 7.1946E+06
  1.285000E+03 7.2915E+06
  1.295000E+03 6.2175E+06
  1.300000E+03 6.1870E+06
  1.305000E+03 6.1674E+06
  1.315000E+03 7.0174E+06
  1.325000E+03 6.6794E+06
  1.335000E+03 6.1824E+06
  1.345000E+03 6.7044E+06
  1.355000E+03 6.4730E+06
  1.365000E+03 5.9439E+06
  1.375000E+03 5.9415E+06
  1.385000E+03 5.8614E+06
  1.395000E+03 4.5416E+06
  1.400000E+03 4.4773E+06
  1.405000E+03 4.4278E+06
  1.415000E+03 5.3873E+06
  1.425000E+03 5.2551E+06
  1.435000E+03 5.3690E+06
  1.442000E+03 5.4561E+06
  1.447000E+03 5.4626E+06
  1.455000E+03 5.2594E+06
  1.465000E+03 4.9278E+06
  1.475000E+03 4.9329E+06
  1.485000E+03 4.9590E+06
  1.495000E+03 4.9075E+06
  1.500000E+03 4.7726E+06
  1.505000E+03 4.6437E+06
  1.512000E+03 4.2482E+06
  1.517000E+03 4.4100E+06
  1.525000E+03 4.3141E+06
  1.535000E+03 3.7209E+06
  1.545000E+03 3.5154E+06
  1.555000E+03 3.4437E+06
  1.565000E+03 3.7340E+06
  1.575000E+03 3.9479E+06
  1.585000E+03 4.0382E+06
  1.595000E+03 4.0480E+06
  1.600000E+03 3.9887E+06
  1.605000E+03 3.9318E+06
  1.615000E+03 3.8645E+06
  1.625000E+03 3.7476E+06
  1.635000E+03 3.9075E+06
  1.645000E+03 3.9027E+06
  1.655000E+03 3.7456E+06
  1.665000E+03 3.8922E+06
  1.672000E+03 3.5417E+06
  1.677000E+03 3.9828E+06
  1.685000E+03 3.9845E+06
  1.695000E+03 3.7723E+06
  1.700000E+03 3.7092E+06
  1.705000E+03 3.6478E+06
  1.715000E+03 3.4442E+06
  1.725000E+03 3.3792E+06
  1.735000E+03 3.5426E+06
  1.745000E+03 3.4615E+06
  1.755000E+03 3.5562E+06
  1.765000E+03 3.3637E+06
  1.775000E+03 3.3162E+06
  1.785000E+03 3.3643E+06
  1.795000E+03 3.4569E+06
  1.800000E+03 3.4452E+06
  1.805000E+03 3.4340E+06
  1.815000E+03 3.1795E+06
  1.825000E+03 3.2181E+06
  1.835000E+03 3.1192E+06
  1.845000E+03 2.8913E+06
  1.855000E+03 2.8920E+06
  1.865000E+03 2.9318E+06
  1.875000E+03 3.0598E+06
  1.885000E+03 2.8198E+06
  1.895000E+03 2.6992E+06
  1.900000E+03 2.7671E+06
  1.905000E+03 2.8389E+06
  1.915000E+03 2.7132E+06
  1.925000E+03 2.6128E+06
  1.935000E+03 2.7205E+06
  1.945000E+03 2.7786E+06
  1.955000E+03 2.5634E+06
  1.967000E+03 2.7504E+06
  1.976000E+03 2.8117E+06
  1.984000E+03 2.6624E+06
  1.995000E+03 2.5855E+06
  2.000000E+03 2.6165E+06
  2.005000E+03 2.6484E+06
  2.015000E+03 2.5764E+06
  2.025000E+03 2.6490E+06
  2.035000E+03 2.4875E+06
  2.045000E+03 2.5328E+06
  2.055000E+03 2.2855E+06
  2.065000E+03 2.3533E+06
  2.074000E+03 2.5612E+06
  2.078000E+03 2.4096E+06
  2.085000E+03 2.4778E+06
  2.095000E+03 2.3488E+06
  2.100000E+03 2.3589E+06
  2.105000E+03 2.3696E+06
  2.115000E+03 2.3820E+06
  2.125000E+03 2.3868E+06
  2.135000E+03 2.2762E+06
  2.145000E+03 2.2577E+06
  2.155000E+03 2.3188E+06
  2.165000E+03 2.2511E+06
  2.175000E+03 2.2329E+06
  2.185000E+03 2.1719E+06
  2.195000E+03 2.2342E+06
  2.200000E+03 2.2088E+06
  2.205000E+03 2.1838E+06
  2.215000E+03 2.1004E+06
  2.225000E+03 2.0440E+06
  2.235000E+03 2.0948E+06
  2.245000E+03 2.0342E+06
  2.255000E+03 1.9645E+06
  2.265000E+03 1.9898E+06
  2.275000E+03 2.0008E+06
  2.285000E+03 2.0049E+06
  2.295000E+03 1.8875E+06
  2.300000E+03 1.8927E+06
  2.305000E+03 1.8987E+06
  2.315000E+03 1.8338E+06
  2.325000E+03 1.5609E+06
  2.335000E+03 1.7395E+06
  2.345000E+03 1.7112E+06
  2.355000E+03 1.7557E+06
  2.365000E+03 1.6742E+06
  2.375000E+03 1.6751E+06
  2.385000E+03 1.5942E+06
  2.395000E+03 1.6463E+06
  2.400000E+03 1.6206E+06
  2.405000E+03 1.5955E+06
  2.415000E+03 1.6029E+06
  2.425000E+03 1.6359E+06
  2.435000E+03 1.5781E+06
  2.445000E+03 1.6184E+06
  2.455000E+03 1.5916E+06
  2.465000E+03 1.5743E+06
  2.475000E+03 1.5310E+06
  2.485000E+03 1.5398E+06
  2.495000E+03 1.3572E+06
  2.500000E+03 1.4415E+06
  2.505000E+03 1.5337E+06
  2.513000E+03 1.4281E+06
  2.518000E+03 1.4756E+06
  2.525000E+03 1.4359E+06
  2.535000E+03 1.4337E+06
  2.545000E+03 1.4003E+06
  2.555000E+03 1.4382E+06
  2.565000E+03 1.4153E+06
  2.575000E+03 1.4484E+06
  2.585000E+03 1.4306E+06
  2.595000E+03 1.4101E+06
  2.600000E+03 1.3932E+06
  2.605000E+03 1.3768E+06
  2.615000E+03 1.3550E+06
  2.625000E+03 1.3744E+06
  2.635000E+03 1.3759E+06
  2.645000E+03 1.4170E+06
  2.655000E+03 1.4110E+06
  2.665000E+03 1.3342E+06
  2.675000E+03 1.3553E+06
  2.685000E+03 1.3451E+06
  2.695000E+03 1.3008E+06
  2.700000E+03 1.3024E+06
  2.705000E+03 1.3043E+06
  2.715000E+03 1.2697E+06
  2.725000E+03 1.2663E+06
  2.735000E+03 1.2845E+06
  2.745000E+03 1.1977E+06
  2.755000E+03 1.1976E+06
  2.765000E+03 1.2071E+06
  2.775000E+03 1.2332E+06
  2.785000E+03 1.2008E+06
  2.795000E+03 1.0669E+06
  2.800000E+03 1.0864E+06
  2.805000E+03 1.1068E+06
  2.815000E+03 1.1983E+06
  2.825000E+03 1.2042E+06
  2.835000E+03 1.1591E+06
  2.845000E+03 1.1456E+06
  2.855000E+03 1.1281E+06
  2.865000E+03 1.1581E+06
  2.875000E+03 1.1405E+06
  2.885000E+03 1.1369E+06
  2.895000E+03 1.1193E+06
  2.900000E+03 1.1273E+06
  2.910000E+03 1.1452E+06
  2.930000E+03 1.1141E+06
  2.950000E+03 1.0889E+06
  2.970000E+03 1.0817E+06
  2.990000E+03 1.0665E+06
  3.000000E+03 1.0603E+06
  3.010000E+03 1.0544E+06
  3.030000E+03 1.0420E+06
  3.050000E+03 1.0268E+06
  3.070000E+03 1.0132E+06
  3.090000E+03 9.9996E+05
  3.100000E+03 9.9209E+05
  3.110000E+03 9.8465E+05
  3.130000E+03 9.6529E+05
  3.150000E+03 9.5810E+05
  3.170000E+03 9.4129E+05
  3.190000E+03 9.0887E+05
  3.200000E+03 9.0919E+05
  3.210000E+03 9.0974E+05
  3.230000E+03 8.8658E+05
  3.250000E+03 8.8960E+05
  3.270000E+03 8.8446E+05
  3.290000E+03 8.7289E+05
  3.300000E+03 8.6778E+05
  3.310000E+03 8.6283E+05
  3.330000E+03 8.4685E+05
  3.350000E+03 8.3000E+05
  3.370000E+03 8.1096E+05
  3.390000E+03 8.0316E+05
  3.400000E+03 8.0001E+05
  3.410000E+03 7.9696E+05
  3.430000E+03 7.8429E+05
  3.450000E+03 7.7564E+05
  3.470000E+03 7.6644E+05
  3.490000E+03 7.6058E+05
  3.500000E+03 7.5907E+05
  3.510000E+03 7.5765E+05
  3.530000E+03 7.4349E+05
  3.550000E+03 7.4218E+05
  3.570000E+03 7.1433E+05
  3.590000E+03 7.0303E+05
  3.600000E+03 7.0280E+05
  3.610000E+03 7.0343E+05
  3.630000E+03 6.9965E+05
  3.640000E+03 6.9710E+05
  3.650000E+03 7.0651E+05
  3.670000E+03 6.9162E+05
  3.690000E+03 6.5256E+05
  3.700000E+03 6.6777E+05
  3.710000E+03 6.8461E+05
  3.730000E+03 6.7038E+05
  3.750000E+03 7.6540E+05
  3.770000E+03 7.8447E+05
  3.790000E+03 8.6805E+05
  3.800000E+03 9.0357E+05
  3.810000E+03 9.4146E+05
  3.830000E+03 7.8422E+05
  3.850000E+03 9.6736E+05
  3.870000E+03 1.0198E+06
  3.890000E+03 7.4411E+05
  3.900000E+03 8.6911E+05
  3.910000E+03 1.0231E+06
  3.930000E+03 9.1875E+05
  3.950000E+03 9.7627E+05
  3.970000E+03 6.6838E+05
  3.990000E+03 9.8851E+05
  4.000000E+03 1.0152E+06
  4.010000E+03 1.0438E+06
  4.030000E+03 1.0271E+06
  4.050000E+03 1.0220E+06
  4.070000E+03 9.8108E+05
  4.090000E+03 8.8073E+05
  4.100000E+03 8.0916E+05
  4.110000E+03 7.4495E+05
  4.130000E+03 9.3950E+05
  4.150000E+03 9.6005E+05
  4.170000E+03 9.5350E+05
  4.190000E+03 9.4466E+05
  4.200000E+03 9.4274E+05
  4.210000E+03 9.4114E+05
  4.230000E+03 9.2470E+05
  4.250000E+03 9.1895E+05
  4.270000E+03 8.8952E+05
  4.290000E+03 8.8164E+05
  4.300000E+03 8.5598E+05
  4.310000E+03 8.3157E+05
  4.330000E+03 7.4861E+05
  4.350000E+03 6.7413E+05
  4.370000E+03 8.5142E+05
  4.390000E+03 8.3961E+05
  4.400000E+03 8.4110E+05
  4.410000E+03 8.4282E+05
  4.430000E+03 8.4202E+05
  4.450000E+03 8.4155E+05
  4.470000E+03 8.3352E+05
  4.490000E+03 8.3061E+05
  4.500000E+03 8.4125E+05
  4.510000E+03 8.5279E+05
  4.530000E+03 8.1683E+05
  4.550000E+03 8.0893E+05
  4.570000E+03 8.2493E+05
  4.590000E+03 8.0025E+05
  4.600000E+03 8.0151E+05
  4.610000E+03 8.0282E+05
  4.630000E+03 7.8176E+05
  4.650000E+03 7.8025E+05
  4.670000E+03 7.8112E+05
  4.690000E+03 7.6443E+05
  4.700000E+03 7.5311E+05
  4.710000E+03 7.4203E+05
  4.730000E+03 7.5697E+05
  4.750000E+03 7.5736E+05
  4.770000E+03 7.5200E+05
  4.790000E+03 7.4124E+05
  4.800000E+03 7.3365E+05
  4.810000E+03 7.2617E+05
  4.830000E+03 7.1456E+05
  4.850000E+03 6.2460E+05
  4.870000E+03 5.4099E+05
  4.890000E+03 6.8003E+05
  4.900000E+03 6.8457E+05
  4.910000E+03 6.8928E+05
  4.930000E+03 6.7686E+05
  4.950000E+03 6.8904E+05
  4.970000E+03 6.8046E+05
  4.990000E+03 6.5630E+05
  5.000000E+03 6.4421E+05
  5.010000E+03 6.3248E+05
  5.030000E+03 6.4542E+05
  5.050000E+03 6.3622E+05
  5.070000E+03 6.4720E+05
  5.090000E+03 6.2905E+05
  5.100000E+03 6.2862E+05
  5.110000E+03 6.2831E+05
  5.130000E+03 6.1415E+05
  5.150000E+03 6.0058E+05
  5.170000E+03 5.8266E+05
  5.190000E+03 5.8387E+05
  5.200000E+03 5.8600E+05
  5.210000E+03 5.8838E+05
  5.230000E+03 5.9048E+05
  5.250000E+03 5.9611E+05
  5.270000E+03 5.6456E+05
  5.290000E+03 5.8934E+05
  5.300000E+03 5.9107E+05
  5.310000E+03 5.9301E+05
  5.330000E+03 5.6461E+05
  5.350000E+03 5.8051E+05
  5.370000E+03 5.7579E+05
  5.390000E+03 5.6470E+05
  5.400000E+03 5.6017E+05
  5.410000E+03 5.5565E+05
  5.430000E+03 5.5544E+05
  5.450000E+03 5.6012E+05
  5.470000E+03 5.4737E+05
  5.490000E+03 5.4415E+05
  5.500000E+03 5.4161E+05
  5.510000E+03 5.3903E+05
  5.530000E+03 5.4014E+05
  5.550000E+03 5.4078E+05
  5.570000E+03 5.3311E+05
  5.590000E+03 5.2322E+05
  5.600000E+03 5.2563E+05
  5.610000E+03 5.2830E+05
  5.630000E+03 5.2080E+05
  5.650000E+03 5.1865E+05
  5.670000E+03 5.1012E+05
  5.690000E+03 5.1448E+05
  5.700000E+03 5.0965E+05
  5.710000E+03 5.0499E+05
  5.730000E+03 5.1984E+05
  5.750000E+03 5.0528E+05
  5.770000E+03 5.0615E+05
  5.790000E+03 4.9385E+05
  5.800000E+03 4.9688E+05
  5.810000E+03 5.0010E+05
  5.830000E+03 5.0341E+05
  5.850000E+03 4.9280E+05
  5.870000E+03 4.8718E+05
  5.890000E+03 4.6610E+05
  5.900000E+03 4.7277E+05
  5.910000E+03 4.8006E+05
  5.930000E+03 4.7801E+05
  5.950000E+03 4.7444E+05
  5.970000E+03 4.7626E+05
  5.990000E+03 4.6819E+05
  6.000000E+03 4.6544E+05
  6.010000E+03 4.6296E+05
  6.030000E+03 4.6646E+05
  6.050000E+03 4.6745E+05
  6.070000E+03 4.6519E+05
  6.090000E+03 4.5353E+05
  6.100000E+03 4.5266E+05
  6.110000E+03 4.5187E+05
  6.130000E+03 4.3778E+05
  6.150000E+03 4.3721E+05
  6.170000E+03 4.2878E+05
  6.190000E+03 4.3721E+05
  6.200000E+03 4.3520E+05
  6.210000E+03 4.3304E+05
  6.230000E+03 4.2295E+05
  6.250000E+03 4.1169E+05
  6.270000E+03 4.2236E+05
  6.290000E+03 4.2449E+05
  6.300000E+03 4.2026E+05
  6.310000E+03 4.1610E+05
  6.330000E+03 4.1800E+05
  6.350000E+03 4.1362E+05
  6.370000E+03 4.1127E+05
  6.390000E+03 4.1464E+05
  6.400000E+03 4.1179E+05
  6.410000E+03 4.0832E+05
  6.430000E+03 4.0874E+05
  6.450000E+03 4.0542E+05
  6.470000E+03 4.0393E+05
  6.490000E+03 3.9564E+05
  6.500000E+03 3.9756E+05
  6.510000E+03 3.9938E+05
  6.530000E+03 3.9376E+05
  6.550000E+03 3.7092E+05
  6.570000E+03 3.3085E+05
  6.590000E+03 3.8199E+05
  6.600000E+03 3.8550E+05
  6.610000E+03 3.8928E+05
  6.630000E+03 3.8671E+05
  6.650000E+03 3.8427E+05
  6.670000E+03 3.7733E+05
  6.690000E+03 3.8062E+05
  6.700000E+03 3.7603E+05
  6.710000E+03 3.7158E+05
  6.730000E+03 3.7545E+05
  6.750000E+03 3.6990E+05
  6.770000E+03 3.7057E+05
  6.790000E+03 3.6612E+05
  6.800000E+03 3.6585E+05
  6.810000E+03 3.6571E+05
  6.830000E+03 3.6600E+05
  6.850000E+03 3.5933E+05
  6.870000E+03 3.6163E+05
  6.890000E+03 3.6315E+05
  6.900000E+03 3.6200E+05
  6.910000E+03 3.6047E+05
  6.930000E+03 3.5678E+05
  6.950000E+03 3.5309E+05
  6.970000E+03 3.5372E+05
  6.990000E+03 3.5155E+05
  7.000000E+03 3.4750E+05
  7.010000E+03 3.4488E+05
  7.030000E+03 3.4691E+05
  7.050000E+03 3.4554E+05
  7.070000E+03 3.3822E+05
  7.090000E+03 3.3289E+05
  7.100000E+03 3.2909E+05
  7.110000E+03 3.2618E+05
  7.130000E+03 3.2150E+05
  7.150000E+03 3.2070E+05
  7.170000E+03 3.2120E+05
  7.190000E+03 3.1655E+05
  7.200000E+03 3.1851E+05
  7.210000E+03 3.2090E+05
  7.230000E+03 3.2281E+05
  7.250000E+03 3.2253E+05
  7.270000E+03 3.2124E+05
  7.290000E+03 3.1602E+05
  7.300000E+03 3.1730E+05
  7.310000E+03 3.2008E+05
  7.330000E+03 3.1919E+05
  7.350000E+03 3.1872E+05
  7.370000E+03 3.2286E+05
  7.390000E+03 3.1594E+05
  7.400000E+03 3.1549E+05
  7.410000E+03 3.1458E+05
  7.430000E+03 3.1656E+05
  7.450000E+03 3.1562E+05
  7.470000E+03 3.1567E+05
  7.490000E+03 3.1324E+05
  7.500000E+03 3.1376E+05
  7.510000E+03 3.1497E+05
  7.530000E+03 3.1605E+05
  7.550000E+03 3.1611E+05
  7.570000E+03 3.1310E+05
  7.590000E+03 3.0902E+05
  7.600000E+03 3.0803E+05
  7.610000E+03 3.0673E+05
  7.630000E+03 3.0470E+05
  7.650000E+03 3.0112E+05
  7.670000E+03 2.9342E+05
  7.690000E+03 2.9763E+05
  7.700000E+03 2.9435E+05
  7.710000E+03 2.9252E+05
  7.730000E+03 2.9231E+05
  7.750000E+03 2.9004E+05
  7.770000E+03 2.9007E+05
  7.790000E+03 2.9191E+05
  7.800000E+03 2.9114E+05
  7.810000E+03 2.9047E+05
  7.830000E+03 2.8860E+05
  7.850000E+03 2.8498E+05
  7.870000E+03 2.8431E+05
  7.890000E+03 2.7809E+05
  7.900000E+03 2.7558E+05
  7.910000E+03 2.7316E+05
  7.930000E+03 2.7401E+05
  7.950000E+03 2.7035E+05
  7.970000E+03 2.7530E+05
  7.990000E+03 2.7445E+05
  8.000000E+03 2.7546E+05
  8.010000E+03 2.7580E+05
  8.030000E+03 2.7455E+05
  8.050000E+03 2.7239E+05
  8.070000E+03 2.7101E+05
  8.090000E+03 2.6615E+05
  8.100000E+03 2.6615E+05
  8.110000E+03 2.6515E+05
  8.130000E+03 2.6805E+05
  8.150000E+03 2.6806E+05
  8.170000E+03 2.6793E+05
  8.190000E+03 2.6270E+05
  8.200000E+03 2.6179E+05
  8.210000E+03 2.6141E+05
  8.230000E+03 2.6176E+05
  8.250000E+03 2.6201E+05
  8.270000E+03 2.6307E+05
  8.290000E+03 2.6113E+05
  8.300000E+03 2.5739E+05
  8.310000E+03 2.5372E+05
  8.330000E+03 2.5323E+05
  8.350000E+03 2.5227E+05
  8.370000E+03 2.5252E+05
  8.390000E+03 2.4776E+05
  8.400000E+03 2.4955E+05
  8.410000E+03 2.5130E+05
  8.430000E+03 2.4596E+05
  8.450000E+03 2.4430E+05
  8.470000E+03 2.4205E+05
  8.490000E+03 2.4591E+05
  8.500000E+03 2.3947E+05
  8.510000E+03 2.3365E+05
  8.530000E+03 2.4576E+05
  8.550000E+03 2.2373E+05
  8.570000E+03 2.4973E+05
  8.590000E+03 2.3975E+05
  8.600000E+03 2.3928E+05
  8.610000E+03 2.3904E+05
  8.630000E+03 2.5096E+05
  8.650000E+03 2.4636E+05
  8.670000E+03 2.1904E+05
  8.690000E+03 2.4231E+05
  8.700000E+03 2.4617E+05
  8.710000E+03 2.4990E+05
  8.730000E+03 2.4531E+05
  8.750000E+03 2.2724E+05
  8.770000E+03 2.4256E+05
  8.790000E+03 2.4895E+05
  8.800000E+03 2.4645E+05
  8.810000E+03 2.4318E+05
  8.830000E+03 2.4422E+05
  8.850000E+03 2.3701E+05
  8.870000E+03 2.2302E+05
  8.890000E+03 2.3846E+05
  8.900000E+03 2.4135E+05
  8.910000E+03 2.4315E+05
  8.930000E+03 2.3968E+05
  8.950000E+03 2.4037E+05
  8.970000E+03 2.3904E+05
  8.990000E+03 2.3526E+05
  9.000000E+03 2.2582E+05
  9.010000E+03 2.1706E+05
  9.030000E+03 2.2688E+05
  9.050000E+03 2.3821E+05
  9.070000E+03 2.3715E+05
  9.090000E+03 2.3120E+05
  9.100000E+03 2.3238E+05
  9.110000E+03 2.3287E+05
  9.130000E+03 2.3572E+05
  9.150000E+03 2.3399E+05
  9.170000E+03 2.3172E+05
  9.190000E+03 2.3061E+05
  9.200000E+03 2.2473E+05
  9.210000E+03 2.1910E+05
  9.230000E+03 2.0549E+05
  9.250000E+03 2.1550E+05
  9.270000E+03 2.2131E+05
  9.290000E+03 2.2330E+05
  9.300000E+03 2.2320E+05
  9.310000E+03 2.2323E+05
  9.330000E+03 2.2267E+05
  9.350000E+03 2.2159E+05
  9.370000E+03 2.1941E+05
  9.390000E+03 2.2052E+05
  9.400000E+03 2.1837E+05
  9.410000E+03 2.1484E+05
  9.430000E+03 2.1934E+05
  9.450000E+03 2.1391E+05
  9.470000E+03 2.1749E+05
  9.490000E+03 2.1657E+05
  9.500000E+03 2.1567E+05
  9.510000E+03 2.1303E+05
  9.530000E+03 2.0931E+05
  9.550000E+03 1.9531E+05
  9.570000E+03 2.0734E+05
  9.590000E+03 2.1256E+05
  9.600000E+03 2.1239E+05
  9.610000E+03 2.1099E+05
  9.630000E+03 2.1063E+05
  9.650000E+03 2.0830E+05
  9.670000E+03 2.0779E+05
  9.690000E+03 2.0924E+05
  9.700000E+03 2.0819E+05
  9.710000E+03 2.0793E+05
  9.730000E+03 2.0643E+05
  9.750000E+03 2.0396E+05
  9.770000E+03 2.0511E+05
  9.790000E+03 2.0213E+05
  9.800000E+03 2.0366E+05
  9.810000E+03 2.0582E+05
  9.830000E+03 2.0455E+05
  9.850000E+03 2.0392E+05
  9.870000E+03 2.0156E+05
  9.890000E+03 2.0064E+05
  9.900000E+03 2.0110E+05
  9.910000E+03 2.0016E+05
  9.930000E+03 2.0100E+05
  9.950000E+03 2.0040E+05
  9.970000E+03 1.9993E+05
  9.990000E+03 1.9888E+05
  1.000000E+04 1.9660E+05
  1.002500E+04 1.9263E+05
  1.007500E+04 1.8767E+05
  1.010000E+04 1.9003E+05
  1.012500E+04 1.9231E+05
  1.017500E+04 1.8924E+05
  1.020000E+04 1.8889E+05
  1.022500E+04 1.8891E+05
  1.027500E+04 1.8841E+05
  1.030000E+04 1.8749E+05
  1.032500E+04 1.8620E+05
  1.037500E+04 1.8368E+05
  1.040000E+04 1.8213E+05
  1.042500E+04 1.8200E+05
  1.047500E+04 1.7983E+05
  1.050000E+04 1.7963E+05
  1.052500E+04 1.7825E+05
  1.057500E+04 1.7664E+05
  1.060000E+04 1.7704E+05
  1.062500E+04 1.7514E+05
  1.067500E+04 1.7144E+05
  1.070000E+04 1.7248E+05
  1.072500E+04 1.7116E+05
  1.077500E+04 1.7004E+05
  1.080000E+04 1.6716E+05
  1.082500E+04 1.6610E+05
  1.087500E+04 1.6264E+05
  1.090000E+04 1.5991E+05
  1.092500E+04 1.5612E+05
  1.097500E+04 1.5589E+05
  1.100000E+04 1.5496E+05
  1.102500E+04 1.5656E+05
  1.107500E+04 1.5410E+05
  1.110000E+04 1.5475E+05
  1.112500E+04 1.5446E+05
  1.117500E+04 1.5373E+05
  1.120000E+04 1.5313E+05
  1.122500E+04 1.5320E+05
  1.127500E+04 1.5059E+05
  1.130000E+04 1.4971E+05
  1.132500E+04 1.4907E+05
  1.137500E+04 1.4717E+05
  1.140000E+04 1.4758E+05
  1.142500E+04 1.4519E+05
  1.147500E+04 1.4627E+05
  1.150000E+04 1.4734E+05
  1.152500E+04 1.4681E+05
  1.157500E+04 1.4505E+05
  1.160000E+04 1.4484E+05
  1.162500E+04 1.4321E+05
  1.167500E+04 1.4163E+05
  1.170000E+04 1.4107E+05
  1.172500E+04 1.4087E+05
  1.177500E+04 1.3951E+05
  1.180000E+04 1.3848E+05
  1.182500E+04 1.3787E+05
  1.187500E+04 1.3598E+05
  1.190000E+04 1.3696E+05
  1.192500E+04 1.3576E+05
  1.197500E+04 1.3170E+05
  1.200000E+04 1.3367E+05
  1.202500E+04 1.3439E+05
  1.207500E+04 1.3100E+05
  1.210000E+04 1.2977E+05
  1.212500E+04 1.3161E+05
  1.217500E+04 1.3123E+05
  1.220000E+04 1.3166E+05
  1.222500E+04 1.3069E+05
  1.227500E+04 1.2926E+05
  1.230000E+04 1.2914E+05
  1.232500E+04 1.2718E+05
  1.237500E+04 1.2729E+05
  1.240000E+04 1.2687E+05
  1.242500E+04 1.2536E+05
  1.247500E+04 1.2380E+05
  1.250000E+04 1.2391E+05
  1.252500E+04 1.2303E+05
  1.257500E+04 1.2196E+05
  1.260000E+04 1.2353E+05
  1.262500E+04 1.2282E+05
  1.267500E+04 1.1961E+05
  1.270000E+04 1.2075E+05
  1.272500E+04 1.2061E+05
  1.277500E+04 1.1886E+05
  1.280000E+04 1.1666E+05
  1.282500E+04 1.1325E+05
  1.287500E+04 1.1597E+05
  1.290000E+04 1.1711E+05
  1.292500E+04 1.1701E+05
  1.297500E+04 1.1617E+05
  1.300000E+04 1.1618E+05
  1.302500E+04 1.1606E+05
  1.307500E+04 1.1531E+05
  1.310000E+04 1.1395E+05
  1.312500E+04 1.1382E+05
  1.317500E+04 1.1269E+05
  1.320000E+04 1.1329E+05
  1.322500E+04 1.1239E+05
  1.327500E+04 1.1035E+05
  1.330000E+04 1.1037E+05
  1.332500E+04 1.1047E+05
  1.337500E+04 1.0867E+05
  1.340000E+04 1.1014E+05
  1.342500E+04 1.1030E+05
  1.347500E+04 1.0966E+05
  1.350000E+04 1.0947E+05
  1.352500E+04 1.0931E+05
  1.357500E+04 1.0640E+05
  1.360000E+04 1.0707E+05
  1.362500E+04 1.0535E+05
  1.367500E+04 1.0631E+05
  1.370000E+04 1.0584E+05
  1.372500E+04 1.0477E+05
  1.377500E+04 1.0521E+05
  1.380000E+04 1.0530E+05
  1.382500E+04 1.0488E+05
  1.387500E+04 1.0369E+05
  1.390000E+04 1.0316E+05
  1.392500E+04 1.0255E+05
  1.397500E+04 1.0058E+05
  1.400000E+04 1.0074E+05
  1.402500E+04 1.0037E+05
  1.407500E+04 9.8584E+04
  1.410000E+04 9.7086E+04
  1.412500E+04 9.5961E+04
  1.417500E+04 9.6268E+04
  1.420000E+04 9.5369E+04
  1.422500E+04 9.6022E+04
  1.427500E+04 9.5847E+04
  1.430000E+04 9.4658E+04
  1.432500E+04 9.5488E+04
  1.437500E+04 9.6148E+04
  1.440000E+04 9.5685E+04
  1.442500E+04 9.3155E+04
  1.447500E+04 9.3514E+04
  1.450000E+04 9.2763E+04
  1.452500E+04 9.1524E+04
  1.457000E+04 9.3028E+04
  1.460000E+04 9.3047E+04
  1.462000E+04 9.1994E+04
  1.467500E+04 9.0758E+04
  1.470000E+04 8.8860E+04
  1.472500E+04 8.9539E+04
  1.477500E+04 8.9527E+04
  1.480000E+04 8.9259E+04
  1.482500E+04 9.0486E+04
  1.487500E+04 9.0247E+04
  1.490000E+04 8.9821E+04
  1.492500E+04 9.1599E+04
  1.497500E+04 9.0001E+04
  1.500000E+04 8.9640E+04
  1.502500E+04 8.8125E+04
  1.507500E+04 8.8515E+04
  1.510000E+04 8.8415E+04
  1.512500E+04 8.7287E+04
  1.517500E+04 8.9014E+04
  1.520000E+04 8.9960E+04
  1.522500E+04 8.7757E+04
  1.527500E+04 8.9216E+04
  1.530000E+04 8.7990E+04
  1.532500E+04 8.7543E+04
  1.537500E+04 8.6518E+04
  1.540000E+04 8.7658E+04
  1.542500E+04 8.7512E+04
  1.547500E+04 8.6975E+04
  1.550000E+04 8.6470E+04
  1.552500E+04 8.5402E+04
  1.557500E+04 8.2673E+04
  1.560000E+04 8.4210E+04
  1.562500E+04 8.4620E+04
  1.567500E+04 8.4276E+04
  1.570000E+04 8.4695E+04
  1.572500E+04 8.5101E+04
  1.577500E+04 7.9383E+04
  1.580000E+04 7.8795E+04
  1.582500E+04 8.0293E+04
  1.587500E+04 7.9811E+04
  1.590000E+04 8.1595E+04
  1.592500E+04 8.1461E+04
  1.597500E+04 8.1162E+04
  1.600000E+04 8.0926E+04
  1.605000E+04 8.1205E+04
  1.610000E+04 8.0422E+04
  1.615000E+04 8.0925E+04
  1.620000E+04 8.0001E+04
  1.625000E+04 7.8205E+04
  1.630000E+04 8.0437E+04
  1.635000E+04 8.0588E+04
  1.640000E+04 7.9783E+04
  1.645000E+04 7.8702E+04
  1.650000E+04 7.8203E+04
  1.655000E+04 7.7639E+04
  1.660000E+04 7.8324E+04
  1.665000E+04 7.5835E+04
  1.670000E+04 7.8243E+04
  1.675000E+04 7.8757E+04
  1.680000E+04 7.4836E+04
  1.685000E+04 7.4346E+04
  1.690000E+04 7.5647E+04
  1.695000E+04 7.5567E+04
  1.700000E+04 7.5456E+04
  1.705000E+04 7.3991E+04
  1.710000E+04 7.4736E+04
  1.715000E+04 7.4256E+04
  1.720000E+04 7.2678E+04
  1.725000E+04 7.1596E+04
  1.730000E+04 7.0875E+04
  1.735000E+04 7.0314E+04
  1.740000E+04 7.0269E+04
  1.745000E+04 7.0057E+04
  1.750000E+04 6.8596E+04
  1.755000E+04 7.0305E+04
  1.760000E+04 6.9757E+04
  1.765000E+04 6.7901E+04
  1.770000E+04 6.5490E+04
  1.775000E+04 6.5856E+04
  1.780000E+04 6.6199E+04
  1.785000E+04 6.7339E+04
  1.790000E+04 6.2481E+04
  1.795000E+04 6.1616E+04
  1.800000E+04 6.4661E+04
  1.805000E+04 6.2083E+04
  1.810000E+04 6.2899E+04
  1.815000E+04 6.1594E+04
  1.820000E+04 6.1473E+04
  1.825000E+04 5.8520E+04
  1.830000E+04 5.8129E+04
  1.835000E+04 5.7121E+04
  1.840000E+04 5.6132E+04
  1.845000E+04 5.8890E+04
  1.850000E+04 6.0747E+04
  1.855000E+04 5.8496E+04
  1.860000E+04 5.7430E+04
  1.865000E+04 5.5871E+04
  1.870000E+04 5.7724E+04
  1.875000E+04 5.3742E+04
  1.880000E+04 5.4177E+04
  1.885000E+04 5.4252E+04
  1.890000E+04 5.1969E+04
  1.895000E+04 5.2448E+04
  1.900000E+04 5.4282E+04
  1.905000E+04 5.5483E+04
  1.910000E+04 5.3689E+04
  1.915000E+04 5.2453E+04
  1.920000E+04 5.2248E+04
  1.925000E+04 5.2866E+04
  1.930000E+04 5.3339E+04
  1.935000E+04 5.2584E+04
  1.940000E+04 4.9487E+04
  1.945000E+04 4.8450E+04
  1.950000E+04 4.9129E+04
  1.955000E+04 4.9590E+04
  1.960000E+04 5.0278E+04
  1.965000E+04 4.9086E+04
  1.970000E+04 4.9661E+04
  1.975000E+04 4.7983E+04
  1.980000E+04 4.6066E+04
  1.985000E+04 4.5743E+04
  1.990000E+04 4.7161E+04
  1.995000E+04 4.7207E+04
  2.000000E+04 4.5527E+04
  2.005000E+04 4.6435E+04
  2.010000E+04 4.7249E+04
  2.015000E+04 4.7398E+04
  2.020000E+04 4.6434E+04
  2.025000E+04 4.5050E+04
  2.030000E+04 4.4030E+04
  2.035000E+04 4.3883E+04
  2.040000E+04 4.2439E+04
  2.045000E+04 4.2640E+04
  2.050000E+04 4.2515E+04
  2.055000E+04 4.1908E+04
  2.060000E+04 4.0994E+04
  2.065000E+04 4.0810E+04
  2.070000E+04 4.0605E+04
  2.075000E+04 4.0004E+04
  2.080000E+04 4.0478E+04
  2.085000E+04 4.2236E+04
  2.090000E+04 4.1645E+04
  2.095000E+04 3.9637E+04
  2.100000E+04 3.9379E+04
  2.105000E+04 3.9916E+04
  2.110000E+04 3.9917E+04
  2.115000E+04 3.8675E+04
  2.120000E+04 3.7888E+04
  2.125000E+04 3.8905E+04
  2.130000E+04 3.8383E+04
  2.135000E+04 3.8250E+04
  2.140000E+04 3.8035E+04
  2.145000E+04 3.6822E+04
  2.150000E+04 3.7083E+04
  2.155000E+04 3.6918E+04
  2.160000E+04 3.6214E+04
  2.165000E+04 3.5827E+04
  2.170000E+04 3.5093E+04
  2.175000E+04 3.4664E+04
  2.180000E+04 3.4938E+04
  2.185000E+04 3.4333E+04
  2.190000E+04 3.3625E+04
  2.195000E+04 3.3218E+04
  2.200000E+04 3.2404E+04
  2.205000E+04 3.1859E+04
  2.210000E+04 3.1713E+04
  2.215000E+04 3.1898E+04
  2.220000E+04 3.2153E+04
  2.225000E+04 3.2338E+04
  2.230000E+04 3.2584E+04
  2.235000E+04 3.1850E+04
  2.240000E+04 3.1734E+04
  2.245000E+04 3.2271E+04
  2.250000E+04 3.1534E+04
  2.255000E+04 3.0582E+04
  2.260000E+04 2.9833E+04
  2.265000E+04 3.0070E+04
  2.270000E+04 3.0543E+04
  2.275000E+04 3.0156E+04
  2.280000E+04 2.9514E+04
  2.285000E+04 2.9388E+04
  2.290000E+04 2.7712E+04
  2.295000E+04 2.6260E+04
  2.300000E+04 2.7615E+04
  2.305000E+04 2.8727E+04
  2.310000E+04 2.9756E+04
  2.315000E+04 2.9316E+04
  2.320000E+04 2.5922E+04
  2.325000E+04 2.5116E+04
  2.330000E+04 2.7834E+04
  2.335000E+04 2.8281E+04
  2.340000E+04 2.6681E+04
  2.345000E+04 2.6094E+04
  2.350000E+04 2.4572E+04
  2.355000E+04 2.3840E+04
  2.360000E+04 2.4142E+04
  2.365000E+04 2.5237E+04
  2.370000E+04 2.5685E+04
  2.375000E+04 2.5283E+04
  2.380000E+04 2.3645E+04
  2.385000E+04 2.2088E+04
  2.390000E+04 2.3852E+04
  2.395000E+04 2.4693E+04
  2.400000E+04 2.4076E+04
  2.405000E+04 2.3508E+04
  2.410000E+04 2.1969E+04
  2.415000E+04 2.0616E+04
  2.420000E+04 2.0533E+04
  2.425000E+04 2.0967E+04
  2.430000E+04 2.0826E+04
  2.435000E+04 2.0558E+04
  2.440000E+04 2.0542E+04
  2.445000E+04 1.9773E+04
  2.450000E+04 1.9511E+04
  2.455000E+04 1.9394E+04
  2.460000E+04 1.9420E+04
  2.465000E+04 1.9348E+04
  2.470000E+04 1.9053E+04
  2.475000E+04 1.8596E+04
  2.480000E+04 1.7543E+04
  2.485000E+04 1.6920E+04
  2.490000E+04 1.6879E+04
  2.495000E+04 1.6806E+04
  2.500000E+04 1.6856E+04
  2.505000E+04 1.7124E+04
  2.510000E+04 1.6604E+04
  2.515000E+04 1.6239E+04
  2.520000E+04 1.6386E+04
  2.525000E+04 1.6709E+04
  2.530000E+04 1.6766E+04
  2.535000E+04 1.6690E+04
  2.540000E+04 1.6499E+04
  2.545000E+04 1.6590E+04
  2.550000E+04 1.6748E+04
  2.555000E+04 1.6722E+04
  2.560000E+04 1.6704E+04
  2.565000E+04 1.6688E+04
  2.570000E+04 1.6783E+04
  2.575000E+04 1.7016E+04
  2.580000E+04 1.6907E+04
  2.585000E+04 1.6710E+04
  2.590000E+04 1.6532E+04
  2.595000E+04 1.6687E+04
  2.600000E+04 1.6981E+04
  2.605000E+04 1.7140E+04
  2.610000E+04 1.7135E+04
  2.615000E+04 1.6663E+04
  2.620000E+04 1.6713E+04
  2.625000E+04 1.6876E+04
  2.630000E+04 1.7331E+04
  2.635000E+04 1.7306E+04
  2.640000E+04 1.7037E+04
  2.645000E+04 1.6618E+04
  2.650000E+04 1.6728E+04
  2.655000E+04 1.6970E+04
  2.660000E+04 1.7442E+04
  2.665000E+04 1.7261E+04
  2.670000E+04 1.7059E+04
  2.675000E+04 1.6649E+04
  2.680000E+04 1.6284E+04
  2.685000E+04 1.5907E+04
  2.690000E+04 1.5909E+04
  2.695000E+04 1.6238E+04
  2.700000E+04 1.6565E+04
  2.705000E+04 1.6287E+04
  2.710000E+04 1.5876E+04
  2.715000E+04 1.5972E+04
  2.720000E+04 1.6667E+04
  2.725000E+04 1.6855E+04
  2.730000E+04 1.6750E+04
  2.735000E+04 1.6420E+04
  2.740000E+04 1.6826E+04
  2.745000E+04 1.6993E+04
  2.750000E+04 1.6676E+04
  2.755000E+04 1.6206E+04
  2.760000E+04 1.5849E+04
  2.765000E+04 1.5755E+04
  2.770000E+04 1.5804E+04
  2.775000E+04 1.5883E+04
  2.780000E+04 1.6041E+04
  2.785000E+04 1.6175E+04
  2.790000E+04 1.5978E+04
  2.795000E+04 1.6219E+04
  2.800000E+04 1.5723E+04
  2.805000E+04 1.5670E+04
  2.810000E+04 1.5172E+04
  2.815000E+04 1.5340E+04
  2.820000E+04 1.5351E+04
  2.825000E+04 1.5419E+04
  2.830000E+04 1.5311E+04
  2.835000E+04 1.4625E+04
  2.840000E+04 1.3912E+04
  2.845000E+04 1.3320E+04
  2.850000E+04 1.3660E+04
  2.855000E+04 1.4258E+04
  2.860000E+04 1.4526E+04
  2.865000E+04 1.4466E+04
  2.870000E+04 1.3914E+04
  2.875000E+04 1.3885E+04
  2.880000E+04 1.3934E+04
  2.885000E+04 1.3568E+04
  2.890000E+04 1.3309E+04
  2.895000E+04 1.2992E+04
  2.900000E+04 1.3440E+04
  2.905000E+04 1.3474E+04
  2.910000E+04 1.3189E+04
  2.915000E+04 1.2807E+04
  2.920000E+04 1.2402E+04
  2.925000E+04 1.2097E+04
  2.930000E+04 1.2285E+04
  2.935000E+04 1.1982E+04
  2.940000E+04 1.1855E+04
  2.945000E+04 1.1593E+04
  2.950000E+04 1.1357E+04
  2.955000E+04 1.1253E+04
  2.960000E+04 1.1151E+04
  2.965000E+04 1.1044E+04
  2.970000E+04 1.0966E+04
  2.975000E+04 1.0855E+04
  2.980000E+04 1.0760E+04
  2.985000E+04 1.0583E+04
  2.990000E+04 1.0493E+04
  2.995000E+04 1.0481E+04
  3.000000E+04 1.0440E+04
  3.005000E+04 1.0385E+04
  3.010000E+04 1.0335E+04
  3.015000E+04 1.0239E+04
  3.020000E+04 1.0165E+04
  3.025000E+04 1.0092E+04
  3.030000E+04 9.9956E+03
  3.035000E+04 9.9055E+03
  3.040000E+04 9.8857E+03
  3.045000E+04 9.8705E+03
  3.050000E+04 9.8281E+03
  3.055000E+04 9.7967E+03
  3.060000E+04 9.7735E+03
  3.065000E+04 9.7203E+03
  3.070000E+04 9.6830E+03
  3.075000E+04 9.6538E+03
  3.080000E+04 9.5762E+03
  3.085000E+04 9.5099E+03
  3.090000E+04 9.4567E+03
  3.095000E+04 9.3941E+03
  3.100000E+04 9.3813E+03
  3.105000E+04 9.3620E+03
  3.110000E+04 9.3138E+03
  3.115000E+04 9.2352E+03
  3.120000E+04 9.1804E+03
  3.125000E+04 9.1335E+03
  3.130000E+04 9.0678E+03
  3.135000E+04 9.0197E+03
  3.140000E+04 8.9747E+03
  3.145000E+04 8.9347E+03
  3.150000E+04 8.8868E+03
  3.155000E+04 8.8319E+03
  3.160000E+04 8.7788E+03
  3.165000E+04 8.7125E+03
  3.170000E+04 8.6781E+03
  3.175000E+04 8.6455E+03
  3.180000E+04 8.6124E+03
  3.185000E+04 8.5878E+03
  3.190000E+04 8.5729E+03
  3.195000E+04 8.5478E+03
  3.200000E+04 8.5068E+03
  3.210000E+04 8.3989E+03
  3.220000E+04 8.3031E+03
  3.230000E+04 8.2300E+03
  3.240000E+04 8.1784E+03
  3.250000E+04 8.1443E+03
  3.260000E+04 8.0788E+03
  3.270000E+04 8.0037E+03
  3.280000E+04 7.9214E+03
  3.290000E+04 7.8564E+03
  3.300000E+04 7.8000E+03
  3.310000E+04 7.7329E+03
  3.320000E+04 7.7347E+03
  3.330000E+04 7.7426E+03
  3.340000E+04 7.7850E+03
  3.350000E+04 7.8804E+03
  3.360000E+04 7.7960E+03
  3.370000E+04 7.5989E+03
  3.380000E+04 7.6583E+03
  3.390000E+04 7.6414E+03
  3.400000E+04 7.6072E+03
  3.410000E+04 7.7139E+03
  3.420000E+04 7.6850E+03
  3.430000E+04 7.8502E+03
  3.440000E+04 7.9005E+03
  3.450000E+04 7.6781E+03
  3.460000E+04 7.4681E+03
  3.470000E+04 7.5350E+03
  3.480000E+04 7.4139E+03
  3.490000E+04 7.1909E+03
  3.500000E+04 7.1249E+03
  3.510000E+04 7.2493E+03
  3.520000E+04 7.0418E+03
  3.530000E+04 7.0474E+03
  3.540000E+04 6.7956E+03
  3.550000E+04 6.6664E+03
  3.560000E+04 6.7092E+03
  3.570000E+04 6.7517E+03
  3.580000E+04 6.6358E+03
  3.590000E+04 6.5071E+03
  3.600000E+04 6.5592E+03
  3.610000E+04 6.4758E+03
  3.620000E+04 6.3544E+03
  3.630000E+04 6.1286E+03
  3.640000E+04 6.0811E+03
  3.650000E+04 5.9599E+03
  3.660000E+04 5.8650E+03
  3.670000E+04 5.8377E+03
  3.680000E+04 5.7059E+03
  3.690000E+04 5.5928E+03
  3.700000E+04 5.4509E+03
  3.710000E+04 5.3770E+03
  3.720000E+04 5.3161E+03
  3.730000E+04 5.2312E+03
  3.740000E+04 5.0962E+03
  3.750000E+04 4.9953E+03
  3.760000E+04 4.9372E+03
  3.770000E+04 4.8928E+03
  3.780000E+04 4.8311E+03
  3.790000E+04 4.7937E+03
  3.800000E+04 4.7485E+03
  3.810000E+04 4.6883E+03
  3.820000E+04 4.6321E+03
  3.830000E+04 4.5893E+03
  3.840000E+04 4.5612E+03
  3.850000E+04 4.5226E+03
  3.860000E+04 4.4768E+03
  3.870000E+04 4.4338E+03
  3.880000E+04 4.3996E+03
  3.890000E+04 4.3599E+03
  3.900000E+04 4.3208E+03
  3.910000E+04 4.2868E+03
  3.920000E+04 4.2693E+03
  3.930000E+04 4.2513E+03
  3.940000E+04 4.2206E+03
  3.950000E+04 4.1952E+03
  3.960000E+04 4.1668E+03
  3.970000E+04 4.1539E+03
  3.980000E+04 4.1151E+03
  3.990000E+04 4.0895E+03
  4.000000E+04 4.0530E+03
  4.010000E+04 4.0320E+03
  4.020000E+04 3.9948E+03
  4.030000E+04 3.9959E+03
  4.040000E+04 3.9909E+03
  4.050000E+04 3.9680E+03
  4.060000E+04 3.9652E+03
  4.070000E+04 3.9492E+03
  4.080000E+04 3.9528E+03
  4.090000E+04 3.9428E+03
  4.100000E+04 3.9656E+03
  4.110000E+04 3.9516E+03
  4.120000E+04 3.9292E+03
  4.130000E+04 3.8804E+03
  4.140000E+04 3.7828E+03
  4.150000E+04 3.7359E+03
  4.160000E+04 3.6941E+03
  4.170000E+04 3.7518E+03
  4.180000E+04 3.7527E+03
  4.190000E+04 3.7753E+03
  4.200000E+04 3.6991E+03
  4.210000E+04 3.6769E+03
  4.220000E+04 3.6878E+03
  4.230000E+04 3.6981E+03
  4.240000E+04 3.7082E+03
  4.250000E+04 3.6582E+03
  4.260000E+04 3.6346E+03
  4.270000E+04 3.6318E+03
  4.280000E+04 3.5327E+03
  4.290000E+04 3.4543E+03
  4.300000E+04 3.3513E+03
  4.310000E+04 3.2793E+03
  4.320000E+04 3.3148E+03
  4.330000E+04 3.2592E+03
  4.340000E+04 3.1369E+03
  4.350000E+04 3.0504E+03
  4.360000E+04 2.9610E+03
  4.370000E+04 2.9546E+03
  4.380000E+04 2.8928E+03
  4.390000E+04 2.8831E+03
  4.400000E+04 2.8107E+03
  4.410000E+04 2.8128E+03
  4.420000E+04 2.8334E+03
  4.430000E+04 2.8026E+03
  4.440000E+04 2.8197E+03
  4.450000E+04 2.7229E+03
  4.460000E+04 2.6922E+03
  4.470000E+04 2.6499E+03
  4.480000E+04 2.6420E+03
  4.490000E+04 2.6844E+03
  4.500000E+04 2.6528E+03
  4.510000E+04 2.6179E+03
  4.520000E+04 2.5391E+03
  4.530000E+04 2.4832E+03
  4.540000E+04 2.4316E+03
  4.550000E+04 2.3850E+03
  4.560000E+04 2.3283E+03
  4.570000E+04 2.3027E+03
  4.580000E+04 2.2807E+03
  4.590000E+04 2.2422E+03
  4.600000E+04 2.2496E+03
  4.610000E+04 2.2616E+03
  4.620000E+04 2.2317E+03
  4.630000E+04 2.2252E+03
  4.640000E+04 2.2163E+03
  4.650000E+04 2.2014E+03
  4.660000E+04 2.1898E+03
  4.670000E+04 2.1626E+03
  4.680000E+04 2.1153E+03
  4.690000E+04 2.0922E+03
  4.700000E+04 2.0815E+03
  4.710000E+04 2.0616E+03
  4.720000E+04 2.0859E+03
  4.730000E+04 2.1178E+03
  4.740000E+04 2.0914E+03
  4.750000E+04 2.0679E+03
  4.760000E+04 2.0564E+03
  4.770000E+04 2.0271E+03
  4.780000E+04 2.0084E+03
  4.790000E+04 1.9904E+03
  4.800000E+04 1.9590E+03
  4.810000E+04 1.9424E+03
  4.820000E+04 1.9416E+03
  4.830000E+04 1.9409E+03
  4.840000E+04 1.9283E+03
  4.850000E+04 1.9026E+03
  4.860000E+04 1.8872E+03
  4.870000E+04 1.8716E+03
  4.880000E+04 1.8582E+03
  4.890000E+04 1.8571E+03
  4.900000E+04 1.8428E+03
  4.910000E+04 1.8166E+03
  4.920000E+04 1.8106E+03
  4.930000E+04 1.7984E+03
  4.940000E+04 1.7622E+03
  4.950000E+04 1.7364E+03
  4.960000E+04 1.7269E+03
  4.970000E+04 1.7082E+03
  4.980000E+04 1.6865E+03
  4.990000E+04 1.7009E+03
  5.000000E+04 1.6958E+03
  5.010000E+04 1.6894E+03
  5.020000E+04 1.6805E+03
  5.030000E+04 1.6591E+03
  5.040000E+04 1.6319E+03
  5.050000E+04 1.6107E+03
  5.060000E+04 1.6027E+03
  5.070000E+04 1.5942E+03
  5.080000E+04 1.5915E+03
  5.090000E+04 1.5892E+03
  5.100000E+04 1.5861E+03
  5.110000E+04 1.5738E+03
  5.120000E+04 1.5714E+03
  5.130000E+04 1.5577E+03
  5.140000E+04 1.5450E+03
  5.150000E+04 1.5376E+03
  5.160000E+04 1.5405E+03
  5.170000E+04 1.5376E+03
  5.180000E+04 1.5201E+03
  5.190000E+04 1.5112E+03
  5.200000E+04 1.5048E+03
  5.210000E+04 1.4850E+03
  5.220000E+04 1.4702E+03
  5.230000E+04 1.4613E+03
  5.240000E+04 1.4631E+03
  5.250000E+04 1.4502E+03
  5.260000E+04 1.4470E+03
  5.270000E+04 1.4488E+03
  5.280000E+04 1.4374E+03
  5.290000E+04 1.4219E+03
  5.300000E+04 1.4093E+03
  5.310000E+04 1.3972E+03
  5.320000E+04 1.3911E+03
  5.330000E+04 1.3797E+03
  5.340000E+04 1.3681E+03
  5.350000E+04 1.3553E+03
  5.360000E+04 1.3476E+03
  5.370000E+04 1.3413E+03
  5.380000E+04 1.3332E+03
  5.390000E+04 1.3243E+03
  5.400000E+04 1.3194E+03
  5.410000E+04 1.3143E+03
  5.420000E+04 1.3107E+03
  5.430000E+04 1.3030E+03
  5.440000E+04 1.2997E+03
  5.450000E+04 1.2962E+03
  5.460000E+04 1.2856E+03
  5.470000E+04 1.2763E+03
  5.480000E+04 1.2732E+03
  5.490000E+04 1.2679E+03
  5.500000E+04 1.2583E+03
  5.510000E+04 1.2493E+03
  5.520000E+04 1.2506E+03
  5.530000E+04 1.2570E+03
  5.540000E+04 1.2298E+03
  5.550000E+04 1.2192E+03
  5.560000E+04 1.2265E+03
  5.570000E+04 1.2296E+03
  5.580000E+04 1.2158E+03
  5.590000E+04 1.1986E+03
  5.600000E+04 1.1983E+03
  5.610000E+04 1.1945E+03
  5.620000E+04 1.1771E+03
  5.630000E+04 1.1671E+03
  5.640000E+04 1.1666E+03
  5.650000E+04 1.1648E+03
  5.660000E+04 1.1564E+03
  5.670000E+04 1.1448E+03
  5.680000E+04 1.1353E+03
  5.690000E+04 1.1247E+03
  5.700000E+04 1.1192E+03
  5.710000E+04 1.1135E+03
  5.720000E+04 1.1063E+03
  5.730000E+04 1.1023E+03
  5.740000E+04 1.0944E+03
  5.750000E+04 1.0836E+03
  5.760000E+04 1.0712E+03
  5.770000E+04 1.0663E+03
  5.780000E+04 1.0687E+03
  5.790000E+04 1.0712E+03
  5.800000E+04 1.0637E+03
  5.810000E+04 1.0589E+03
  5.820000E+04 1.0560E+03
  5.830000E+04 1.0534E+03
  5.840000E+04 1.0508E+03
  5.850000E+04 1.0423E+03
  5.860000E+04 1.0359E+03
  5.870000E+04 1.0325E+03
  5.880000E+04 1.0235E+03
  5.890000E+04 1.0168E+03
  5.900000E+04 1.0090E+03
  5.910000E+04 1.0006E+03
  5.920000E+04 9.9200E+02
  5.930000E+04 9.8411E+02
  5.940000E+04 9.7463E+02
  5.950000E+04 9.7131E+02
  5.960000E+04 9.6948E+02
  5.970000E+04 9.6610E+02
  5.980000E+04 9.5887E+02
  5.990000E+04 9.5159E+02
  6.000000E+04 9.4402E+02
  6.010000E+04 9.3627E+02
  6.020000E+04 9.3226E+02
  6.030000E+04 9.2918E+02
  6.040000E+04 9.2600E+02
  6.050000E+04 9.2378E+02
  6.060000E+04 9.2197E+02
  6.070000E+04 9.1913E+02
  6.080000E+04 9.1326E+02
  6.090000E+04 9.0748E+02
  6.100000E+04 9.0098E+02
  6.110000E+04 8.9249E+02
  6.120000E+04 8.8649E+02
  6.130000E+04 8.8113E+02
  6.140000E+04 8.7590E+02
  6.150000E+04 8.7088E+02
  6.160000E+04 8.6558E+02
  6.170000E+04 8.5780E+02
  6.180000E+04 8.4915E+02
  6.190000E+04 8.4087E+02
  6.200000E+04 8.3448E+02
  6.210000E+04 8.3041E+02
  6.220000E+04 8.2608E+02
  6.230000E+04 8.2155E+02
  6.240000E+04 8.1800E+02
  6.250000E+04 8.1498E+02
  6.260000E+04 8.0821E+02
  6.270000E+04 8.0110E+02
  6.280000E+04 7.9357E+02
  6.290000E+04 7.8631E+02
  6.300000E+04 7.7962E+02
  6.310000E+04 7.7534E+02
  6.320000E+04 7.7228E+02
  6.330000E+04 7.6946E+02
  6.340000E+04 7.6764E+02
  6.350000E+04 7.6544E+02
  6.360000E+04 7.6416E+02
  6.370000E+04 7.6189E+02
  6.380000E+04 7.5700E+02
  6.390000E+04 7.4972E+02
  6.400000E+04 7.4225E+02
  6.410000E+04 7.3415E+02
  6.420000E+04 7.2777E+02
  6.430000E+04 7.2195E+02
  6.440000E+04 7.1776E+02
  6.450000E+04 7.1300E+02
  6.460000E+04 7.0797E+02
  6.470000E+04 7.0221E+02
  6.480000E+04 6.9809E+02
  6.490000E+04 6.9719E+02
  6.500000E+04 6.9516E+02
  6.510000E+04 6.9245E+02
  6.520000E+04 6.8852E+02
  6.530000E+04 6.8441E+02
  6.540000E+04 6.7991E+02
  6.550000E+04 6.7555E+02
  6.560000E+04 6.7116E+02
  6.570000E+04 6.6425E+02
  6.580000E+04 6.5720E+02
  6.590000E+04 6.5186E+02
  6.600000E+04 6.4685E+02
  6.610000E+04 6.4236E+02
  6.620000E+04 6.3897E+02
  6.630000E+04 6.3643E+02
  6.640000E+04 6.3440E+02
  6.650000E+04 6.3251E+02
  6.660000E+04 6.3096E+02
  6.670000E+04 6.2947E+02
  6.680000E+04 6.2808E+02
  6.690000E+04 6.2480E+02
  6.700000E+04 6.2000E+02
  6.710000E+04 6.1550E+02
  6.720000E+04 6.1118E+02
  6.730000E+04 6.0863E+02
  6.740000E+04 6.0598E+02
  6.750000E+04 6.0230E+02
  6.760000E+04 5.9796E+02
  6.770000E+04 5.9225E+02
  6.780000E+04 5.8868E+02
  6.790000E+04 5.8718E+02
  6.800000E+04 5.8527E+02
  6.810000E+04 5.8316E+02
  6.820000E+04 5.7926E+02
  6.830000E+04 5.7507E+02
  6.840000E+04 5.7235E+02
  6.850000E+04 5.6978E+02
  6.860000E+04 5.6772E+02
  6.870000E+04 5.6488E+02
  6.880000E+04 5.5933E+02
  6.890000E+04 5.5364E+02
  6.900000E+04 5.4749E+02
  6.910000E+04 5.4285E+02
  6.920000E+04 5.4023E+02
  6.930000E+04 5.3757E+02
  6.940000E+04 5.3484E+02
  6.950000E+04 5.3151E+02
  6.960000E+04 5.2773E+02
  6.970000E+04 5.2515E+02
  6.980000E+04 5.2330E+02
  6.990000E+04 5.2137E+02
  7.000000E+04 5.1944E+02
  7.010000E+04 5.1681E+02
  7.020000E+04 5.1391E+02
  7.030000E+04 5.1062E+02
  7.040000E+04 5.0718E+02
  7.050000E+04 5.0452E+02
  7.060000E+04 5.0211E+02
  7.070000E+04 4.9997E+02
  7.080000E+04 4.9795E+02
  7.090000E+04 4.9555E+02
  7.100000E+04 4.9305E+02
  7.110000E+04 4.9039E+02
  7.120000E+04 4.8768E+02
  7.130000E+04 4.8522E+02
  7.140000E+04 4.8286E+02
  7.150000E+04 4.8096E+02
  7.160000E+04 4.7928E+02
  7.170000E+04 4.7741E+02
  7.180000E+04 4.7547E+02
  7.190000E+04 4.7359E+02
  7.200000E+04 4.7174E+02
  7.210000E+04 4.7022E+02
  7.220000E+04 4.6899E+02
  7.230000E+04 4.6762E+02
  7.240000E+04 4.6614E+02
  7.250000E+04 4.6434E+02
  7.260000E+04 4.6198E+02
  7.270000E+04 4.5942E+02
  7.280000E+04 4.5614E+02
  7.290000E+04 4.5317E+02
  7.300000E+04 4.5199E+02
  7.310000E+04 4.5075E+02
  7.320000E+04 4.4814E+02
  7.330000E+04 4.4554E+02
  7.340000E+04 4.4187E+02
  7.350000E+04 4.3814E+02
  7.360000E+04 4.3556E+02
  7.370000E+04 4.3346E+02
  7.380000E+04 4.3162E+02
  7.390000E+04 4.2988E+02
  7.400000E+04 4.2790E+02
  7.410000E+04 4.2552E+02
  7.420000E+04 4.2318E+02
  7.430000E+04 4.2087E+02
  7.440000E+04 4.1858E+02
  7.450000E+04 4.1847E+02
  7.460000E+04 4.1852E+02
  7.470000E+04 4.1659E+02
  7.480000E+04 4.1386E+02
  7.490000E+04 4.1182E+02
  7.500000E+04 4.1046E+02
  7.510000E+04 4.0917E+02
  7.520000E+04 4.0747E+02
  7.530000E+04 4.0579E+02
  7.540000E+04 4.0418E+02
  7.550000E+04 4.0245E+02
  7.560000E+04 3.9869E+02
  7.570000E+04 3.9420E+02
  7.580000E+04 3.9102E+02
  7.590000E+04 3.8939E+02
  7.600000E+04 3.8772E+02
  7.610000E+04 3.8578E+02
  7.620000E+04 3.8385E+02
  7.630000E+04 3.8152E+02
  7.640000E+04 3.7910E+02
  7.650000E+04 3.7623E+02
  7.660000E+04 3.7288E+02
  7.670000E+04 3.6998E+02
  7.680000E+04 3.6995E+02
  7.690000E+04 3.6997E+02
  7.700000E+04 3.6938E+02
  7.710000E+04 3.6867E+02
  7.720000E+04 3.6756E+02
  7.730000E+04 3.6585E+02
  7.740000E+04 3.6415E+02
  7.750000E+04 3.6188E+02
  7.760000E+04 3.5963E+02
  7.770000E+04 3.5852E+02
  7.780000E+04 3.5819E+02
  7.790000E+04 3.5745E+02
  7.800000E+04 3.5495E+02
  7.810000E+04 3.5247E+02
  7.820000E+04 3.4984E+02
  7.830000E+04 3.4721E+02
  7.840000E+04 3.4485E+02
  7.850000E+04 3.4311E+02
  7.860000E+04 3.4137E+02
  7.870000E+04 3.3981E+02
  7.880000E+04 3.3829E+02
  7.890000E+04 3.3695E+02
  7.900000E+04 3.3592E+02
  7.910000E+04 3.3488E+02
  7.920000E+04 3.3414E+02
  7.930000E+04 3.3345E+02
  7.940000E+04 3.3255E+02
  7.950000E+04 3.3125E+02
  7.960000E+04 3.2995E+02
  7.970000E+04 3.2826E+02
  7.980000E+04 3.2650E+02
  7.990000E+04 3.2498E+02
  8.000000E+04 3.2419E+02
  8.010000E+04 3.2341E+02
  8.020000E+04 3.2153E+02
  8.030000E+04 3.1926E+02
  8.040000E+04 3.1714E+02
  8.050000E+04 3.1578E+02
  8.060000E+04 3.1442E+02
  8.070000E+04 3.1310E+02
  8.080000E+04 3.1180E+02
  8.090000E+04 3.1050E+02
  8.100000E+04 3.0897E+02
  8.110000E+04 3.0737E+02
  8.120000E+04 3.0579E+02
  8.130000E+04 3.0420E+02
  8.140000E+04 3.0262E+02
  8.150000E+04 3.0132E+02
  8.160000E+04 3.0015E+02
  8.170000E+04 2.9897E+02
  8.180000E+04 2.9727E+02
  8.190000E+04 2.9556E+02
  8.200000E+04 2.9371E+02
  8.210000E+04 2.9156E+02
  8.220000E+04 2.8944E+02
  8.230000E+04 2.8795E+02
  8.240000E+04 2.8682E+02
  8.250000E+04 2.8570E+02
  8.260000E+04 2.8453E+02
  8.270000E+04 2.8336E+02
  8.280000E+04 2.8221E+02
  8.290000E+04 2.8108E+02
  8.300000E+04 2.7995E+02
  8.310000E+04 2.7873E+02
  8.320000E+04 2.7740E+02
  8.330000E+04 2.7608E+02
  8.340000E+04 2.7542E+02
  8.350000E+04 2.7511E+02
  8.360000E+04 2.7481E+02
  8.370000E+04 2.7363E+02
  8.380000E+04 2.7232E+02
  8.390000E+04 2.7105E+02
  8.400000E+04 2.6985E+02
  8.410000E+04 2.6866E+02
  8.420000E+04 2.6746E+02
  8.430000E+04 2.6616E+02
  8.440000E+04 2.6487E+02
  8.450000E+04 2.6368E+02
  8.460000E+04 2.6264E+02
  8.470000E+04 2.6160E+02
  8.480000E+04 2.6045E+02
  8.490000E+04 2.5921E+02
  8.500000E+04 2.5797E+02
  8.510000E+04 2.5706E+02
  8.520000E+04 2.5631E+02
  8.530000E+04 2.5557E+02
  8.540000E+04 2.5477E+02
  8.550000E+04 2.5396E+02
  8.560000E+04 2.5316E+02
  8.570000E+04 2.5217E+02
  8.580000E+04 2.5115E+02
  8.590000E+04 2.5013E+02
  8.600000E+04 2.4912E+02
  8.610000E+04 2.4812E+02
  8.620000E+04 2.4712E+02
  8.630000E+04 2.4613E+02
  8.640000E+04 2.4514E+02
  8.650000E+04 2.4417E+02
  8.660000E+04 2.4304E+02
  8.670000E+04 2.4191E+02
  8.680000E+04 2.4078E+02
  8.690000E+04 2.3989E+02
  8.700000E+04 2.3902E+02
  8.710000E+04 2.3815E+02
  8.720000E+04 2.3752E+02
  8.730000E+04 2.3691E+02
  8.740000E+04 2.3632E+02
  8.750000E+04 2.3570E+02
  8.760000E+04 2.3510E+02
  8.770000E+04 2.3449E+02
  8.780000E+04 2.3409E+02
  8.790000E+04 2.3374E+02
  8.800000E+04 2.3339E+02
  8.810000E+04 2.3306E+02
  8.820000E+04 2.3274E+02
  8.830000E+04 2.3244E+02
  8.840000E+04 2.3167E+02
  8.850000E+04 2.3059E+02
  8.860000E+04 2.2951E+02
  8.870000E+04 2.2868E+02
  8.880000E+04 2.2812E+02
  8.890000E+04 2.2757E+02
  8.900000E+04 2.2683E+02
  8.910000E+04 2.2573E+02
  8.920000E+04 2.2462E+02
  8.930000E+04 2.2354E+02
  8.940000E+04 2.2255E+02
  8.950000E+04 2.2152E+02
  8.960000E+04 2.2051E+02
  8.970000E+04 2.1954E+02
  8.980000E+04 2.1859E+02
  8.990000E+04 2.1768E+02
  9.000000E+04 2.1701E+02
  9.010000E+04 2.1644E+02
  9.020000E+04 2.1588E+02
  9.030000E+04 2.1489E+02
  9.040000E+04 2.1346E+02
  9.050000E+04 2.1205E+02
  9.060000E+04 2.1075E+02
  9.070000E+04 2.0978E+02
  9.080000E+04 2.0881E+02
  9.090000E+04 2.0785E+02
  9.100000E+04 2.0666E+02
  9.110000E+04 2.0551E+02
  9.120000E+04 2.0436E+02
  9.130000E+04 2.0335E+02
  9.140000E+04 2.0243E+02
  9.150000E+04 2.0151E+02
  9.160000E+04 2.0065E+02
  9.170000E+04 1.9995E+02
  9.180000E+04 1.9925E+02
  9.190000E+04 1.9856E+02
  9.200000E+04 1.9820E+02
  9.210000E+04 1.9789E+02
  9.220000E+04 1.9759E+02
  9.230000E+04 1.9743E+02
  9.240000E+04 1.9744E+02
  9.250000E+04 1.9746E+02
  9.260000E+04 1.9746E+02
  9.270000E+04 1.9711E+02
  9.280000E+04 1.9676E+02
  9.290000E+04 1.9641E+02
  9.300000E+04 1.9549E+02
  9.310000E+04 1.9424E+02
  9.320000E+04 1.9300E+02
  9.330000E+04 1.9180E+02
  9.340000E+04 1.9080E+02
  9.350000E+04 1.8982E+02
  9.360000E+04 1.8884E+02
  9.370000E+04 1.8796E+02
  9.380000E+04 1.8713E+02
  9.390000E+04 1.8630E+02
  9.400000E+04 1.8545E+02
  9.410000E+04 1.8450E+02
  9.420000E+04 1.8356E+02
  9.430000E+04 1.8261E+02
  9.440000E+04 1.8196E+02
  9.450000E+04 1.8150E+02
  9.460000E+04 1.8104E+02
  9.470000E+04 1.8061E+02
  9.480000E+04 1.8062E+02
  9.490000E+04 1.8062E+02
  9.500000E+04 1.8064E+02
  9.510000E+04 1.8038E+02
  9.520000E+04 1.7976E+02
  9.530000E+04 1.7914E+02
  9.540000E+04 1.7852E+02
  9.550000E+04 1.7773E+02
  9.560000E+04 1.7691E+02
  9.570000E+04 1.7608E+02
  9.580000E+04 1.7532E+02
  9.590000E+04 1.7487E+02
  9.600000E+04 1.7441E+02
  9.610000E+04 1.7396E+02
  9.620000E+04 1.7331E+02
  9.630000E+04 1.7243E+02
  9.640000E+04 1.7156E+02
  9.650000E+04 1.7070E+02
  9.660000E+04 1.6960E+02
  9.670000E+04 1.6843E+02
  9.680000E+04 1.6727E+02
  9.690000E+04 1.6613E+02
  9.700000E+04 1.6602E+02
  9.710000E+04 1.6590E+02
  9.720000E+04 1.6579E+02
  9.730000E+04 1.6565E+02
  9.740000E+04 1.6546E+02
  9.750000E+04 1.6532E+02
  9.760000E+04 1.6517E+02
  9.770000E+04 1.6481E+02
  9.780000E+04 1.6415E+02
  9.790000E+04 1.6350E+02
  9.800000E+04 1.6284E+02
  9.810000E+04 1.6232E+02
  9.820000E+04 1.6187E+02
  9.830000E+04 1.6142E+02
  9.840000E+04 1.6098E+02
  9.850000E+04 1.6077E+02
  9.860000E+04 1.6065E+02
  9.870000E+04 1.6054E+02
  9.880000E+04 1.6043E+02
  9.890000E+04 1.5979E+02
  9.900000E+04 1.5908E+02
  9.910000E+04 1.5835E+02
  9.920000E+04 1.5763E+02
  9.930000E+04 1.5666E+02
  9.940000E+04 1.5568E+02
  9.950000E+04 1.5472E+02
  9.960000E+04 1.5376E+02
  9.970000E+04 1.5284E+02
  9.980000E+04 1.5193E+02
  9.990000E+04 1.5103E+02
  1.000000E+05 1.5014E+02
  1.002000E+05 1.4879E+02
  1.050000E+05 1.2583E+02
  1.100000E+05 1.0226E+02
  1.130000E+05 9.2775E+01
  1.160000E+05 8.0703E+01
  1.200000E+05 7.0181E+01
  1.250000E+05 6.5946E+01
  1.300000E+05 5.5979E+01
  1.350000E+05 4.7823E+01
  1.400000E+05 4.1097E+01
  1.450000E+05 3.5511E+01
  1.500000E+05 3.0841E+01
  1.600000E+05 2.3591E+01
  1.700000E+05 1.8349E+01
  1.800000E+05 1.4485E+01
  1.900000E+05 1.1585E+01
  2.000000E+05 9.3762E+00
  2.200000E+05 6.4182E+00
  2.300000E+05 5.3783E+00
  2.400000E+05 4.5408E+00
  2.500000E+05 3.8604E+00
  2.600000E+05 3.3029E+00
  2.700000E+05 2.8426E+00
  2.800000E+05 2.4599E+00
  3.000000E+05 1.8697E+00
  3.500000E+05 1.0129E+00
  4.000000E+05 5.9563E-01
  4.500000E+05 3.7209E-01
  5.000000E+05 2.4427E-01
  5.500000E+05 1.6693E-01
  6.000000E+05 1.1793E-01
  6.500000E+05 8.5604E-02
  7.000000E+05 6.3634E-02
  7.500000E+05 4.8282E-02
  8.000000E+05 3.7292E-02
  8.500000E+05 2.9251E-02
  9.000000E+05 2.3264E-02
  9.500000E+05 1.8733E-02
  1.000000E+06 1.5254E-02
  1.050000E+06 1.2544E-02
  1.100000E+06 1.0410E-02
  1.200000E+06 7.3443E-03
  1.300000E+06 5.3275E-03
  1.400000E+06 3.9577E-03
  1.500000E+06 3.0007E-03
  1.600000E+06 2.3161E-03
  2.000000E+06 9.5024E-04
  2.500000E+06 3.8922E-04
  3.000000E+06 1.8770E-04
  4.000000E+06 5.9390E-05
  5.000000E+06 2.4326E-05
  7.000000E+06 6.3323E-06
  1.000000E+07 1.5204E-06
  1.500000E+07 3.0032E-07
  2.250000E+07 5.9323E-08
  3.350000E+07 1.2072E-08
  5.000000E+07 2.4326E-09
  7.400000E+07 5.0702E-10
  1.100000E+08 1.0384E-10
  1.300000E+08 5.3233E-11
  1.600000E+08 2.3199E-11
  2.400000E+08 4.5826E-12
  3.600000E+08 9.0520E-13
