# File: out_constant_SFH.ised
# Column            2
# Age(yr)       8.000E+08
# Lambda(A)       Flux   
  9.100000E+01 6.1827E+03
  9.400000E+01 7.1538E+03
  9.600000E+01 7.6633E+03
  9.800000E+01 4.1320E+04
  1.000000E+02 1.2619E+05
  1.020000E+02 1.3555E+05
  1.040000E+02 1.2883E+05
  1.060000E+02 1.3064E+05
  1.080000E+02 1.3474E+05
  1.100000E+02 1.4984E+05
  1.140000E+02 1.5837E+05
  1.180000E+02 1.5063E+05
  1.210000E+02 1.9471E+05
  1.250000E+02 2.0189E+05
  1.270000E+02 2.0736E+05
  1.280000E+02 2.0914E+05
  1.310000E+02 2.0302E+05
  1.320000E+02 2.0861E+05
  1.340000E+02 1.9897E+05
  1.370000E+02 2.2217E+05
  1.400000E+02 2.2311E+05
  1.430000E+02 2.7942E+05
  1.470000E+02 3.4908E+05
  1.500000E+02 2.9757E+05
  1.510000E+02 3.2176E+05
  1.550000E+02 3.5282E+05
  1.590000E+02 3.5403E+05
  1.620000E+02 3.5472E+05
  1.660000E+02 3.5698E+05
  1.700000E+02 3.5680E+05
  1.730000E+02 2.6060E+05
  1.770000E+02 3.5956E+05
  1.800000E+02 3.6006E+05
  1.820000E+02 3.5996E+05
  1.860000E+02 3.6064E+05
  1.910000E+02 3.6098E+05
  1.940000E+02 3.6337E+05
  1.980000E+02 3.6332E+05
  2.000000E+02 3.6311E+05
  2.020000E+02 3.6354E+05
  2.050000E+02 3.6326E+05
  2.100000E+02 3.5620E+05
  2.160000E+02 3.6328E+05
  2.200000E+02 3.6416E+05
  2.230000E+02 3.5976E+05
  2.270000E+02 3.6459E+05
  2.300000E+02 4.5871E+05
  2.340000E+02 6.5344E+05
  2.400000E+02 7.4619E+05
  2.460000E+02 6.7724E+05
  2.520000E+02 7.2823E+05
  2.570000E+02 6.8926E+05
  2.600000E+02 7.1593E+05
  2.640000E+02 9.3729E+05
  2.690000E+02 9.7163E+05
  2.740000E+02 9.9406E+05
  2.790000E+02 8.4158E+05
  2.840000E+02 1.0285E+06
  2.900000E+02 1.0949E+06
  2.960000E+02 9.8879E+05
  3.000000E+02 9.1047E+05
  3.010000E+02 8.8952E+05
  3.080000E+02 9.5754E+05
  3.180000E+02 9.3430E+05
  3.280000E+02 9.6673E+05
  3.380000E+02 9.0295E+05
  3.480000E+02 8.4834E+05
  3.570000E+02 1.1486E+06
  3.660000E+02 1.7572E+06
  3.750000E+02 1.7226E+06
  3.850000E+02 1.3480E+06
  3.950000E+02 1.9970E+06
  4.000000E+02 2.2128E+06
  4.050000E+02 2.4569E+06
  4.140000E+02 2.4192E+06
  4.220000E+02 2.1737E+06
  4.300000E+02 2.0592E+06
  4.410000E+02 2.3840E+06
  4.510000E+02 2.4034E+06
  4.600000E+02 2.0901E+06
  4.700000E+02 2.1048E+06
  4.800000E+02 2.3385E+06
  4.900000E+02 1.9608E+06
  5.000000E+02 2.3920E+06
  5.060000E+02 2.0300E+06
  5.120000E+02 3.0616E+06
  5.200000E+02 2.8787E+06
  5.300000E+02 2.6256E+06
  5.400000E+02 2.1165E+06
  5.500000E+02 2.0074E+06
  5.600000E+02 2.5965E+06
  5.700000E+02 2.8636E+06
  5.800000E+02 2.7644E+06
  5.900000E+02 2.7649E+06
  6.000000E+02 2.2976E+06
  6.100000E+02 2.1599E+06
  6.200000E+02 2.6959E+06
  6.300000E+02 2.4841E+06
  6.400000E+02 2.7096E+06
  6.500000E+02 2.5591E+06
  6.580000E+02 2.3190E+06
  6.650000E+02 2.5875E+06
  6.750000E+02 2.6666E+06
  6.850000E+02 2.2603E+06
  6.950000E+02 2.5639E+06
  7.000000E+02 2.2914E+06
  7.050000E+02 2.0539E+06
  7.160000E+02 2.5509E+06
  7.260000E+02 2.5417E+06
  7.350000E+02 2.5139E+06
  7.450000E+02 2.3911E+06
  7.550000E+02 2.3357E+06
  7.650000E+02 2.0588E+06
  7.750000E+02 2.2675E+06
  7.850000E+02 2.0342E+06
  7.950000E+02 2.1646E+06
  8.000000E+02 2.1788E+06
  8.050000E+02 2.1937E+06
  8.150000E+02 2.1715E+06
  8.250000E+02 2.1699E+06
  8.350000E+02 1.7184E+06
  8.450000E+02 2.0682E+06
  8.550000E+02 2.0010E+06
  8.650000E+02 2.0441E+06
  8.750000E+02 2.0234E+06
  8.850000E+02 1.9957E+06
  8.950000E+02 1.9725E+06
  9.000000E+02 1.9403E+06
  9.050000E+02 1.9089E+06
  9.150000E+02 1.7956E+06
  9.250000E+02 3.8543E+06
  9.350000E+02 5.8937E+06
  9.450000E+02 7.6718E+06
  9.550000E+02 8.7518E+06
  9.650000E+02 9.3205E+06
  9.750000E+02 3.7946E+06
  9.850000E+02 7.2384E+06
  9.950000E+02 6.9394E+06
  1.000000E+03 7.6732E+06
  1.005000E+03 8.5408E+06
  1.015000E+03 8.6829E+06
  1.025000E+03 6.0939E+06
  1.035000E+03 7.5148E+06
  1.045000E+03 1.0064E+07
  1.055000E+03 9.5876E+06
  1.065000E+03 8.0347E+06
  1.075000E+03 8.7359E+06
  1.085000E+03 7.5868E+06
  1.095000E+03 8.7898E+06
  1.100000E+03 8.5481E+06
  1.105000E+03 8.3367E+06
  1.115000E+03 8.0672E+06
  1.125000E+03 7.0614E+06
  1.135000E+03 8.2843E+06
  1.145000E+03 7.7783E+06
  1.155000E+03 7.7511E+06
  1.165000E+03 7.5798E+06
  1.175000E+03 5.1880E+06
  1.185000E+03 7.1123E+06
  1.195000E+03 6.0062E+06
  1.200000E+03 5.5104E+06
  1.205000E+03 5.1028E+06
  1.215000E+03 4.1346E+06
  1.225000E+03 5.7039E+06
  1.235000E+03 6.8414E+06
  1.245000E+03 7.0206E+06
  1.255000E+03 6.7755E+06
  1.265000E+03 6.4047E+06
  1.275000E+03 7.1944E+06
  1.285000E+03 7.2912E+06
  1.295000E+03 6.2173E+06
  1.300000E+03 6.1868E+06
  1.305000E+03 6.1672E+06
  1.315000E+03 7.0171E+06
  1.325000E+03 6.6792E+06
  1.335000E+03 6.1822E+06
  1.345000E+03 6.7041E+06
  1.355000E+03 6.4728E+06
  1.365000E+03 5.9437E+06
  1.375000E+03 5.9412E+06
  1.385000E+03 5.8612E+06
  1.395000E+03 4.5415E+06
  1.400000E+03 4.4771E+06
  1.405000E+03 4.4276E+06
  1.415000E+03 5.3871E+06
  1.425000E+03 5.2549E+06
  1.435000E+03 5.3688E+06
  1.442000E+03 5.4559E+06
  1.447000E+03 5.4624E+06
  1.455000E+03 5.2592E+06
  1.465000E+03 4.9276E+06
  1.475000E+03 4.9327E+06
  1.485000E+03 4.9588E+06
  1.495000E+03 4.9073E+06
  1.500000E+03 4.7724E+06
  1.505000E+03 4.6435E+06
  1.512000E+03 4.2480E+06
  1.517000E+03 4.4098E+06
  1.525000E+03 4.3138E+06
  1.535000E+03 3.7206E+06
  1.545000E+03 3.5151E+06
  1.555000E+03 3.4434E+06
  1.565000E+03 3.7337E+06
  1.575000E+03 3.9474E+06
  1.585000E+03 4.0377E+06
  1.595000E+03 4.0473E+06
  1.600000E+03 3.9881E+06
  1.605000E+03 3.9312E+06
  1.615000E+03 3.8639E+06
  1.625000E+03 3.7471E+06
  1.635000E+03 3.9070E+06
  1.645000E+03 3.9020E+06
  1.655000E+03 3.7452E+06
  1.665000E+03 3.8915E+06
  1.672000E+03 3.5413E+06
  1.677000E+03 3.9806E+06
  1.685000E+03 3.9822E+06
  1.695000E+03 3.7706E+06
  1.700000E+03 3.7074E+06
  1.705000E+03 3.6460E+06
  1.715000E+03 3.4417E+06
  1.725000E+03 3.3766E+06
  1.735000E+03 3.5394E+06
  1.745000E+03 3.4585E+06
  1.755000E+03 3.5525E+06
  1.765000E+03 3.3610E+06
  1.775000E+03 3.3126E+06
  1.785000E+03 3.3609E+06
  1.795000E+03 3.4522E+06
  1.800000E+03 3.4408E+06
  1.805000E+03 3.4299E+06
  1.815000E+03 3.1751E+06
  1.825000E+03 3.2141E+06
  1.835000E+03 3.1156E+06
  1.845000E+03 2.8882E+06
  1.855000E+03 2.8882E+06
  1.865000E+03 2.9271E+06
  1.875000E+03 3.0555E+06
  1.885000E+03 2.8153E+06
  1.895000E+03 2.6941E+06
  1.900000E+03 2.7622E+06
  1.905000E+03 2.8342E+06
  1.915000E+03 2.7081E+06
  1.925000E+03 2.6082E+06
  1.935000E+03 2.7177E+06
  1.945000E+03 2.7731E+06
  1.955000E+03 2.5578E+06
  1.967000E+03 2.7439E+06
  1.976000E+03 2.8055E+06
  1.984000E+03 2.6561E+06
  1.995000E+03 2.5793E+06
  2.000000E+03 2.6106E+06
  2.005000E+03 2.6427E+06
  2.015000E+03 2.5709E+06
  2.025000E+03 2.6440E+06
  2.035000E+03 2.4814E+06
  2.045000E+03 2.5260E+06
  2.055000E+03 2.2791E+06
  2.065000E+03 2.3473E+06
  2.074000E+03 2.5538E+06
  2.078000E+03 2.4009E+06
  2.085000E+03 2.4691E+06
  2.095000E+03 2.3407E+06
  2.100000E+03 2.3512E+06
  2.105000E+03 2.3624E+06
  2.115000E+03 2.3744E+06
  2.125000E+03 2.3793E+06
  2.135000E+03 2.2701E+06
  2.145000E+03 2.2501E+06
  2.155000E+03 2.3111E+06
  2.165000E+03 2.2442E+06
  2.175000E+03 2.2259E+06
  2.185000E+03 2.1642E+06
  2.195000E+03 2.2259E+06
  2.200000E+03 2.2007E+06
  2.205000E+03 2.1760E+06
  2.215000E+03 2.0939E+06
  2.225000E+03 2.0376E+06
  2.235000E+03 2.0866E+06
  2.245000E+03 2.0267E+06
  2.255000E+03 1.9582E+06
  2.265000E+03 1.9834E+06
  2.275000E+03 1.9937E+06
  2.285000E+03 1.9968E+06
  2.295000E+03 1.8804E+06
  2.300000E+03 1.8853E+06
  2.305000E+03 1.8910E+06
  2.315000E+03 1.8267E+06
  2.325000E+03 1.5564E+06
  2.335000E+03 1.7344E+06
  2.345000E+03 1.7074E+06
  2.355000E+03 1.7493E+06
  2.365000E+03 1.6702E+06
  2.375000E+03 1.6698E+06
  2.385000E+03 1.5910E+06
  2.395000E+03 1.6422E+06
  2.400000E+03 1.6165E+06
  2.405000E+03 1.5915E+06
  2.415000E+03 1.5984E+06
  2.425000E+03 1.6291E+06
  2.435000E+03 1.5716E+06
  2.445000E+03 1.6110E+06
  2.455000E+03 1.5840E+06
  2.465000E+03 1.5669E+06
  2.475000E+03 1.5245E+06
  2.485000E+03 1.5337E+06
  2.495000E+03 1.3513E+06
  2.500000E+03 1.4345E+06
  2.505000E+03 1.5254E+06
  2.513000E+03 1.4232E+06
  2.518000E+03 1.4716E+06
  2.525000E+03 1.4318E+06
  2.535000E+03 1.4289E+06
  2.545000E+03 1.3951E+06
  2.555000E+03 1.4313E+06
  2.565000E+03 1.4093E+06
  2.575000E+03 1.4414E+06
  2.585000E+03 1.4239E+06
  2.595000E+03 1.4038E+06
  2.600000E+03 1.3872E+06
  2.605000E+03 1.3711E+06
  2.615000E+03 1.3499E+06
  2.625000E+03 1.3675E+06
  2.635000E+03 1.3674E+06
  2.645000E+03 1.4058E+06
  2.655000E+03 1.3983E+06
  2.665000E+03 1.3248E+06
  2.675000E+03 1.3445E+06
  2.685000E+03 1.3341E+06
  2.695000E+03 1.2914E+06
  2.700000E+03 1.2924E+06
  2.705000E+03 1.2937E+06
  2.715000E+03 1.2608E+06
  2.725000E+03 1.2575E+06
  2.735000E+03 1.2746E+06
  2.745000E+03 1.1917E+06
  2.755000E+03 1.1904E+06
  2.765000E+03 1.1988E+06
  2.775000E+03 1.2238E+06
  2.785000E+03 1.1941E+06
  2.795000E+03 1.0642E+06
  2.800000E+03 1.0833E+06
  2.805000E+03 1.1034E+06
  2.815000E+03 1.1893E+06
  2.825000E+03 1.1924E+06
  2.835000E+03 1.1477E+06
  2.845000E+03 1.1350E+06
  2.855000E+03 1.1194E+06
  2.865000E+03 1.1460E+06
  2.875000E+03 1.1279E+06
  2.885000E+03 1.1246E+06
  2.895000E+03 1.1069E+06
  2.900000E+03 1.1140E+06
  2.910000E+03 1.1298E+06
  2.930000E+03 1.1000E+06
  2.950000E+03 1.0753E+06
  2.970000E+03 1.0671E+06
  2.990000E+03 1.0517E+06
  3.000000E+03 1.0452E+06
  3.010000E+03 1.0391E+06
  3.030000E+03 1.0266E+06
  3.050000E+03 1.0111E+06
  3.070000E+03 9.9687E+05
  3.090000E+03 9.8312E+05
  3.100000E+03 9.7517E+05
  3.110000E+03 9.6760E+05
  3.130000E+03 9.4869E+05
  3.150000E+03 9.4111E+05
  3.170000E+03 9.2394E+05
  3.190000E+03 8.9323E+05
  3.200000E+03 8.9293E+05
  3.210000E+03 8.9282E+05
  3.230000E+03 8.7140E+05
  3.250000E+03 8.7190E+05
  3.270000E+03 8.6521E+05
  3.290000E+03 8.5384E+05
  3.300000E+03 8.4869E+05
  3.310000E+03 8.4368E+05
  3.330000E+03 8.2778E+05
  3.350000E+03 8.1127E+05
  3.370000E+03 7.9385E+05
  3.390000E+03 7.8537E+05
  3.400000E+03 7.8215E+05
  3.410000E+03 7.7904E+05
  3.430000E+03 7.6604E+05
  3.450000E+03 7.5695E+05
  3.470000E+03 7.4773E+05
  3.490000E+03 7.4108E+05
  3.500000E+03 7.3923E+05
  3.510000E+03 7.3747E+05
  3.530000E+03 7.2437E+05
  3.550000E+03 7.2145E+05
  3.570000E+03 6.9677E+05
  3.590000E+03 6.8539E+05
  3.600000E+03 6.8444E+05
  3.610000E+03 6.8422E+05
  3.630000E+03 6.7992E+05
  3.640000E+03 6.7723E+05
  3.650000E+03 6.8473E+05
  3.670000E+03 6.7023E+05
  3.690000E+03 6.3275E+05
  3.700000E+03 6.4686E+05
  3.710000E+03 6.6254E+05
  3.730000E+03 6.5095E+05
  3.750000E+03 7.4276E+05
  3.770000E+03 7.5934E+05
  3.790000E+03 8.4012E+05
  3.800000E+03 8.7451E+05
  3.810000E+03 9.1114E+05
  3.830000E+03 7.6101E+05
  3.850000E+03 9.3663E+05
  3.870000E+03 9.8654E+05
  3.890000E+03 7.1794E+05
  3.900000E+03 8.3874E+05
  3.910000E+03 9.8779E+05
  3.930000E+03 8.9748E+05
  3.950000E+03 9.4503E+05
  3.970000E+03 6.4823E+05
  3.990000E+03 9.5017E+05
  4.000000E+03 9.7484E+05
  4.010000E+03 1.0013E+06
  4.030000E+03 9.8419E+05
  4.050000E+03 9.8010E+05
  4.070000E+03 9.4066E+05
  4.090000E+03 8.4142E+05
  4.100000E+03 7.7249E+05
  4.110000E+03 7.1067E+05
  4.130000E+03 8.9815E+05
  4.150000E+03 9.1731E+05
  4.170000E+03 9.1076E+05
  4.190000E+03 9.0211E+05
  4.200000E+03 8.9990E+05
  4.210000E+03 8.9800E+05
  4.230000E+03 8.8238E+05
  4.250000E+03 8.7572E+05
  4.270000E+03 8.4809E+05
  4.290000E+03 8.4094E+05
  4.300000E+03 8.1730E+05
  4.310000E+03 7.9479E+05
  4.330000E+03 7.1063E+05
  4.350000E+03 6.3930E+05
  4.370000E+03 8.0747E+05
  4.390000E+03 7.9705E+05
  4.400000E+03 7.9821E+05
  4.410000E+03 7.9958E+05
  4.430000E+03 7.9804E+05
  4.450000E+03 7.9716E+05
  4.470000E+03 7.8783E+05
  4.490000E+03 7.8492E+05
  4.500000E+03 7.9377E+05
  4.510000E+03 8.0340E+05
  4.530000E+03 7.7141E+05
  4.550000E+03 7.6300E+05
  4.570000E+03 7.7645E+05
  4.590000E+03 7.5411E+05
  4.600000E+03 7.5488E+05
  4.610000E+03 7.5570E+05
  4.630000E+03 7.3603E+05
  4.650000E+03 7.3395E+05
  4.670000E+03 7.3398E+05
  4.690000E+03 7.1868E+05
  4.700000E+03 7.0812E+05
  4.710000E+03 6.9777E+05
  4.730000E+03 7.1069E+05
  4.750000E+03 7.1034E+05
  4.770000E+03 7.0530E+05
  4.790000E+03 6.9494E+05
  4.800000E+03 6.8775E+05
  4.810000E+03 6.8067E+05
  4.830000E+03 6.6911E+05
  4.850000E+03 5.8457E+05
  4.870000E+03 5.0634E+05
  4.890000E+03 6.3699E+05
  4.900000E+03 6.4117E+05
  4.910000E+03 6.4552E+05
  4.930000E+03 6.3371E+05
  4.950000E+03 6.4421E+05
  4.970000E+03 6.3607E+05
  4.990000E+03 6.1457E+05
  5.000000E+03 6.0335E+05
  5.010000E+03 5.9245E+05
  5.030000E+03 6.0359E+05
  5.050000E+03 5.9464E+05
  5.070000E+03 6.0417E+05
  5.090000E+03 5.8775E+05
  5.100000E+03 5.8705E+05
  5.110000E+03 5.8647E+05
  5.130000E+03 5.7355E+05
  5.150000E+03 5.6121E+05
  5.170000E+03 5.4508E+05
  5.190000E+03 5.4583E+05
  5.200000E+03 5.4731E+05
  5.210000E+03 5.4899E+05
  5.230000E+03 5.5038E+05
  5.250000E+03 5.5499E+05
  5.270000E+03 5.2716E+05
  5.290000E+03 5.4846E+05
  5.300000E+03 5.4964E+05
  5.310000E+03 5.5103E+05
  5.330000E+03 5.2607E+05
  5.350000E+03 5.3955E+05
  5.370000E+03 5.3510E+05
  5.390000E+03 5.2484E+05
  5.400000E+03 5.2074E+05
  5.410000E+03 5.1664E+05
  5.430000E+03 5.1592E+05
  5.450000E+03 5.1969E+05
  5.470000E+03 5.0801E+05
  5.490000E+03 5.0479E+05
  5.500000E+03 5.0240E+05
  5.510000E+03 4.9999E+05
  5.530000E+03 5.0077E+05
  5.550000E+03 5.0104E+05
  5.570000E+03 4.9412E+05
  5.590000E+03 4.8507E+05
  5.600000E+03 4.8703E+05
  5.610000E+03 4.8922E+05
  5.630000E+03 4.8210E+05
  5.650000E+03 4.7988E+05
  5.670000E+03 4.7218E+05
  5.690000E+03 4.7581E+05
  5.700000E+03 4.7141E+05
  5.710000E+03 4.6716E+05
  5.730000E+03 4.7996E+05
  5.750000E+03 4.6681E+05
  5.770000E+03 4.6739E+05
  5.790000E+03 4.5618E+05
  5.800000E+03 4.5880E+05
  5.810000E+03 4.6159E+05
  5.830000E+03 4.6431E+05
  5.850000E+03 4.5470E+05
  5.870000E+03 4.4911E+05
  5.890000E+03 4.3044E+05
  5.900000E+03 4.3626E+05
  5.910000E+03 4.4263E+05
  5.930000E+03 4.4066E+05
  5.950000E+03 4.3714E+05
  5.970000E+03 4.3873E+05
  5.990000E+03 4.3127E+05
  6.000000E+03 4.2884E+05
  6.010000E+03 4.2662E+05
  6.030000E+03 4.2961E+05
  6.050000E+03 4.3026E+05
  6.070000E+03 4.2813E+05
  6.090000E+03 4.1755E+05
  6.100000E+03 4.1672E+05
  6.110000E+03 4.1596E+05
  6.130000E+03 4.0329E+05
  6.150000E+03 4.0243E+05
  6.170000E+03 3.9494E+05
  6.190000E+03 4.0201E+05
  6.200000E+03 4.0008E+05
  6.210000E+03 3.9805E+05
  6.230000E+03 3.8887E+05
  6.250000E+03 3.7873E+05
  6.270000E+03 3.8807E+05
  6.290000E+03 3.8994E+05
  6.300000E+03 3.8613E+05
  6.310000E+03 3.8240E+05
  6.330000E+03 3.8407E+05
  6.350000E+03 3.7982E+05
  6.370000E+03 3.7764E+05
  6.390000E+03 3.8062E+05
  6.400000E+03 3.7806E+05
  6.410000E+03 3.7506E+05
  6.430000E+03 3.7523E+05
  6.450000E+03 3.7214E+05
  6.470000E+03 3.7080E+05
  6.490000E+03 3.6319E+05
  6.500000E+03 3.6481E+05
  6.510000E+03 3.6637E+05
  6.530000E+03 3.6108E+05
  6.550000E+03 3.3997E+05
  6.570000E+03 3.0327E+05
  6.590000E+03 3.5020E+05
  6.600000E+03 3.5336E+05
  6.610000E+03 3.5672E+05
  6.630000E+03 3.5437E+05
  6.650000E+03 3.5208E+05
  6.670000E+03 3.4572E+05
  6.690000E+03 3.4849E+05
  6.700000E+03 3.4435E+05
  6.710000E+03 3.4033E+05
  6.730000E+03 3.4368E+05
  6.750000E+03 3.3864E+05
  6.770000E+03 3.3909E+05
  6.790000E+03 3.3503E+05
  6.800000E+03 3.3479E+05
  6.810000E+03 3.3464E+05
  6.830000E+03 3.3485E+05
  6.850000E+03 3.2889E+05
  6.870000E+03 3.3082E+05
  6.890000E+03 3.3224E+05
  6.900000E+03 3.3114E+05
  6.910000E+03 3.2977E+05
  6.930000E+03 3.2632E+05
  6.950000E+03 3.2290E+05
  6.970000E+03 3.2348E+05
  6.990000E+03 3.2136E+05
  7.000000E+03 3.1788E+05
  7.010000E+03 3.1545E+05
  7.030000E+03 3.1717E+05
  7.050000E+03 3.1585E+05
  7.070000E+03 3.0894E+05
  7.090000E+03 3.0410E+05
  7.100000E+03 3.0058E+05
  7.110000E+03 2.9773E+05
  7.130000E+03 2.9346E+05
  7.150000E+03 2.9286E+05
  7.170000E+03 2.9332E+05
  7.190000E+03 2.8909E+05
  7.200000E+03 2.9091E+05
  7.210000E+03 2.9306E+05
  7.230000E+03 2.9465E+05
  7.250000E+03 2.9449E+05
  7.270000E+03 2.9331E+05
  7.290000E+03 2.8864E+05
  7.300000E+03 2.8989E+05
  7.310000E+03 2.9224E+05
  7.330000E+03 2.9144E+05
  7.350000E+03 2.9105E+05
  7.370000E+03 2.9466E+05
  7.390000E+03 2.8868E+05
  7.400000E+03 2.8816E+05
  7.410000E+03 2.8731E+05
  7.430000E+03 2.8893E+05
  7.450000E+03 2.8813E+05
  7.470000E+03 2.8801E+05
  7.490000E+03 2.8584E+05
  7.500000E+03 2.8632E+05
  7.510000E+03 2.8731E+05
  7.530000E+03 2.8832E+05
  7.550000E+03 2.8832E+05
  7.570000E+03 2.8564E+05
  7.590000E+03 2.8193E+05
  7.600000E+03 2.8092E+05
  7.610000E+03 2.7971E+05
  7.630000E+03 2.7778E+05
  7.650000E+03 2.7465E+05
  7.670000E+03 2.6762E+05
  7.690000E+03 2.7125E+05
  7.700000E+03 2.6845E+05
  7.710000E+03 2.6672E+05
  7.730000E+03 2.6639E+05
  7.750000E+03 2.6436E+05
  7.770000E+03 2.6431E+05
  7.790000E+03 2.6592E+05
  7.800000E+03 2.6524E+05
  7.810000E+03 2.6463E+05
  7.830000E+03 2.6295E+05
  7.850000E+03 2.5959E+05
  7.870000E+03 2.5905E+05
  7.890000E+03 2.5331E+05
  7.900000E+03 2.5106E+05
  7.910000E+03 2.4888E+05
  7.930000E+03 2.4953E+05
  7.950000E+03 2.4624E+05
  7.970000E+03 2.5078E+05
  7.990000E+03 2.4981E+05
  8.000000E+03 2.5064E+05
  8.010000E+03 2.5100E+05
  8.030000E+03 2.4993E+05
  8.050000E+03 2.4800E+05
  8.070000E+03 2.4670E+05
  8.090000E+03 2.4234E+05
  8.100000E+03 2.4222E+05
  8.110000E+03 2.4137E+05
  8.130000E+03 2.4397E+05
  8.150000E+03 2.4390E+05
  8.170000E+03 2.4383E+05
  8.190000E+03 2.3929E+05
  8.200000E+03 2.3837E+05
  8.210000E+03 2.3786E+05
  8.230000E+03 2.3822E+05
  8.250000E+03 2.3841E+05
  8.270000E+03 2.3935E+05
  8.290000E+03 2.3746E+05
  8.300000E+03 2.3409E+05
  8.310000E+03 2.3079E+05
  8.330000E+03 2.3032E+05
  8.350000E+03 2.2937E+05
  8.370000E+03 2.2959E+05
  8.390000E+03 2.2522E+05
  8.400000E+03 2.2683E+05
  8.410000E+03 2.2842E+05
  8.430000E+03 2.2357E+05
  8.450000E+03 2.2211E+05
  8.470000E+03 2.1998E+05
  8.490000E+03 2.2362E+05
  8.500000E+03 2.1773E+05
  8.510000E+03 2.1233E+05
  8.530000E+03 2.2341E+05
  8.550000E+03 2.0340E+05
  8.570000E+03 2.2721E+05
  8.590000E+03 2.1788E+05
  8.600000E+03 2.1746E+05
  8.610000E+03 2.1723E+05
  8.630000E+03 2.2835E+05
  8.650000E+03 2.2394E+05
  8.670000E+03 1.9901E+05
  8.690000E+03 2.2050E+05
  8.700000E+03 2.2400E+05
  8.710000E+03 2.2740E+05
  8.730000E+03 2.2329E+05
  8.750000E+03 2.0653E+05
  8.770000E+03 2.2062E+05
  8.790000E+03 2.2651E+05
  8.800000E+03 2.2440E+05
  8.810000E+03 2.2174E+05
  8.830000E+03 2.2234E+05
  8.850000E+03 2.1550E+05
  8.870000E+03 2.0238E+05
  8.890000E+03 2.1709E+05
  8.900000E+03 2.1966E+05
  8.910000E+03 2.2143E+05
  8.930000E+03 2.1823E+05
  8.950000E+03 2.1874E+05
  8.970000E+03 2.1754E+05
  8.990000E+03 2.1399E+05
  9.000000E+03 2.0522E+05
  9.010000E+03 1.9711E+05
  9.030000E+03 2.0611E+05
  9.050000E+03 2.1685E+05
  9.070000E+03 2.1583E+05
  9.090000E+03 2.1056E+05
  9.100000E+03 2.1155E+05
  9.110000E+03 2.1204E+05
  9.130000E+03 2.1461E+05
  9.150000E+03 2.1297E+05
  9.170000E+03 2.1084E+05
  9.190000E+03 2.0975E+05
  9.200000E+03 2.0446E+05
  9.210000E+03 1.9938E+05
  9.230000E+03 1.8651E+05
  9.250000E+03 1.9596E+05
  9.270000E+03 2.0126E+05
  9.290000E+03 2.0302E+05
  9.300000E+03 2.0305E+05
  9.310000E+03 2.0316E+05
  9.330000E+03 2.0253E+05
  9.350000E+03 2.0165E+05
  9.370000E+03 1.9951E+05
  9.390000E+03 2.0046E+05
  9.400000E+03 1.9842E+05
  9.410000E+03 1.9539E+05
  9.430000E+03 1.9943E+05
  9.450000E+03 1.9483E+05
  9.470000E+03 1.9778E+05
  9.490000E+03 1.9695E+05
  9.500000E+03 1.9591E+05
  9.510000E+03 1.9360E+05
  9.530000E+03 1.9001E+05
  9.550000E+03 1.7709E+05
  9.570000E+03 1.8822E+05
  9.590000E+03 1.9320E+05
  9.600000E+03 1.9291E+05
  9.610000E+03 1.9172E+05
  9.630000E+03 1.9137E+05
  9.650000E+03 1.8941E+05
  9.670000E+03 1.8880E+05
  9.690000E+03 1.9018E+05
  9.700000E+03 1.8926E+05
  9.710000E+03 1.8891E+05
  9.730000E+03 1.8758E+05
  9.750000E+03 1.8551E+05
  9.770000E+03 1.8633E+05
  9.790000E+03 1.8369E+05
  9.800000E+03 1.8505E+05
  9.810000E+03 1.8689E+05
  9.830000E+03 1.8562E+05
  9.850000E+03 1.8523E+05
  9.870000E+03 1.8323E+05
  9.890000E+03 1.8238E+05
  9.900000E+03 1.8263E+05
  9.910000E+03 1.8186E+05
  9.930000E+03 1.8248E+05
  9.950000E+03 1.8195E+05
  9.970000E+03 1.8150E+05
  9.990000E+03 1.8045E+05
  1.000000E+04 1.7844E+05
  1.002500E+04 1.7476E+05
  1.007500E+04 1.7028E+05
  1.010000E+04 1.7251E+05
  1.012500E+04 1.7469E+05
  1.017500E+04 1.7209E+05
  1.020000E+04 1.7175E+05
  1.022500E+04 1.7170E+05
  1.027500E+04 1.7116E+05
  1.030000E+04 1.7020E+05
  1.032500E+04 1.6896E+05
  1.037500E+04 1.6674E+05
  1.040000E+04 1.6554E+05
  1.042500E+04 1.6537E+05
  1.047500E+04 1.6332E+05
  1.050000E+04 1.6305E+05
  1.052500E+04 1.6193E+05
  1.057500E+04 1.6028E+05
  1.060000E+04 1.6044E+05
  1.062500E+04 1.5890E+05
  1.067500E+04 1.5555E+05
  1.070000E+04 1.5627E+05
  1.072500E+04 1.5523E+05
  1.077500E+04 1.5407E+05
  1.080000E+04 1.5166E+05
  1.082500E+04 1.5059E+05
  1.087500E+04 1.4758E+05
  1.090000E+04 1.4488E+05
  1.092500E+04 1.4146E+05
  1.097500E+04 1.4137E+05
  1.100000E+04 1.4073E+05
  1.102500E+04 1.4196E+05
  1.107500E+04 1.3985E+05
  1.110000E+04 1.4024E+05
  1.112500E+04 1.3992E+05
  1.117500E+04 1.3914E+05
  1.120000E+04 1.3861E+05
  1.122500E+04 1.3860E+05
  1.127500E+04 1.3628E+05
  1.130000E+04 1.3555E+05
  1.132500E+04 1.3500E+05
  1.137500E+04 1.3343E+05
  1.140000E+04 1.3361E+05
  1.142500E+04 1.3171E+05
  1.147500E+04 1.3260E+05
  1.150000E+04 1.3329E+05
  1.152500E+04 1.3282E+05
  1.157500E+04 1.3120E+05
  1.160000E+04 1.3088E+05
  1.162500E+04 1.2950E+05
  1.167500E+04 1.2819E+05
  1.170000E+04 1.2779E+05
  1.172500E+04 1.2768E+05
  1.177500E+04 1.2627E+05
  1.180000E+04 1.2541E+05
  1.182500E+04 1.2485E+05
  1.187500E+04 1.2308E+05
  1.190000E+04 1.2390E+05
  1.192500E+04 1.2311E+05
  1.197500E+04 1.1945E+05
  1.200000E+04 1.2100E+05
  1.202500E+04 1.2162E+05
  1.207500E+04 1.1883E+05
  1.210000E+04 1.1787E+05
  1.212500E+04 1.1917E+05
  1.217500E+04 1.1884E+05
  1.220000E+04 1.1904E+05
  1.222500E+04 1.1821E+05
  1.227500E+04 1.1695E+05
  1.230000E+04 1.1676E+05
  1.232500E+04 1.1520E+05
  1.237500E+04 1.1516E+05
  1.240000E+04 1.1473E+05
  1.242500E+04 1.1350E+05
  1.247500E+04 1.1221E+05
  1.250000E+04 1.1216E+05
  1.252500E+04 1.1138E+05
  1.257500E+04 1.1046E+05
  1.260000E+04 1.1154E+05
  1.262500E+04 1.1094E+05
  1.267500E+04 1.0833E+05
  1.270000E+04 1.0913E+05
  1.272500E+04 1.0899E+05
  1.277500E+04 1.0750E+05
  1.280000E+04 1.0534E+05
  1.282500E+04 1.0231E+05
  1.287500E+04 1.0495E+05
  1.290000E+04 1.0571E+05
  1.292500E+04 1.0555E+05
  1.297500E+04 1.0501E+05
  1.300000E+04 1.0487E+05
  1.302500E+04 1.0466E+05
  1.307500E+04 1.0411E+05
  1.310000E+04 1.0294E+05
  1.312500E+04 1.0270E+05
  1.317500E+04 1.0175E+05
  1.320000E+04 1.0216E+05
  1.322500E+04 1.0146E+05
  1.327500E+04 9.9664E+04
  1.330000E+04 9.9681E+04
  1.332500E+04 9.9768E+04
  1.337500E+04 9.8230E+04
  1.340000E+04 9.9322E+04
  1.342500E+04 9.9436E+04
  1.347500E+04 9.8801E+04
  1.350000E+04 9.8604E+04
  1.352500E+04 9.8430E+04
  1.357500E+04 9.5985E+04
  1.360000E+04 9.6441E+04
  1.362500E+04 9.5111E+04
  1.367500E+04 9.5785E+04
  1.370000E+04 9.5409E+04
  1.372500E+04 9.4581E+04
  1.377500E+04 9.4810E+04
  1.380000E+04 9.4846E+04
  1.382500E+04 9.4500E+04
  1.387500E+04 9.3421E+04
  1.390000E+04 9.2872E+04
  1.392500E+04 9.2283E+04
  1.397500E+04 9.0738E+04
  1.400000E+04 9.0721E+04
  1.402500E+04 9.0321E+04
  1.407500E+04 8.8955E+04
  1.410000E+04 8.7702E+04
  1.412500E+04 8.6727E+04
  1.417500E+04 8.6924E+04
  1.420000E+04 8.6152E+04
  1.422500E+04 8.6521E+04
  1.427500E+04 8.6208E+04
  1.430000E+04 8.5389E+04
  1.432500E+04 8.6081E+04
  1.437500E+04 8.6572E+04
  1.440000E+04 8.6042E+04
  1.442500E+04 8.3963E+04
  1.447500E+04 8.4420E+04
  1.450000E+04 8.3756E+04
  1.452500E+04 8.2734E+04
  1.457000E+04 8.3908E+04
  1.460000E+04 8.3794E+04
  1.462000E+04 8.2931E+04
  1.467500E+04 8.1956E+04
  1.470000E+04 8.0436E+04
  1.472500E+04 8.0832E+04
  1.477500E+04 8.0850E+04
  1.480000E+04 8.0638E+04
  1.482500E+04 8.1544E+04
  1.487500E+04 8.1259E+04
  1.490000E+04 8.1021E+04
  1.492500E+04 8.2431E+04
  1.497500E+04 8.1092E+04
  1.500000E+04 8.0787E+04
  1.502500E+04 7.9607E+04
  1.507500E+04 7.9775E+04
  1.510000E+04 7.9751E+04
  1.512500E+04 7.8953E+04
  1.517500E+04 8.0241E+04
  1.520000E+04 8.0924E+04
  1.522500E+04 7.9250E+04
  1.527500E+04 8.0332E+04
  1.530000E+04 7.9368E+04
  1.532500E+04 7.8979E+04
  1.537500E+04 7.8262E+04
  1.540000E+04 7.9043E+04
  1.542500E+04 7.8871E+04
  1.547500E+04 7.8489E+04
  1.550000E+04 7.8033E+04
  1.552500E+04 7.7164E+04
  1.557500E+04 7.4587E+04
  1.560000E+04 7.5836E+04
  1.562500E+04 7.6237E+04
  1.567500E+04 7.5861E+04
  1.570000E+04 7.6246E+04
  1.572500E+04 7.6633E+04
  1.577500E+04 7.1718E+04
  1.580000E+04 7.1231E+04
  1.582500E+04 7.2309E+04
  1.587500E+04 7.1738E+04
  1.590000E+04 7.3303E+04
  1.592500E+04 7.3429E+04
  1.597500E+04 7.2918E+04
  1.600000E+04 7.2754E+04
  1.605000E+04 7.2991E+04
  1.610000E+04 7.2432E+04
  1.615000E+04 7.2828E+04
  1.620000E+04 7.2028E+04
  1.625000E+04 7.0564E+04
  1.630000E+04 7.2315E+04
  1.635000E+04 7.2524E+04
  1.640000E+04 7.1654E+04
  1.645000E+04 7.0588E+04
  1.650000E+04 7.0313E+04
  1.655000E+04 7.0025E+04
  1.660000E+04 7.0406E+04
  1.665000E+04 6.8405E+04
  1.670000E+04 7.0134E+04
  1.675000E+04 7.0455E+04
  1.680000E+04 6.7350E+04
  1.685000E+04 6.6829E+04
  1.690000E+04 6.7836E+04
  1.695000E+04 6.7828E+04
  1.700000E+04 6.7626E+04
  1.705000E+04 6.6417E+04
  1.710000E+04 6.6913E+04
  1.715000E+04 6.6490E+04
  1.720000E+04 6.5184E+04
  1.725000E+04 6.4243E+04
  1.730000E+04 6.3533E+04
  1.735000E+04 6.2948E+04
  1.740000E+04 6.2911E+04
  1.745000E+04 6.2752E+04
  1.750000E+04 6.1578E+04
  1.755000E+04 6.2812E+04
  1.760000E+04 6.2320E+04
  1.765000E+04 6.0838E+04
  1.770000E+04 5.8931E+04
  1.775000E+04 5.9105E+04
  1.780000E+04 5.9308E+04
  1.785000E+04 6.0139E+04
  1.790000E+04 5.6378E+04
  1.795000E+04 5.5631E+04
  1.800000E+04 5.7842E+04
  1.805000E+04 5.5780E+04
  1.810000E+04 5.6298E+04
  1.815000E+04 5.5191E+04
  1.820000E+04 5.5045E+04
  1.825000E+04 5.2778E+04
  1.830000E+04 5.2416E+04
  1.835000E+04 5.1592E+04
  1.840000E+04 5.0750E+04
  1.845000E+04 5.2768E+04
  1.850000E+04 5.4127E+04
  1.855000E+04 5.2346E+04
  1.860000E+04 5.1429E+04
  1.865000E+04 5.0150E+04
  1.870000E+04 5.1458E+04
  1.875000E+04 4.8320E+04
  1.880000E+04 4.8633E+04
  1.885000E+04 4.8683E+04
  1.890000E+04 4.6847E+04
  1.895000E+04 4.7096E+04
  1.900000E+04 4.8510E+04
  1.905000E+04 4.9440E+04
  1.910000E+04 4.7994E+04
  1.915000E+04 4.6973E+04
  1.920000E+04 4.6774E+04
  1.925000E+04 4.7204E+04
  1.930000E+04 4.7474E+04
  1.935000E+04 4.6807E+04
  1.940000E+04 4.4349E+04
  1.945000E+04 4.3440E+04
  1.950000E+04 4.3977E+04
  1.955000E+04 4.4352E+04
  1.960000E+04 4.4800E+04
  1.965000E+04 4.3830E+04
  1.970000E+04 4.4198E+04
  1.975000E+04 4.2852E+04
  1.980000E+04 4.1364E+04
  1.985000E+04 4.1072E+04
  1.990000E+04 4.2100E+04
  1.995000E+04 4.2098E+04
  2.000000E+04 4.0786E+04
  2.005000E+04 4.1453E+04
  2.010000E+04 4.2037E+04
  2.015000E+04 4.2112E+04
  2.020000E+04 4.1295E+04
  2.025000E+04 4.0157E+04
  2.030000E+04 3.9322E+04
  2.035000E+04 3.9153E+04
  2.040000E+04 3.8042E+04
  2.045000E+04 3.8185E+04
  2.050000E+04 3.8030E+04
  2.055000E+04 3.7516E+04
  2.060000E+04 3.6773E+04
  2.065000E+04 3.6588E+04
  2.070000E+04 3.6399E+04
  2.075000E+04 3.5902E+04
  2.080000E+04 3.6217E+04
  2.085000E+04 3.7511E+04
  2.090000E+04 3.7013E+04
  2.095000E+04 3.5431E+04
  2.100000E+04 3.5216E+04
  2.105000E+04 3.5602E+04
  2.110000E+04 3.5545E+04
  2.115000E+04 3.4553E+04
  2.120000E+04 3.3921E+04
  2.125000E+04 3.4650E+04
  2.130000E+04 3.4230E+04
  2.135000E+04 3.4104E+04
  2.140000E+04 3.3893E+04
  2.145000E+04 3.2933E+04
  2.150000E+04 3.3094E+04
  2.155000E+04 3.2918E+04
  2.160000E+04 3.2309E+04
  2.165000E+04 3.1951E+04
  2.170000E+04 3.1385E+04
  2.175000E+04 3.1040E+04
  2.180000E+04 3.1213E+04
  2.185000E+04 3.0736E+04
  2.190000E+04 3.0174E+04
  2.195000E+04 2.9834E+04
  2.200000E+04 2.9166E+04
  2.205000E+04 2.8704E+04
  2.210000E+04 2.8577E+04
  2.215000E+04 2.8698E+04
  2.220000E+04 2.8836E+04
  2.225000E+04 2.8928E+04
  2.230000E+04 2.9090E+04
  2.235000E+04 2.8513E+04
  2.240000E+04 2.8399E+04
  2.245000E+04 2.8773E+04
  2.250000E+04 2.8185E+04
  2.255000E+04 2.7432E+04
  2.260000E+04 2.6826E+04
  2.265000E+04 2.6972E+04
  2.270000E+04 2.7320E+04
  2.275000E+04 2.7016E+04
  2.280000E+04 2.6487E+04
  2.285000E+04 2.6349E+04
  2.290000E+04 2.4768E+04
  2.295000E+04 2.3393E+04
  2.300000E+04 2.4531E+04
  2.305000E+04 2.5491E+04
  2.310000E+04 2.6274E+04
  2.315000E+04 2.5927E+04
  2.320000E+04 2.3084E+04
  2.325000E+04 2.2244E+04
  2.330000E+04 2.4434E+04
  2.335000E+04 2.4888E+04
  2.340000E+04 2.3586E+04
  2.345000E+04 2.3072E+04
  2.350000E+04 2.1740E+04
  2.355000E+04 2.1030E+04
  2.360000E+04 2.1371E+04
  2.365000E+04 2.2327E+04
  2.370000E+04 2.2595E+04
  2.375000E+04 2.2222E+04
  2.380000E+04 2.0853E+04
  2.385000E+04 1.9549E+04
  2.390000E+04 2.0989E+04
  2.395000E+04 2.1714E+04
  2.400000E+04 2.1206E+04
  2.405000E+04 2.0739E+04
  2.410000E+04 1.9449E+04
  2.415000E+04 1.8308E+04
  2.420000E+04 1.8305E+04
  2.425000E+04 1.8698E+04
  2.430000E+04 1.8549E+04
  2.435000E+04 1.8305E+04
  2.440000E+04 1.8234E+04
  2.445000E+04 1.7598E+04
  2.450000E+04 1.7394E+04
  2.455000E+04 1.7304E+04
  2.460000E+04 1.7329E+04
  2.465000E+04 1.7284E+04
  2.470000E+04 1.7018E+04
  2.475000E+04 1.6639E+04
  2.480000E+04 1.5731E+04
  2.485000E+04 1.5151E+04
  2.490000E+04 1.5113E+04
  2.495000E+04 1.5053E+04
  2.500000E+04 1.5128E+04
  2.505000E+04 1.5358E+04
  2.510000E+04 1.4909E+04
  2.515000E+04 1.4580E+04
  2.520000E+04 1.4726E+04
  2.525000E+04 1.4997E+04
  2.530000E+04 1.5047E+04
  2.535000E+04 1.5002E+04
  2.540000E+04 1.4854E+04
  2.545000E+04 1.4911E+04
  2.550000E+04 1.5020E+04
  2.555000E+04 1.4994E+04
  2.560000E+04 1.4984E+04
  2.565000E+04 1.4977E+04
  2.570000E+04 1.5061E+04
  2.575000E+04 1.5245E+04
  2.580000E+04 1.5118E+04
  2.585000E+04 1.4927E+04
  2.590000E+04 1.4801E+04
  2.595000E+04 1.4923E+04
  2.600000E+04 1.5147E+04
  2.605000E+04 1.5270E+04
  2.610000E+04 1.5237E+04
  2.615000E+04 1.4855E+04
  2.620000E+04 1.4874E+04
  2.625000E+04 1.4982E+04
  2.630000E+04 1.5336E+04
  2.635000E+04 1.5328E+04
  2.640000E+04 1.5116E+04
  2.645000E+04 1.4792E+04
  2.650000E+04 1.4860E+04
  2.655000E+04 1.5029E+04
  2.660000E+04 1.5374E+04
  2.665000E+04 1.5221E+04
  2.670000E+04 1.5073E+04
  2.675000E+04 1.4765E+04
  2.680000E+04 1.4479E+04
  2.685000E+04 1.4185E+04
  2.690000E+04 1.4162E+04
  2.695000E+04 1.4392E+04
  2.700000E+04 1.4641E+04
  2.705000E+04 1.4432E+04
  2.710000E+04 1.4103E+04
  2.715000E+04 1.4168E+04
  2.720000E+04 1.4697E+04
  2.725000E+04 1.4838E+04
  2.730000E+04 1.4735E+04
  2.735000E+04 1.4456E+04
  2.740000E+04 1.4775E+04
  2.745000E+04 1.4906E+04
  2.750000E+04 1.4647E+04
  2.755000E+04 1.4271E+04
  2.760000E+04 1.3982E+04
  2.765000E+04 1.3906E+04
  2.770000E+04 1.3929E+04
  2.775000E+04 1.3977E+04
  2.780000E+04 1.4096E+04
  2.785000E+04 1.4198E+04
  2.790000E+04 1.4041E+04
  2.795000E+04 1.4226E+04
  2.800000E+04 1.3834E+04
  2.805000E+04 1.3783E+04
  2.810000E+04 1.3381E+04
  2.815000E+04 1.3493E+04
  2.820000E+04 1.3497E+04
  2.825000E+04 1.3544E+04
  2.830000E+04 1.3456E+04
  2.835000E+04 1.2920E+04
  2.840000E+04 1.2359E+04
  2.845000E+04 1.1893E+04
  2.850000E+04 1.2146E+04
  2.855000E+04 1.2598E+04
  2.860000E+04 1.2790E+04
  2.865000E+04 1.2734E+04
  2.870000E+04 1.2294E+04
  2.875000E+04 1.2260E+04
  2.880000E+04 1.2296E+04
  2.885000E+04 1.2009E+04
  2.890000E+04 1.1797E+04
  2.895000E+04 1.1541E+04
  2.900000E+04 1.1880E+04
  2.905000E+04 1.1898E+04
  2.910000E+04 1.1673E+04
  2.915000E+04 1.1370E+04
  2.920000E+04 1.1047E+04
  2.925000E+04 1.0799E+04
  2.930000E+04 1.0938E+04
  2.935000E+04 1.0701E+04
  2.940000E+04 1.0592E+04
  2.945000E+04 1.0381E+04
  2.950000E+04 1.0193E+04
  2.955000E+04 1.0105E+04
  2.960000E+04 1.0021E+04
  2.965000E+04 9.9326E+03
  2.970000E+04 9.8652E+03
  2.975000E+04 9.7724E+03
  2.980000E+04 9.6907E+03
  2.985000E+04 9.5473E+03
  2.990000E+04 9.4706E+03
  2.995000E+04 9.4515E+03
  3.000000E+04 9.4119E+03
  3.005000E+04 9.3615E+03
  3.010000E+04 9.3172E+03
  3.015000E+04 9.2391E+03
  3.020000E+04 9.1727E+03
  3.025000E+04 9.1079E+03
  3.030000E+04 9.0208E+03
  3.035000E+04 8.9385E+03
  3.040000E+04 8.9205E+03
  3.045000E+04 8.9062E+03
  3.050000E+04 8.8677E+03
  3.055000E+04 8.8378E+03
  3.060000E+04 8.8128E+03
  3.065000E+04 8.7651E+03
  3.070000E+04 8.7308E+03
  3.075000E+04 8.7023E+03
  3.080000E+04 8.6338E+03
  3.085000E+04 8.5738E+03
  3.090000E+04 8.5269E+03
  3.095000E+04 8.4732E+03
  3.100000E+04 8.4581E+03
  3.105000E+04 8.4386E+03
  3.110000E+04 8.3914E+03
  3.115000E+04 8.3216E+03
  3.120000E+04 8.2753E+03
  3.125000E+04 8.2345E+03
  3.130000E+04 8.1782E+03
  3.135000E+04 8.1349E+03
  3.140000E+04 8.0937E+03
  3.145000E+04 8.0562E+03
  3.150000E+04 8.0123E+03
  3.155000E+04 7.9631E+03
  3.160000E+04 7.9151E+03
  3.165000E+04 7.8572E+03
  3.170000E+04 7.8263E+03
  3.175000E+04 7.7967E+03
  3.180000E+04 7.7645E+03
  3.185000E+04 7.7390E+03
  3.190000E+04 7.7216E+03
  3.195000E+04 7.6968E+03
  3.200000E+04 7.6588E+03
  3.210000E+04 7.5634E+03
  3.220000E+04 7.4782E+03
  3.230000E+04 7.4103E+03
  3.240000E+04 7.3583E+03
  3.250000E+04 7.3195E+03
  3.260000E+04 7.2570E+03
  3.270000E+04 7.1880E+03
  3.280000E+04 7.1110E+03
  3.290000E+04 7.0477E+03
  3.300000E+04 6.9971E+03
  3.310000E+04 6.9372E+03
  3.320000E+04 6.9267E+03
  3.330000E+04 6.9219E+03
  3.340000E+04 6.9446E+03
  3.350000E+04 7.0086E+03
  3.360000E+04 6.9334E+03
  3.370000E+04 6.7730E+03
  3.380000E+04 6.8090E+03
  3.390000E+04 6.7865E+03
  3.400000E+04 6.7506E+03
  3.410000E+04 6.8235E+03
  3.420000E+04 6.7935E+03
  3.430000E+04 6.9162E+03
  3.440000E+04 6.9474E+03
  3.450000E+04 6.7684E+03
  3.460000E+04 6.5977E+03
  3.470000E+04 6.6409E+03
  3.480000E+04 6.5380E+03
  3.490000E+04 6.3569E+03
  3.500000E+04 6.2987E+03
  3.510000E+04 6.3877E+03
  3.520000E+04 6.2188E+03
  3.530000E+04 6.2157E+03
  3.540000E+04 6.0118E+03
  3.550000E+04 5.9033E+03
  3.560000E+04 5.9283E+03
  3.570000E+04 5.9525E+03
  3.580000E+04 5.8541E+03
  3.590000E+04 5.7459E+03
  3.600000E+04 5.7806E+03
  3.610000E+04 5.7102E+03
  3.620000E+04 5.6098E+03
  3.630000E+04 5.4275E+03
  3.640000E+04 5.3822E+03
  3.650000E+04 5.2798E+03
  3.660000E+04 5.1989E+03
  3.670000E+04 5.1707E+03
  3.680000E+04 5.0601E+03
  3.690000E+04 4.9633E+03
  3.700000E+04 4.8469E+03
  3.710000E+04 4.7834E+03
  3.720000E+04 4.7308E+03
  3.730000E+04 4.6600E+03
  3.740000E+04 4.5479E+03
  3.750000E+04 4.4620E+03
  3.760000E+04 4.4148E+03
  3.770000E+04 4.3779E+03
  3.780000E+04 4.3246E+03
  3.790000E+04 4.2898E+03
  3.800000E+04 4.2495E+03
  3.810000E+04 4.1980E+03
  3.820000E+04 4.1501E+03
  3.830000E+04 4.1128E+03
  3.840000E+04 4.0862E+03
  3.850000E+04 4.0513E+03
  3.860000E+04 4.0096E+03
  3.870000E+04 3.9703E+03
  3.880000E+04 3.9389E+03
  3.890000E+04 3.9033E+03
  3.900000E+04 3.8680E+03
  3.910000E+04 3.8363E+03
  3.920000E+04 3.8184E+03
  3.930000E+04 3.8004E+03
  3.940000E+04 3.7706E+03
  3.950000E+04 3.7449E+03
  3.960000E+04 3.7185E+03
  3.970000E+04 3.7038E+03
  3.980000E+04 3.6681E+03
  3.990000E+04 3.6424E+03
  4.000000E+04 3.6109E+03
  4.010000E+04 3.5906E+03
  4.020000E+04 3.5588E+03
  4.030000E+04 3.5552E+03
  4.040000E+04 3.5460E+03
  4.050000E+04 3.5229E+03
  4.060000E+04 3.5177E+03
  4.070000E+04 3.5026E+03
  4.080000E+04 3.5016E+03
  4.090000E+04 3.4901E+03
  4.100000E+04 3.5039E+03
  4.110000E+04 3.4895E+03
  4.120000E+04 3.4688E+03
  4.130000E+04 3.4283E+03
  4.140000E+04 3.3500E+03
  4.150000E+04 3.3102E+03
  4.160000E+04 3.2740E+03
  4.170000E+04 3.3134E+03
  4.180000E+04 3.3110E+03
  4.190000E+04 3.3248E+03
  4.200000E+04 3.2625E+03
  4.210000E+04 3.2420E+03
  4.220000E+04 3.2482E+03
  4.230000E+04 3.2537E+03
  4.240000E+04 3.2574E+03
  4.250000E+04 3.2148E+03
  4.260000E+04 3.1939E+03
  4.270000E+04 3.1891E+03
  4.280000E+04 3.1035E+03
  4.290000E+04 3.0339E+03
  4.300000E+04 2.9458E+03
  4.310000E+04 2.8823E+03
  4.320000E+04 2.9099E+03
  4.330000E+04 2.8672E+03
  4.340000E+04 2.7650E+03
  4.350000E+04 2.6904E+03
  4.360000E+04 2.6170E+03
  4.370000E+04 2.6081E+03
  4.380000E+04 2.5567E+03
  4.390000E+04 2.5459E+03
  4.400000E+04 2.4826E+03
  4.410000E+04 2.4772E+03
  4.420000E+04 2.4920E+03
  4.430000E+04 2.4669E+03
  4.440000E+04 2.4765E+03
  4.450000E+04 2.3983E+03
  4.460000E+04 2.3688E+03
  4.470000E+04 2.3304E+03
  4.480000E+04 2.3247E+03
  4.490000E+04 2.3578E+03
  4.500000E+04 2.3295E+03
  4.510000E+04 2.2987E+03
  4.520000E+04 2.2337E+03
  4.530000E+04 2.1862E+03
  4.540000E+04 2.1464E+03
  4.550000E+04 2.1105E+03
  4.560000E+04 2.0646E+03
  4.570000E+04 2.0427E+03
  4.580000E+04 2.0208E+03
  4.590000E+04 1.9862E+03
  4.600000E+04 1.9926E+03
  4.610000E+04 2.0027E+03
  4.620000E+04 1.9764E+03
  4.630000E+04 1.9683E+03
  4.640000E+04 1.9592E+03
  4.650000E+04 1.9454E+03
  4.660000E+04 1.9353E+03
  4.670000E+04 1.9135E+03
  4.680000E+04 1.8753E+03
  4.690000E+04 1.8555E+03
  4.700000E+04 1.8449E+03
  4.710000E+04 1.8275E+03
  4.720000E+04 1.8458E+03
  4.730000E+04 1.8703E+03
  4.740000E+04 1.8476E+03
  4.750000E+04 1.8270E+03
  4.760000E+04 1.8165E+03
  4.770000E+04 1.7925E+03
  4.780000E+04 1.7765E+03
  4.790000E+04 1.7612E+03
  4.800000E+04 1.7348E+03
  4.810000E+04 1.7197E+03
  4.820000E+04 1.7194E+03
  4.830000E+04 1.7192E+03
  4.840000E+04 1.7071E+03
  4.850000E+04 1.6852E+03
  4.860000E+04 1.6712E+03
  4.870000E+04 1.6571E+03
  4.880000E+04 1.6457E+03
  4.890000E+04 1.6438E+03
  4.900000E+04 1.6310E+03
  4.910000E+04 1.6094E+03
  4.920000E+04 1.6032E+03
  4.930000E+04 1.5924E+03
  4.940000E+04 1.5627E+03
  4.950000E+04 1.5413E+03
  4.960000E+04 1.5333E+03
  4.970000E+04 1.5185E+03
  4.980000E+04 1.5001E+03
  4.990000E+04 1.5094E+03
  5.000000E+04 1.5046E+03
  5.010000E+04 1.4989E+03
  5.020000E+04 1.4907E+03
  5.030000E+04 1.4729E+03
  5.040000E+04 1.4501E+03
  5.050000E+04 1.4317E+03
  5.060000E+04 1.4247E+03
  5.070000E+04 1.4172E+03
  5.080000E+04 1.4139E+03
  5.090000E+04 1.4108E+03
  5.100000E+04 1.4068E+03
  5.110000E+04 1.3957E+03
  5.120000E+04 1.3924E+03
  5.130000E+04 1.3804E+03
  5.140000E+04 1.3696E+03
  5.150000E+04 1.3629E+03
  5.160000E+04 1.3648E+03
  5.170000E+04 1.3623E+03
  5.180000E+04 1.3473E+03
  5.190000E+04 1.3389E+03
  5.200000E+04 1.3326E+03
  5.210000E+04 1.3162E+03
  5.220000E+04 1.3036E+03
  5.230000E+04 1.2955E+03
  5.240000E+04 1.2961E+03
  5.250000E+04 1.2855E+03
  5.260000E+04 1.2828E+03
  5.270000E+04 1.2838E+03
  5.280000E+04 1.2728E+03
  5.290000E+04 1.2588E+03
  5.300000E+04 1.2479E+03
  5.310000E+04 1.2374E+03
  5.320000E+04 1.2321E+03
  5.330000E+04 1.2228E+03
  5.340000E+04 1.2129E+03
  5.350000E+04 1.2020E+03
  5.360000E+04 1.1951E+03
  5.370000E+04 1.1892E+03
  5.380000E+04 1.1822E+03
  5.390000E+04 1.1745E+03
  5.400000E+04 1.1697E+03
  5.410000E+04 1.1649E+03
  5.420000E+04 1.1607E+03
  5.430000E+04 1.1534E+03
  5.440000E+04 1.1505E+03
  5.450000E+04 1.1473E+03
  5.460000E+04 1.1379E+03
  5.470000E+04 1.1294E+03
  5.480000E+04 1.1264E+03
  5.490000E+04 1.1217E+03
  5.500000E+04 1.1131E+03
  5.510000E+04 1.1049E+03
  5.520000E+04 1.1060E+03
  5.530000E+04 1.1110E+03
  5.540000E+04 1.0883E+03
  5.550000E+04 1.0783E+03
  5.560000E+04 1.0836E+03
  5.570000E+04 1.0857E+03
  5.580000E+04 1.0739E+03
  5.590000E+04 1.0596E+03
  5.600000E+04 1.0589E+03
  5.610000E+04 1.0555E+03
  5.620000E+04 1.0409E+03
  5.630000E+04 1.0318E+03
  5.640000E+04 1.0310E+03
  5.650000E+04 1.0293E+03
  5.660000E+04 1.0220E+03
  5.670000E+04 1.0123E+03
  5.680000E+04 1.0037E+03
  5.690000E+04 9.9434E+02
  5.700000E+04 9.8981E+02
  5.710000E+04 9.8513E+02
  5.720000E+04 9.7883E+02
  5.730000E+04 9.7495E+02
  5.740000E+04 9.6809E+02
  5.750000E+04 9.5899E+02
  5.760000E+04 9.4871E+02
  5.770000E+04 9.4406E+02
  5.780000E+04 9.4544E+02
  5.790000E+04 9.4684E+02
  5.800000E+04 9.4018E+02
  5.810000E+04 9.3553E+02
  5.820000E+04 9.3262E+02
  5.830000E+04 9.2988E+02
  5.840000E+04 9.2714E+02
  5.850000E+04 9.1993E+02
  5.860000E+04 9.1401E+02
  5.870000E+04 9.1039E+02
  5.880000E+04 9.0288E+02
  5.890000E+04 8.9710E+02
  5.900000E+04 8.9016E+02
  5.910000E+04 8.8282E+02
  5.920000E+04 8.7596E+02
  5.930000E+04 8.6959E+02
  5.940000E+04 8.6149E+02
  5.950000E+04 8.5811E+02
  5.960000E+04 8.5630E+02
  5.970000E+04 8.5331E+02
  5.980000E+04 8.4712E+02
  5.990000E+04 8.4081E+02
  6.000000E+04 8.3429E+02
  6.010000E+04 8.2767E+02
  6.020000E+04 8.2387E+02
  6.030000E+04 8.2085E+02
  6.040000E+04 8.1765E+02
  6.050000E+04 8.1516E+02
  6.060000E+04 8.1322E+02
  6.070000E+04 8.1049E+02
  6.080000E+04 8.0531E+02
  6.090000E+04 8.0020E+02
  6.100000E+04 7.9456E+02
  6.110000E+04 7.8738E+02
  6.120000E+04 7.8228E+02
  6.130000E+04 7.7767E+02
  6.140000E+04 7.7311E+02
  6.150000E+04 7.6873E+02
  6.160000E+04 7.6421E+02
  6.170000E+04 7.5779E+02
  6.180000E+04 7.5051E+02
  6.190000E+04 7.4352E+02
  6.200000E+04 7.3814E+02
  6.210000E+04 7.3453E+02
  6.220000E+04 7.3050E+02
  6.230000E+04 7.2635E+02
  6.240000E+04 7.2297E+02
  6.250000E+04 7.1999E+02
  6.260000E+04 7.1426E+02
  6.270000E+04 7.0827E+02
  6.280000E+04 7.0198E+02
  6.290000E+04 6.9593E+02
  6.300000E+04 6.9025E+02
  6.310000E+04 6.8639E+02
  6.320000E+04 6.8368E+02
  6.330000E+04 6.8118E+02
  6.340000E+04 6.7918E+02
  6.350000E+04 6.7689E+02
  6.360000E+04 6.7553E+02
  6.370000E+04 6.7338E+02
  6.380000E+04 6.6897E+02
  6.390000E+04 6.6276E+02
  6.400000E+04 6.5655E+02
  6.410000E+04 6.4985E+02
  6.420000E+04 6.4451E+02
  6.430000E+04 6.3955E+02
  6.440000E+04 6.3584E+02
  6.450000E+04 6.3170E+02
  6.460000E+04 6.2736E+02
  6.470000E+04 6.2247E+02
  6.480000E+04 6.1884E+02
  6.490000E+04 6.1770E+02
  6.500000E+04 6.1567E+02
  6.510000E+04 6.1312E+02
  6.520000E+04 6.0962E+02
  6.530000E+04 6.0599E+02
  6.540000E+04 6.0207E+02
  6.550000E+04 5.9830E+02
  6.560000E+04 5.9453E+02
  6.570000E+04 5.8880E+02
  6.580000E+04 5.8298E+02
  6.590000E+04 5.7840E+02
  6.600000E+04 5.7410E+02
  6.610000E+04 5.7022E+02
  6.620000E+04 5.6718E+02
  6.630000E+04 5.6481E+02
  6.640000E+04 5.6282E+02
  6.650000E+04 5.6093E+02
  6.660000E+04 5.5931E+02
  6.670000E+04 5.5775E+02
  6.680000E+04 5.5629E+02
  6.690000E+04 5.5338E+02
  6.700000E+04 5.4930E+02
  6.710000E+04 5.4542E+02
  6.720000E+04 5.4169E+02
  6.730000E+04 5.3933E+02
  6.740000E+04 5.3690E+02
  6.750000E+04 5.3368E+02
  6.760000E+04 5.2997E+02
  6.770000E+04 5.2523E+02
  6.780000E+04 5.2212E+02
  6.790000E+04 5.2056E+02
  6.800000E+04 5.1870E+02
  6.810000E+04 5.1669E+02
  6.820000E+04 5.1330E+02
  6.830000E+04 5.0973E+02
  6.840000E+04 5.0728E+02
  6.850000E+04 5.0496E+02
  6.860000E+04 5.0301E+02
  6.870000E+04 5.0044E+02
  6.880000E+04 4.9584E+02
  6.890000E+04 4.9113E+02
  6.900000E+04 4.8606E+02
  6.910000E+04 4.8216E+02
  6.920000E+04 4.7980E+02
  6.930000E+04 4.7741E+02
  6.940000E+04 4.7500E+02
  6.950000E+04 4.7210E+02
  6.960000E+04 4.6886E+02
  6.970000E+04 4.6654E+02
  6.980000E+04 4.6478E+02
  6.990000E+04 4.6296E+02
  7.000000E+04 4.6114E+02
  7.010000E+04 4.5878E+02
  7.020000E+04 4.5623E+02
  7.030000E+04 4.5339E+02
  7.040000E+04 4.5043E+02
  7.050000E+04 4.4809E+02
  7.060000E+04 4.4593E+02
  7.070000E+04 4.4394E+02
  7.080000E+04 4.4205E+02
  7.090000E+04 4.3987E+02
  7.100000E+04 4.3763E+02
  7.110000E+04 4.3528E+02
  7.120000E+04 4.3290E+02
  7.130000E+04 4.3072E+02
  7.140000E+04 4.2861E+02
  7.150000E+04 4.2683E+02
  7.160000E+04 4.2522E+02
  7.170000E+04 4.2349E+02
  7.180000E+04 4.2169E+02
  7.190000E+04 4.1996E+02
  7.200000E+04 4.1826E+02
  7.210000E+04 4.1680E+02
  7.220000E+04 4.1556E+02
  7.230000E+04 4.1421E+02
  7.240000E+04 4.1277E+02
  7.250000E+04 4.1110E+02
  7.260000E+04 4.0900E+02
  7.270000E+04 4.0677E+02
  7.280000E+04 4.0397E+02
  7.290000E+04 4.0141E+02
  7.300000E+04 4.0023E+02
  7.310000E+04 3.9899E+02
  7.320000E+04 3.9670E+02
  7.330000E+04 3.9443E+02
  7.340000E+04 3.9135E+02
  7.350000E+04 3.8823E+02
  7.360000E+04 3.8600E+02
  7.370000E+04 3.8414E+02
  7.380000E+04 3.8248E+02
  7.390000E+04 3.8086E+02
  7.400000E+04 3.7907E+02
  7.410000E+04 3.7695E+02
  7.420000E+04 3.7488E+02
  7.430000E+04 3.7283E+02
  7.440000E+04 3.7079E+02
  7.450000E+04 3.7042E+02
  7.460000E+04 3.7017E+02
  7.470000E+04 3.6844E+02
  7.480000E+04 3.6610E+02
  7.490000E+04 3.6429E+02
  7.500000E+04 3.6301E+02
  7.510000E+04 3.6181E+02
  7.520000E+04 3.6030E+02
  7.530000E+04 3.5880E+02
  7.540000E+04 3.5736E+02
  7.550000E+04 3.5581E+02
  7.560000E+04 3.5270E+02
  7.570000E+04 3.4904E+02
  7.580000E+04 3.4637E+02
  7.590000E+04 3.4489E+02
  7.600000E+04 3.4338E+02
  7.610000E+04 3.4166E+02
  7.620000E+04 3.3994E+02
  7.630000E+04 3.3792E+02
  7.640000E+04 3.3583E+02
  7.650000E+04 3.3341E+02
  7.660000E+04 3.3063E+02
  7.670000E+04 3.2818E+02
  7.680000E+04 3.2794E+02
  7.690000E+04 3.2772E+02
  7.700000E+04 3.2704E+02
  7.710000E+04 3.2628E+02
  7.720000E+04 3.2522E+02
  7.730000E+04 3.2370E+02
  7.740000E+04 3.2219E+02
  7.750000E+04 3.2025E+02
  7.760000E+04 3.1833E+02
  7.770000E+04 3.1728E+02
  7.780000E+04 3.1680E+02
  7.790000E+04 3.1602E+02
  7.800000E+04 3.1390E+02
  7.810000E+04 3.1181E+02
  7.820000E+04 3.0959E+02
  7.830000E+04 3.0736E+02
  7.840000E+04 3.0535E+02
  7.850000E+04 3.0380E+02
  7.860000E+04 3.0227E+02
  7.870000E+04 3.0088E+02
  7.880000E+04 2.9952E+02
  7.890000E+04 2.9830E+02
  7.900000E+04 2.9731E+02
  7.910000E+04 2.9634E+02
  7.920000E+04 2.9558E+02
  7.930000E+04 2.9486E+02
  7.940000E+04 2.9398E+02
  7.950000E+04 2.9279E+02
  7.960000E+04 2.9161E+02
  7.970000E+04 2.9014E+02
  7.980000E+04 2.8861E+02
  7.990000E+04 2.8725E+02
  8.000000E+04 2.8646E+02
  8.010000E+04 2.8567E+02
  8.020000E+04 2.8403E+02
  8.030000E+04 2.8210E+02
  8.040000E+04 2.8028E+02
  8.050000E+04 2.7906E+02
  8.060000E+04 2.7783E+02
  8.070000E+04 2.7666E+02
  8.080000E+04 2.7550E+02
  8.090000E+04 2.7434E+02
  8.100000E+04 2.7300E+02
  8.110000E+04 2.7160E+02
  8.120000E+04 2.7021E+02
  8.130000E+04 2.6882E+02
  8.140000E+04 2.6745E+02
  8.150000E+04 2.6629E+02
  8.160000E+04 2.6524E+02
  8.170000E+04 2.6418E+02
  8.180000E+04 2.6272E+02
  8.190000E+04 2.6125E+02
  8.200000E+04 2.5967E+02
  8.210000E+04 2.5787E+02
  8.220000E+04 2.5609E+02
  8.230000E+04 2.5479E+02
  8.240000E+04 2.5376E+02
  8.250000E+04 2.5275E+02
  8.260000E+04 2.5169E+02
  8.270000E+04 2.5064E+02
  8.280000E+04 2.4960E+02
  8.290000E+04 2.4859E+02
  8.300000E+04 2.4758E+02
  8.310000E+04 2.4648E+02
  8.320000E+04 2.4531E+02
  8.330000E+04 2.4415E+02
  8.340000E+04 2.4348E+02
  8.350000E+04 2.4309E+02
  8.360000E+04 2.4271E+02
  8.370000E+04 2.4165E+02
  8.380000E+04 2.4051E+02
  8.390000E+04 2.3939E+02
  8.400000E+04 2.3834E+02
  8.410000E+04 2.3729E+02
  8.420000E+04 2.3623E+02
  8.430000E+04 2.3509E+02
  8.440000E+04 2.3396E+02
  8.450000E+04 2.3291E+02
  8.460000E+04 2.3197E+02
  8.470000E+04 2.3104E+02
  8.480000E+04 2.3003E+02
  8.490000E+04 2.2894E+02
  8.500000E+04 2.2786E+02
  8.510000E+04 2.2702E+02
  8.520000E+04 2.2632E+02
  8.530000E+04 2.2562E+02
  8.540000E+04 2.2488E+02
  8.550000E+04 2.2413E+02
  8.560000E+04 2.2339E+02
  8.570000E+04 2.2250E+02
  8.580000E+04 2.2159E+02
  8.590000E+04 2.2069E+02
  8.600000E+04 2.1979E+02
  8.610000E+04 2.1890E+02
  8.620000E+04 2.1801E+02
  8.630000E+04 2.1714E+02
  8.640000E+04 2.1626E+02
  8.650000E+04 2.1540E+02
  8.660000E+04 2.1442E+02
  8.670000E+04 2.1343E+02
  8.680000E+04 2.1245E+02
  8.690000E+04 2.1165E+02
  8.700000E+04 2.1086E+02
  8.710000E+04 2.1007E+02
  8.720000E+04 2.0947E+02
  8.730000E+04 2.0889E+02
  8.740000E+04 2.0831E+02
  8.750000E+04 2.0773E+02
  8.760000E+04 2.0715E+02
  8.770000E+04 2.0657E+02
  8.780000E+04 2.0615E+02
  8.790000E+04 2.0576E+02
  8.800000E+04 2.0538E+02
  8.810000E+04 2.0502E+02
  8.820000E+04 2.0466E+02
  8.830000E+04 2.0433E+02
  8.840000E+04 2.0363E+02
  8.850000E+04 2.0269E+02
  8.860000E+04 2.0175E+02
  8.870000E+04 2.0100E+02
  8.880000E+04 2.0047E+02
  8.890000E+04 1.9995E+02
  8.900000E+04 1.9928E+02
  8.910000E+04 1.9832E+02
  8.920000E+04 1.9737E+02
  8.930000E+04 1.9643E+02
  8.940000E+04 1.9557E+02
  8.950000E+04 1.9467E+02
  8.960000E+04 1.9378E+02
  8.970000E+04 1.9294E+02
  8.980000E+04 1.9210E+02
  8.990000E+04 1.9130E+02
  9.000000E+04 1.9070E+02
  9.010000E+04 1.9017E+02
  9.020000E+04 1.8964E+02
  9.030000E+04 1.8879E+02
  9.040000E+04 1.8760E+02
  9.050000E+04 1.8641E+02
  9.060000E+04 1.8532E+02
  9.070000E+04 1.8447E+02
  9.080000E+04 1.8363E+02
  9.090000E+04 1.8280E+02
  9.100000E+04 1.8178E+02
  9.110000E+04 1.8080E+02
  9.120000E+04 1.7983E+02
  9.130000E+04 1.7896E+02
  9.140000E+04 1.7816E+02
  9.150000E+04 1.7736E+02
  9.160000E+04 1.7660E+02
  9.170000E+04 1.7597E+02
  9.180000E+04 1.7534E+02
  9.190000E+04 1.7472E+02
  9.200000E+04 1.7436E+02
  9.210000E+04 1.7403E+02
  9.220000E+04 1.7371E+02
  9.230000E+04 1.7350E+02
  9.240000E+04 1.7342E+02
  9.250000E+04 1.7335E+02
  9.260000E+04 1.7327E+02
  9.270000E+04 1.7291E+02
  9.280000E+04 1.7255E+02
  9.290000E+04 1.7220E+02
  9.300000E+04 1.7141E+02
  9.310000E+04 1.7036E+02
  9.320000E+04 1.6932E+02
  9.330000E+04 1.6832E+02
  9.340000E+04 1.6747E+02
  9.350000E+04 1.6663E+02
  9.360000E+04 1.6579E+02
  9.370000E+04 1.6503E+02
  9.380000E+04 1.6431E+02
  9.390000E+04 1.6359E+02
  9.400000E+04 1.6286E+02
  9.410000E+04 1.6204E+02
  9.420000E+04 1.6123E+02
  9.430000E+04 1.6042E+02
  9.440000E+04 1.5984E+02
  9.450000E+04 1.5941E+02
  9.460000E+04 1.5898E+02
  9.470000E+04 1.5858E+02
  9.480000E+04 1.5850E+02
  9.490000E+04 1.5844E+02
  9.500000E+04 1.5837E+02
  9.510000E+04 1.5810E+02
  9.520000E+04 1.5754E+02
  9.530000E+04 1.5698E+02
  9.540000E+04 1.5643E+02
  9.550000E+04 1.5575E+02
  9.560000E+04 1.5503E+02
  9.570000E+04 1.5432E+02
  9.580000E+04 1.5366E+02
  9.590000E+04 1.5324E+02
  9.600000E+04 1.5282E+02
  9.610000E+04 1.5240E+02
  9.620000E+04 1.5182E+02
  9.630000E+04 1.5108E+02
  9.640000E+04 1.5033E+02
  9.650000E+04 1.4959E+02
  9.660000E+04 1.4867E+02
  9.670000E+04 1.4769E+02
  9.680000E+04 1.4672E+02
  9.690000E+04 1.4576E+02
  9.700000E+04 1.4562E+02
  9.710000E+04 1.4546E+02
  9.720000E+04 1.4530E+02
  9.730000E+04 1.4513E+02
  9.740000E+04 1.4492E+02
  9.750000E+04 1.4475E+02
  9.760000E+04 1.4458E+02
  9.770000E+04 1.4424E+02
  9.780000E+04 1.4367E+02
  9.790000E+04 1.4309E+02
  9.800000E+04 1.4252E+02
  9.810000E+04 1.4205E+02
  9.820000E+04 1.4164E+02
  9.830000E+04 1.4123E+02
  9.840000E+04 1.4082E+02
  9.850000E+04 1.4061E+02
  9.860000E+04 1.4046E+02
  9.870000E+04 1.4032E+02
  9.880000E+04 1.4018E+02
  9.890000E+04 1.3962E+02
  9.900000E+04 1.3900E+02
  9.910000E+04 1.3838E+02
  9.920000E+04 1.3776E+02
  9.930000E+04 1.3694E+02
  9.940000E+04 1.3612E+02
  9.950000E+04 1.3531E+02
  9.960000E+04 1.3451E+02
  9.970000E+04 1.3374E+02
  9.980000E+04 1.3297E+02
  9.990000E+04 1.3221E+02
  1.000000E+05 1.3146E+02
  1.002000E+05 1.3030E+02
  1.050000E+05 1.1001E+02
  1.100000E+05 8.9654E+01
  1.130000E+05 8.1268E+01
  1.160000E+05 7.0983E+01
  1.200000E+05 6.1773E+01
  1.250000E+05 5.7451E+01
  1.300000E+05 4.8820E+01
  1.350000E+05 4.1749E+01
  1.400000E+05 3.5912E+01
  1.450000E+05 3.1060E+01
  1.500000E+05 2.6999E+01
  1.600000E+05 2.0687E+01
  1.700000E+05 1.6115E+01
  1.800000E+05 1.2739E+01
  1.900000E+05 1.0203E+01
  2.000000E+05 8.2674E+00
  2.200000E+05 5.6600E+00
  2.300000E+05 4.7432E+00
  2.400000E+05 4.0049E+00
  2.500000E+05 3.4049E+00
  2.600000E+05 2.9134E+00
  2.700000E+05 2.5075E+00
  2.800000E+05 2.1700E+00
  3.000000E+05 1.6495E+00
  3.500000E+05 8.9380E-01
  4.000000E+05 5.2569E-01
  4.500000E+05 3.2843E-01
  5.000000E+05 2.1562E-01
  5.500000E+05 1.4736E-01
  6.000000E+05 1.0410E-01
  6.500000E+05 7.5572E-02
  7.000000E+05 5.6178E-02
  7.500000E+05 4.2625E-02
  8.000000E+05 3.2924E-02
  8.500000E+05 2.5824E-02
  9.000000E+05 2.0539E-02
  9.500000E+05 1.6539E-02
  1.000000E+06 1.3467E-02
  1.050000E+06 1.1075E-02
  1.100000E+06 9.1903E-03
  1.200000E+06 6.4840E-03
  1.300000E+06 4.7034E-03
  1.400000E+06 3.4940E-03
  1.500000E+06 2.6491E-03
  1.600000E+06 2.0447E-03
  2.000000E+06 8.3891E-04
  2.500000E+06 3.4362E-04
  3.000000E+06 1.6571E-04
  4.000000E+06 5.2432E-05
  5.000000E+06 2.1476E-05
  7.000000E+06 5.5904E-06
  1.000000E+07 1.3423E-06
  1.500000E+07 2.6514E-07
  2.250000E+07 5.2373E-08
  3.350000E+07 1.0658E-08
  5.000000E+07 2.1476E-09
  7.400000E+07 4.4762E-10
  1.100000E+08 9.1679E-11
  1.300000E+08 4.6997E-11
  1.600000E+08 2.0481E-11
  2.400000E+08 4.0457E-12
  3.600000E+08 7.9915E-13
