# File: out_constant_SFH.ised
# Column            2
# Age(yr)       2.000E+06
# Lambda(A)       Flux   
  9.100000E+01 1.4253E-08
  9.400000E+01 3.5831E-08
  9.600000E+01 8.5930E-08
  9.800000E+01 1.4569E-07
  1.000000E+02 2.6376E-07
  1.020000E+02 5.4665E-07
  1.040000E+02 9.1666E-07
  1.060000E+02 1.5099E-06
  1.080000E+02 2.6641E-06
  1.100000E+02 5.4164E-06
  1.140000E+02 1.2943E-05
  1.180000E+02 3.0651E-05
  1.210000E+02 6.6047E-05
  1.250000E+02 1.3302E-04
  1.270000E+02 2.0951E-04
  1.280000E+02 2.8088E-04
  1.310000E+02 4.0723E-04
  1.320000E+02 5.7763E-04
  1.340000E+02 7.4627E-04
  1.370000E+02 1.1661E-03
  1.400000E+02 1.9669E-03
  1.430000E+02 3.3620E-03
  1.470000E+02 5.6655E-03
  1.500000E+02 8.6062E-03
  1.510000E+02 9.8751E-03
  1.550000E+02 1.7112E-02
  1.590000E+02 2.7209E-02
  1.620000E+02 4.9505E-02
  1.660000E+02 7.8715E-02
  1.700000E+02 1.2037E-01
  1.730000E+02 1.6275E-01
  1.770000E+02 2.2834E-01
  1.800000E+02 3.2165E-01
  1.820000E+02 3.4295E-01
  1.860000E+02 5.4391E-01
  1.910000E+02 7.9748E-01
  1.940000E+02 1.0711E+00
  1.980000E+02 1.5276E+00
  2.000000E+02 1.6662E+00
  2.020000E+02 1.8159E+00
  2.050000E+02 2.4279E+00
  2.100000E+02 3.5163E+00
  2.160000E+02 4.9908E+00
  2.200000E+02 6.2909E+00
  2.230000E+02 7.3553E+00
  2.270000E+02 8.9787E+00
  2.300000E+02 5.1027E+02
  2.340000E+02 3.4417E+03
  2.400000E+02 5.8516E+03
  2.460000E+02 1.0904E+04
  2.520000E+02 4.0074E+04
  2.570000E+02 8.3652E+04
  2.600000E+02 7.3031E+04
  2.640000E+02 2.6384E+05
  2.690000E+02 3.1131E+05
  2.740000E+02 3.4982E+05
  2.790000E+02 2.3221E+05
  2.840000E+02 4.1235E+05
  2.900000E+02 4.9390E+05
  2.960000E+02 4.1791E+05
  3.000000E+02 3.5816E+05
  3.010000E+02 3.4514E+05
  3.080000E+02 4.0558E+05
  3.180000E+02 3.9421E+05
  3.280000E+02 4.3899E+05
  3.380000E+02 4.0085E+05
  3.480000E+02 3.7380E+05
  3.570000E+02 6.1894E+05
  3.660000E+02 1.0967E+06
  3.750000E+02 1.0871E+06
  3.850000E+02 8.0745E+05
  3.950000E+02 1.3065E+06
  4.000000E+02 1.4756E+06
  4.050000E+02 1.6644E+06
  4.140000E+02 1.6434E+06
  4.220000E+02 1.4645E+06
  4.300000E+02 1.3879E+06
  4.410000E+02 1.6453E+06
  4.510000E+02 1.6658E+06
  4.600000E+02 1.4375E+06
  4.700000E+02 1.4544E+06
  4.800000E+02 1.6317E+06
  4.900000E+02 1.3651E+06
  5.000000E+02 1.6911E+06
  5.060000E+02 1.3949E+06
  5.120000E+02 1.9565E+06
  5.200000E+02 1.8346E+06
  5.300000E+02 1.6781E+06
  5.400000E+02 1.3228E+06
  5.500000E+02 1.2176E+06
  5.600000E+02 1.5884E+06
  5.700000E+02 1.7594E+06
  5.800000E+02 1.7147E+06
  5.900000E+02 1.7032E+06
  6.000000E+02 1.4347E+06
  6.100000E+02 1.2813E+06
  6.200000E+02 1.6074E+06
  6.300000E+02 1.4574E+06
  6.400000E+02 1.6216E+06
  6.500000E+02 1.5185E+06
  6.580000E+02 1.3788E+06
  6.650000E+02 1.5373E+06
  6.750000E+02 1.5657E+06
  6.850000E+02 1.3539E+06
  6.950000E+02 1.4913E+06
  7.000000E+02 1.3503E+06
  7.050000E+02 1.2249E+06
  7.160000E+02 1.4546E+06
  7.260000E+02 1.4548E+06
  7.350000E+02 1.4328E+06
  7.450000E+02 1.3557E+06
  7.550000E+02 1.3150E+06
  7.650000E+02 1.1421E+06
  7.750000E+02 1.2606E+06
  7.850000E+02 1.0926E+06
  7.950000E+02 1.1766E+06
  8.000000E+02 1.1929E+06
  8.050000E+02 1.2093E+06
  8.150000E+02 1.1944E+06
  8.250000E+02 1.1796E+06
  8.350000E+02 9.7110E+05
  8.450000E+02 1.1238E+06
  8.550000E+02 1.0775E+06
  8.650000E+02 1.0961E+06
  8.750000E+02 1.0793E+06
  8.850000E+02 1.0513E+06
  8.950000E+02 1.0321E+06
  9.000000E+02 1.0153E+06
  9.050000E+02 9.9875E+05
  9.150000E+02 8.6098E+05
  9.250000E+02 1.2968E+06
  9.350000E+02 1.7554E+06
  9.450000E+02 2.0669E+06
  9.550000E+02 2.2759E+06
  9.650000E+02 2.4295E+06
  9.750000E+02 1.5748E+06
  9.850000E+02 2.0726E+06
  9.950000E+02 1.8473E+06
  1.000000E+03 1.8896E+06
  1.005000E+03 1.9358E+06
  1.015000E+03 1.9876E+06
  1.025000E+03 1.6650E+06
  1.035000E+03 1.9436E+06
  1.045000E+03 2.0935E+06
  1.055000E+03 2.0144E+06
  1.065000E+03 1.8405E+06
  1.075000E+03 1.8787E+06
  1.085000E+03 1.7174E+06
  1.095000E+03 1.8076E+06
  1.100000E+03 1.7706E+06
  1.105000E+03 1.7347E+06
  1.115000E+03 1.6959E+06
  1.125000E+03 1.5730E+06
  1.135000E+03 1.6415E+06
  1.145000E+03 1.6056E+06
  1.155000E+03 1.5235E+06
  1.165000E+03 1.4440E+06
  1.175000E+03 1.1894E+06
  1.185000E+03 1.3582E+06
  1.195000E+03 1.2805E+06
  1.200000E+03 1.2567E+06
  1.205000E+03 1.2349E+06
  1.215000E+03 1.0237E+06
  1.225000E+03 1.1773E+06
  1.235000E+03 1.1899E+06
  1.245000E+03 1.1659E+06
  1.255000E+03 1.1708E+06
  1.265000E+03 1.1670E+06
  1.275000E+03 1.1764E+06
  1.285000E+03 1.1654E+06
  1.295000E+03 1.1201E+06
  1.300000E+03 1.1044E+06
  1.305000E+03 1.0891E+06
  1.315000E+03 1.1114E+06
  1.325000E+03 1.0764E+06
  1.335000E+03 1.0495E+06
  1.345000E+03 1.0420E+06
  1.355000E+03 1.0012E+06
  1.365000E+03 9.5659E+05
  1.375000E+03 9.1953E+05
  1.385000E+03 9.0878E+05
  1.395000E+03 7.0196E+05
  1.400000E+03 6.3745E+05
  1.405000E+03 5.8034E+05
  1.415000E+03 8.6280E+05
  1.425000E+03 8.0924E+05
  1.435000E+03 8.4040E+05
  1.442000E+03 8.1308E+05
  1.447000E+03 8.0863E+05
  1.455000E+03 7.8177E+05
  1.465000E+03 7.6718E+05
  1.475000E+03 7.6033E+05
  1.485000E+03 7.6125E+05
  1.495000E+03 7.3916E+05
  1.500000E+03 7.3069E+05
  1.505000E+03 7.2246E+05
  1.512000E+03 7.0489E+05
  1.517000E+03 6.9784E+05
  1.525000E+03 6.8948E+05
  1.535000E+03 6.2289E+05
  1.545000E+03 4.9995E+05
  1.555000E+03 5.1732E+05
  1.565000E+03 5.8600E+05
  1.575000E+03 6.0285E+05
  1.585000E+03 5.9491E+05
  1.595000E+03 5.9205E+05
  1.600000E+03 5.7838E+05
  1.605000E+03 5.6512E+05
  1.615000E+03 5.4769E+05
  1.625000E+03 5.4746E+05
  1.635000E+03 5.4719E+05
  1.645000E+03 5.3026E+05
  1.655000E+03 5.3947E+05
  1.665000E+03 5.3162E+05
  1.672000E+03 5.0144E+05
  1.677000E+03 5.4533E+05
  1.685000E+03 5.3115E+05
  1.695000E+03 5.1854E+05
  1.700000E+03 5.1161E+05
  1.705000E+03 5.0480E+05
  1.715000E+03 4.8441E+05
  1.725000E+03 4.7168E+05
  1.735000E+03 4.8296E+05
  1.745000E+03 4.7525E+05
  1.755000E+03 4.6678E+05
  1.765000E+03 4.5727E+05
  1.775000E+03 4.4468E+05
  1.785000E+03 4.4583E+05
  1.795000E+03 4.3572E+05
  1.800000E+03 4.3321E+05
  1.805000E+03 4.3072E+05
  1.815000E+03 4.1783E+05
  1.825000E+03 4.1197E+05
  1.835000E+03 4.0697E+05
  1.845000E+03 3.9549E+05
  1.855000E+03 3.9244E+05
  1.865000E+03 3.8915E+05
  1.875000E+03 3.8210E+05
  1.885000E+03 3.6894E+05
  1.895000E+03 3.6488E+05
  1.900000E+03 3.6511E+05
  1.905000E+03 3.6545E+05
  1.915000E+03 3.5636E+05
  1.925000E+03 3.4022E+05
  1.935000E+03 3.4891E+05
  1.945000E+03 3.4650E+05
  1.955000E+03 3.2866E+05
  1.967000E+03 3.3298E+05
  1.976000E+03 3.3133E+05
  1.984000E+03 3.2506E+05
  1.995000E+03 3.1783E+05
  2.000000E+03 3.1765E+05
  2.005000E+03 3.1748E+05
  2.015000E+03 3.1252E+05
  2.025000E+03 3.1001E+05
  2.035000E+03 3.0017E+05
  2.045000E+03 2.9559E+05
  2.055000E+03 2.3117E+05
  2.065000E+03 2.4929E+05
  2.074000E+03 2.8789E+05
  2.078000E+03 2.8353E+05
  2.085000E+03 2.8349E+05
  2.095000E+03 2.7631E+05
  2.100000E+03 2.7471E+05
  2.105000E+03 2.7316E+05
  2.115000E+03 2.7404E+05
  2.125000E+03 2.6888E+05
  2.135000E+03 2.6574E+05
  2.145000E+03 2.5981E+05
  2.155000E+03 2.5960E+05
  2.165000E+03 2.4934E+05
  2.175000E+03 2.5182E+05
  2.185000E+03 2.4426E+05
  2.195000E+03 2.4609E+05
  2.200000E+03 2.4403E+05
  2.205000E+03 2.4199E+05
  2.215000E+03 2.3395E+05
  2.225000E+03 2.3366E+05
  2.235000E+03 2.3072E+05
  2.245000E+03 2.2709E+05
  2.255000E+03 2.2007E+05
  2.265000E+03 2.2081E+05
  2.275000E+03 2.1846E+05
  2.285000E+03 2.1366E+05
  2.295000E+03 2.0627E+05
  2.300000E+03 2.0516E+05
  2.305000E+03 2.0409E+05
  2.315000E+03 2.0292E+05
  2.325000E+03 1.9688E+05
  2.335000E+03 1.9804E+05
  2.345000E+03 1.9495E+05
  2.355000E+03 1.9156E+05
  2.365000E+03 1.8837E+05
  2.375000E+03 1.8458E+05
  2.385000E+03 1.7664E+05
  2.395000E+03 1.7906E+05
  2.400000E+03 1.7784E+05
  2.405000E+03 1.7664E+05
  2.415000E+03 1.7498E+05
  2.425000E+03 1.7420E+05
  2.435000E+03 1.7062E+05
  2.445000E+03 1.6912E+05
  2.455000E+03 1.6619E+05
  2.465000E+03 1.6448E+05
  2.475000E+03 1.6265E+05
  2.485000E+03 1.5907E+05
  2.495000E+03 1.3896E+05
  2.500000E+03 1.4623E+05
  2.505000E+03 1.5406E+05
  2.513000E+03 1.4439E+05
  2.518000E+03 1.5013E+05
  2.525000E+03 1.5030E+05
  2.535000E+03 1.4969E+05
  2.545000E+03 1.4741E+05
  2.555000E+03 1.4576E+05
  2.565000E+03 1.4398E+05
  2.575000E+03 1.4234E+05
  2.585000E+03 1.4059E+05
  2.595000E+03 1.3728E+05
  2.600000E+03 1.3707E+05
  2.605000E+03 1.3686E+05
  2.615000E+03 1.3414E+05
  2.625000E+03 1.3343E+05
  2.635000E+03 1.3207E+05
  2.645000E+03 1.3021E+05
  2.655000E+03 1.2894E+05
  2.665000E+03 1.2644E+05
  2.675000E+03 1.2402E+05
  2.685000E+03 1.2356E+05
  2.695000E+03 1.2119E+05
  2.700000E+03 1.2078E+05
  2.705000E+03 1.2036E+05
  2.715000E+03 1.1862E+05
  2.725000E+03 1.1735E+05
  2.735000E+03 1.1328E+05
  2.745000E+03 1.1448E+05
  2.755000E+03 1.1298E+05
  2.765000E+03 1.1160E+05
  2.775000E+03 1.1074E+05
  2.785000E+03 1.0880E+05
  2.795000E+03 1.0598E+05
  2.800000E+03 1.0595E+05
  2.805000E+03 1.0591E+05
  2.815000E+03 1.0539E+05
  2.825000E+03 1.0391E+05
  2.835000E+03 1.0222E+05
  2.845000E+03 1.0153E+05
  2.855000E+03 1.0019E+05
  2.865000E+03 9.8790E+04
  2.875000E+03 9.7585E+04
  2.885000E+03 9.6689E+04
  2.895000E+03 9.5485E+04
  2.900000E+03 9.4911E+04
  2.910000E+03 9.3780E+04
  2.930000E+03 9.1889E+04
  2.950000E+03 8.9526E+04
  2.970000E+03 8.7386E+04
  2.990000E+03 8.5038E+04
  3.000000E+03 8.3963E+04
  3.010000E+03 8.2906E+04
  3.030000E+03 8.0849E+04
  3.050000E+03 7.9373E+04
  3.070000E+03 7.7494E+04
  3.090000E+03 7.5857E+04
  3.100000E+03 7.5117E+04
  3.110000E+03 7.4387E+04
  3.130000E+03 7.2515E+04
  3.150000E+03 7.1144E+04
  3.170000E+03 6.9422E+04
  3.190000E+03 6.7897E+04
  3.200000E+03 6.6735E+04
  3.210000E+03 6.5600E+04
  3.230000E+03 6.5072E+04
  3.250000E+03 6.3792E+04
  3.270000E+03 6.1908E+04
  3.290000E+03 6.0901E+04
  3.300000E+03 6.0239E+04
  3.310000E+03 5.9586E+04
  3.330000E+03 5.8260E+04
  3.350000E+03 5.6734E+04
  3.370000E+03 5.5740E+04
  3.390000E+03 5.4685E+04
  3.400000E+03 5.4100E+04
  3.410000E+03 5.3522E+04
  3.430000E+03 5.2423E+04
  3.450000E+03 5.1098E+04
  3.470000E+03 5.0365E+04
  3.490000E+03 4.9371E+04
  3.500000E+03 4.8921E+04
  3.510000E+03 4.8477E+04
  3.530000E+03 4.7463E+04
  3.550000E+03 4.6526E+04
  3.570000E+03 4.5635E+04
  3.590000E+03 4.4623E+04
  3.600000E+03 4.4163E+04
  3.610000E+03 4.3708E+04
  3.630000E+03 4.2853E+04
  3.640000E+03 4.1917E+04
  3.650000E+03 4.2262E+04
  3.670000E+03 4.1424E+04
  3.690000E+03 4.0208E+04
  3.700000E+03 3.9439E+04
  3.710000E+03 3.8689E+04
  3.730000E+03 3.7804E+04
  3.750000E+03 3.7905E+04
  3.770000E+03 3.7209E+04
  3.790000E+03 3.7695E+04
  3.800000E+03 3.8023E+04
  3.810000E+03 3.8361E+04
  3.830000E+03 3.5468E+04
  3.850000E+03 3.7881E+04
  3.870000E+03 3.7674E+04
  3.890000E+03 3.2973E+04
  3.900000E+03 3.4827E+04
  3.910000E+03 3.6861E+04
  3.930000E+03 3.5899E+04
  3.950000E+03 3.5268E+04
  3.970000E+03 3.0361E+04
  3.990000E+03 3.4079E+04
  4.000000E+03 3.3934E+04
  4.010000E+03 3.3795E+04
  4.030000E+03 3.2809E+04
  4.050000E+03 3.2666E+04
  4.070000E+03 3.1696E+04
  4.090000E+03 2.9851E+04
  4.100000E+03 2.8614E+04
  4.110000E+03 2.7442E+04
  4.130000E+03 2.9957E+04
  4.150000E+03 2.9650E+04
  4.170000E+03 2.9304E+04
  4.190000E+03 2.8817E+04
  4.200000E+03 2.8502E+04
  4.210000E+03 2.8191E+04
  4.230000E+03 2.7861E+04
  4.250000E+03 2.7283E+04
  4.270000E+03 2.6682E+04
  4.290000E+03 2.6295E+04
  4.300000E+03 2.5953E+04
  4.310000E+03 2.5616E+04
  4.330000E+03 2.3944E+04
  4.350000E+03 2.2460E+04
  4.370000E+03 2.4341E+04
  4.390000E+03 2.3948E+04
  4.400000E+03 2.3796E+04
  4.410000E+03 2.3645E+04
  4.430000E+03 2.3335E+04
  4.450000E+03 2.2951E+04
  4.470000E+03 2.2294E+04
  4.490000E+03 2.2218E+04
  4.500000E+03 2.2014E+04
  4.510000E+03 2.1812E+04
  4.530000E+03 2.1473E+04
  4.550000E+03 2.0945E+04
  4.570000E+03 2.0840E+04
  4.590000E+03 2.0456E+04
  4.600000E+03 2.0295E+04
  4.610000E+03 2.0136E+04
  4.630000E+03 1.9730E+04
  4.650000E+03 1.9117E+04
  4.670000E+03 1.9158E+04
  4.690000E+03 1.8462E+04
  4.700000E+03 1.8476E+04
  4.710000E+03 1.8493E+04
  4.730000E+03 1.8383E+04
  4.750000E+03 1.8094E+04
  4.770000E+03 1.7863E+04
  4.790000E+03 1.7562E+04
  4.800000E+03 1.7411E+04
  4.810000E+03 1.7261E+04
  4.830000E+03 1.6933E+04
  4.850000E+03 1.6005E+04
  4.870000E+03 1.4720E+04
  4.890000E+03 1.6128E+04
  4.900000E+03 1.6050E+04
  4.910000E+03 1.5972E+04
  4.930000E+03 1.5621E+04
  4.950000E+03 1.5516E+04
  4.970000E+03 1.5328E+04
  4.990000E+03 1.5086E+04
  5.000000E+03 1.4889E+04
  5.010000E+03 1.4695E+04
  5.030000E+03 1.4616E+04
  5.050000E+03 1.4354E+04
  5.070000E+03 1.4218E+04
  5.090000E+03 1.4007E+04
  5.100000E+03 1.3901E+04
  5.110000E+03 1.3796E+04
  5.130000E+03 1.3574E+04
  5.150000E+03 1.3374E+04
  5.170000E+03 1.3193E+04
  5.190000E+03 1.3011E+04
  5.200000E+03 1.2914E+04
  5.210000E+03 1.2819E+04
  5.230000E+03 1.2648E+04
  5.250000E+03 1.2463E+04
  5.270000E+03 1.2258E+04
  5.290000E+03 1.2134E+04
  5.300000E+03 1.2044E+04
  5.310000E+03 1.1956E+04
  5.330000E+03 1.1785E+04
  5.350000E+03 1.1627E+04
  5.370000E+03 1.1468E+04
  5.390000E+03 1.1305E+04
  5.400000E+03 1.1154E+04
  5.410000E+03 1.1005E+04
  5.430000E+03 1.0992E+04
  5.450000E+03 1.0844E+04
  5.470000E+03 1.0692E+04
  5.490000E+03 1.0551E+04
  5.500000E+03 1.0475E+04
  5.510000E+03 1.0400E+04
  5.530000E+03 1.0264E+04
  5.550000E+03 1.0133E+04
  5.570000E+03 9.9882E+03
  5.590000E+03 9.8327E+03
  5.600000E+03 9.7794E+03
  5.610000E+03 9.7265E+03
  5.630000E+03 9.5990E+03
  5.650000E+03 9.4577E+03
  5.670000E+03 9.3216E+03
  5.690000E+03 9.0939E+03
  5.700000E+03 9.0524E+03
  5.710000E+03 9.0119E+03
  5.730000E+03 8.9257E+03
  5.750000E+03 8.7976E+03
  5.770000E+03 8.6992E+03
  5.790000E+03 8.5889E+03
  5.800000E+03 8.5199E+03
  5.810000E+03 8.4516E+03
  5.830000E+03 8.3797E+03
  5.850000E+03 8.2951E+03
  5.870000E+03 8.0682E+03
  5.890000E+03 8.0572E+03
  5.900000E+03 8.0160E+03
  5.910000E+03 7.9751E+03
  5.930000E+03 7.8700E+03
  5.950000E+03 7.7641E+03
  5.970000E+03 7.6784E+03
  5.990000E+03 7.5804E+03
  6.000000E+03 7.5304E+03
  6.010000E+03 7.4808E+03
  6.030000E+03 7.3816E+03
  6.050000E+03 7.3021E+03
  6.070000E+03 7.2018E+03
  6.090000E+03 7.1242E+03
  6.100000E+03 7.0753E+03
  6.110000E+03 7.0268E+03
  6.130000E+03 6.9405E+03
  6.150000E+03 6.8472E+03
  6.170000E+03 6.7554E+03
  6.190000E+03 6.6956E+03
  6.200000E+03 6.6552E+03
  6.210000E+03 6.6151E+03
  6.230000E+03 6.5162E+03
  6.250000E+03 6.4447E+03
  6.270000E+03 6.3749E+03
  6.290000E+03 6.3002E+03
  6.300000E+03 6.2511E+03
  6.310000E+03 6.2025E+03
  6.330000E+03 6.1498E+03
  6.350000E+03 6.0635E+03
  6.370000E+03 5.9979E+03
  6.390000E+03 5.9319E+03
  6.400000E+03 5.8869E+03
  6.410000E+03 5.8423E+03
  6.430000E+03 5.7953E+03
  6.450000E+03 5.7205E+03
  6.470000E+03 5.6509E+03
  6.490000E+03 5.5835E+03
  6.500000E+03 5.5507E+03
  6.510000E+03 5.5183E+03
  6.530000E+03 5.4228E+03
  6.550000E+03 5.2460E+03
  6.570000E+03 4.7670E+03
  6.590000E+03 5.2246E+03
  6.600000E+03 5.2177E+03
  6.610000E+03 5.2111E+03
  6.630000E+03 5.1604E+03
  6.650000E+03 5.1038E+03
  6.670000E+03 5.0175E+03
  6.690000E+03 4.9462E+03
  6.700000E+03 4.9388E+03
  6.710000E+03 4.9314E+03
  6.730000E+03 4.8762E+03
  6.750000E+03 4.8255E+03
  6.770000E+03 4.7774E+03
  6.790000E+03 4.7181E+03
  6.800000E+03 4.6956E+03
  6.810000E+03 4.6733E+03
  6.830000E+03 4.6227E+03
  6.850000E+03 4.5733E+03
  6.870000E+03 4.5244E+03
  6.890000E+03 4.4539E+03
  6.900000E+03 4.4400E+03
  6.910000E+03 4.4262E+03
  6.930000E+03 4.3820E+03
  6.950000E+03 4.3369E+03
  6.970000E+03 4.2917E+03
  6.990000E+03 4.2468E+03
  7.000000E+03 4.2238E+03
  7.010000E+03 4.2009E+03
  7.030000E+03 4.1532E+03
  7.050000E+03 4.1111E+03
  7.070000E+03 4.0393E+03
  7.090000E+03 4.0306E+03
  7.100000E+03 4.0053E+03
  7.110000E+03 3.9801E+03
  7.130000E+03 3.9415E+03
  7.150000E+03 3.9071E+03
  7.170000E+03 3.8511E+03
  7.190000E+03 3.8241E+03
  7.200000E+03 3.8074E+03
  7.210000E+03 3.7908E+03
  7.230000E+03 3.7394E+03
  7.250000E+03 3.7136E+03
  7.270000E+03 3.6787E+03
  7.290000E+03 3.6280E+03
  7.300000E+03 3.6159E+03
  7.310000E+03 3.6039E+03
  7.330000E+03 3.5701E+03
  7.350000E+03 3.5362E+03
  7.370000E+03 3.5010E+03
  7.390000E+03 3.4658E+03
  7.400000E+03 3.4482E+03
  7.410000E+03 3.4306E+03
  7.430000E+03 3.3983E+03
  7.450000E+03 3.3641E+03
  7.470000E+03 3.3306E+03
  7.490000E+03 3.2965E+03
  7.500000E+03 3.2828E+03
  7.510000E+03 3.2691E+03
  7.530000E+03 3.2391E+03
  7.550000E+03 3.2091E+03
  7.570000E+03 3.1781E+03
  7.590000E+03 3.1262E+03
  7.600000E+03 3.1207E+03
  7.610000E+03 3.1153E+03
  7.630000E+03 3.0876E+03
  7.650000E+03 3.0583E+03
  7.670000E+03 3.0288E+03
  7.690000E+03 2.9982E+03
  7.700000E+03 2.9845E+03
  7.710000E+03 2.9709E+03
  7.730000E+03 2.9422E+03
  7.750000E+03 2.9167E+03
  7.770000E+03 2.8843E+03
  7.790000E+03 2.8650E+03
  7.800000E+03 2.8517E+03
  7.810000E+03 2.8384E+03
  7.830000E+03 2.8121E+03
  7.850000E+03 2.7817E+03
  7.870000E+03 2.7570E+03
  7.890000E+03 2.7309E+03
  7.900000E+03 2.7200E+03
  7.910000E+03 2.7092E+03
  7.930000E+03 2.6840E+03
  7.950000E+03 2.6589E+03
  7.970000E+03 2.6357E+03
  7.990000E+03 2.6111E+03
  8.000000E+03 2.6004E+03
  8.010000E+03 2.5898E+03
  8.030000E+03 2.5654E+03
  8.050000E+03 2.5446E+03
  8.070000E+03 2.5223E+03
  8.090000E+03 2.4989E+03
  8.100000E+03 2.4865E+03
  8.110000E+03 2.4741E+03
  8.130000E+03 2.4571E+03
  8.150000E+03 2.4333E+03
  8.170000E+03 2.4121E+03
  8.190000E+03 2.3809E+03
  8.200000E+03 2.3391E+03
  8.210000E+03 2.2983E+03
  8.230000E+03 2.2692E+03
  8.250000E+03 2.2621E+03
  8.270000E+03 2.2394E+03
  8.290000E+03 2.2243E+03
  8.300000E+03 2.2153E+03
  8.310000E+03 2.2063E+03
  8.330000E+03 2.1863E+03
  8.350000E+03 2.1670E+03
  8.370000E+03 2.1608E+03
  8.390000E+03 2.1450E+03
  8.400000E+03 2.1389E+03
  8.410000E+03 2.1330E+03
  8.430000E+03 2.1272E+03
  8.450000E+03 2.1033E+03
  8.470000E+03 2.0863E+03
  8.490000E+03 2.0828E+03
  8.500000E+03 2.0665E+03
  8.510000E+03 2.0504E+03
  8.530000E+03 2.0532E+03
  8.550000E+03 2.0007E+03
  8.570000E+03 2.0340E+03
  8.590000E+03 1.9747E+03
  8.600000E+03 1.9678E+03
  8.610000E+03 1.9608E+03
  8.630000E+03 1.9973E+03
  8.650000E+03 1.9525E+03
  8.670000E+03 1.8665E+03
  8.690000E+03 1.9408E+03
  8.700000E+03 1.9426E+03
  8.710000E+03 1.9446E+03
  8.730000E+03 1.9026E+03
  8.750000E+03 1.7892E+03
  8.770000E+03 1.8534E+03
  8.790000E+03 1.8858E+03
  8.800000E+03 1.8798E+03
  8.810000E+03 1.8738E+03
  8.830000E+03 1.8496E+03
  8.850000E+03 1.7752E+03
  8.870000E+03 1.6889E+03
  8.890000E+03 1.7912E+03
  8.900000E+03 1.7954E+03
  8.910000E+03 1.7996E+03
  8.930000E+03 1.7863E+03
  8.950000E+03 1.7774E+03
  8.970000E+03 1.7585E+03
  8.990000E+03 1.7172E+03
  9.000000E+03 1.6521E+03
  9.010000E+03 1.5905E+03
  9.030000E+03 1.6319E+03
  9.050000E+03 1.6915E+03
  9.070000E+03 1.6830E+03
  9.090000E+03 1.6756E+03
  9.100000E+03 1.6700E+03
  9.110000E+03 1.6644E+03
  9.130000E+03 1.6562E+03
  9.150000E+03 1.6427E+03
  9.170000E+03 1.6251E+03
  9.190000E+03 1.6047E+03
  9.200000E+03 1.5787E+03
  9.210000E+03 1.5532E+03
  9.230000E+03 1.4207E+03
  9.250000E+03 1.5219E+03
  9.270000E+03 1.5481E+03
  9.290000E+03 1.5496E+03
  9.300000E+03 1.5438E+03
  9.310000E+03 1.5380E+03
  9.330000E+03 1.5278E+03
  9.350000E+03 1.5001E+03
  9.370000E+03 1.5013E+03
  9.390000E+03 1.4932E+03
  9.400000E+03 1.4851E+03
  9.410000E+03 1.4770E+03
  9.430000E+03 1.4695E+03
  9.450000E+03 1.4579E+03
  9.470000E+03 1.4429E+03
  9.490000E+03 1.4318E+03
  9.500000E+03 1.4195E+03
  9.510000E+03 1.4075E+03
  9.530000E+03 1.3587E+03
  9.550000E+03 1.2462E+03
  9.570000E+03 1.3530E+03
  9.590000E+03 1.3719E+03
  9.600000E+03 1.3686E+03
  9.610000E+03 1.3655E+03
  9.630000E+03 1.3536E+03
  9.650000E+03 1.3492E+03
  9.670000E+03 1.3385E+03
  9.690000E+03 1.3289E+03
  9.700000E+03 1.3197E+03
  9.710000E+03 1.3107E+03
  9.730000E+03 1.3080E+03
  9.750000E+03 1.2991E+03
  9.770000E+03 1.2858E+03
  9.790000E+03 1.2797E+03
  9.800000E+03 1.2749E+03
  9.810000E+03 1.2701E+03
  9.830000E+03 1.2602E+03
  9.850000E+03 1.2507E+03
  9.870000E+03 1.2411E+03
  9.890000E+03 1.2309E+03
  9.900000E+03 1.2254E+03
  9.910000E+03 1.2199E+03
  9.930000E+03 1.2134E+03
  9.950000E+03 1.2040E+03
  9.970000E+03 1.1944E+03
  9.990000E+03 1.1839E+03
  1.000000E+04 1.1687E+03
  1.002500E+04 1.1315E+03
  1.007500E+04 1.0962E+03
  1.010000E+04 1.1042E+03
  1.012500E+04 1.1126E+03
  1.017500E+04 1.1078E+03
  1.020000E+04 1.0978E+03
  1.022500E+04 1.0880E+03
  1.027500E+04 1.0683E+03
  1.030000E+04 1.0576E+03
  1.032500E+04 1.0471E+03
  1.037500E+04 1.0303E+03
  1.040000E+04 1.0203E+03
  1.042500E+04 1.0105E+03
  1.047500E+04 9.9372E+02
  1.050000E+04 9.8481E+02
  1.052500E+04 9.7601E+02
  1.057500E+04 9.5891E+02
  1.060000E+04 9.5055E+02
  1.062500E+04 9.4227E+02
  1.067500E+04 9.2381E+02
  1.070000E+04 9.1639E+02
  1.072500E+04 9.0904E+02
  1.077500E+04 8.9345E+02
  1.080000E+04 8.8292E+02
  1.082500E+04 8.7253E+02
  1.087500E+04 8.5988E+02
  1.090000E+04 8.2616E+02
  1.092500E+04 7.9403E+02
  1.097500E+04 8.1687E+02
  1.100000E+04 8.1692E+02
  1.102500E+04 8.1702E+02
  1.107500E+04 8.0586E+02
  1.110000E+04 7.9888E+02
  1.112500E+04 7.9197E+02
  1.117500E+04 7.7911E+02
  1.120000E+04 7.7253E+02
  1.122500E+04 7.6602E+02
  1.127500E+04 7.5205E+02
  1.130000E+04 7.4575E+02
  1.132500E+04 7.3952E+02
  1.137500E+04 7.2810E+02
  1.140000E+04 7.2197E+02
  1.142500E+04 7.1590E+02
  1.147500E+04 7.0477E+02
  1.150000E+04 6.9904E+02
  1.152500E+04 6.9339E+02
  1.157500E+04 6.8162E+02
  1.160000E+04 6.7386E+02
  1.162500E+04 6.6620E+02
  1.167500E+04 6.5745E+02
  1.170000E+04 6.5343E+02
  1.172500E+04 6.4946E+02
  1.177500E+04 6.3783E+02
  1.180000E+04 6.3287E+02
  1.182500E+04 6.2797E+02
  1.187500E+04 6.1804E+02
  1.190000E+04 6.1346E+02
  1.192500E+04 6.0892E+02
  1.197500E+04 5.9629E+02
  1.200000E+04 5.9292E+02
  1.202500E+04 5.8959E+02
  1.207500E+04 5.8012E+02
  1.210000E+04 5.7560E+02
  1.212500E+04 5.7112E+02
  1.217500E+04 5.6250E+02
  1.220000E+04 5.5811E+02
  1.222500E+04 5.5376E+02
  1.227500E+04 5.4498E+02
  1.230000E+04 5.4078E+02
  1.232500E+04 5.3662E+02
  1.237500E+04 5.2844E+02
  1.240000E+04 5.2436E+02
  1.242500E+04 5.2032E+02
  1.247500E+04 5.1224E+02
  1.250000E+04 5.0819E+02
  1.252500E+04 5.0418E+02
  1.257500E+04 4.9663E+02
  1.260000E+04 4.9295E+02
  1.262500E+04 4.8931E+02
  1.267500E+04 4.8198E+02
  1.270000E+04 4.7819E+02
  1.272500E+04 4.7442E+02
  1.277500E+04 4.6145E+02
  1.280000E+04 4.4533E+02
  1.282500E+04 4.2988E+02
  1.287500E+04 4.5103E+02
  1.290000E+04 4.4895E+02
  1.292500E+04 4.4688E+02
  1.297500E+04 4.3973E+02
  1.300000E+04 4.3691E+02
  1.302500E+04 4.3411E+02
  1.307500E+04 4.2797E+02
  1.310000E+04 4.2470E+02
  1.312500E+04 4.2146E+02
  1.317500E+04 4.1528E+02
  1.320000E+04 4.1239E+02
  1.322500E+04 4.0953E+02
  1.327500E+04 4.0351E+02
  1.330000E+04 4.0065E+02
  1.332500E+04 3.9783E+02
  1.337500E+04 3.9208E+02
  1.340000E+04 3.8922E+02
  1.342500E+04 3.8639E+02
  1.347500E+04 3.8099E+02
  1.350000E+04 3.7824E+02
  1.352500E+04 3.7551E+02
  1.357500E+04 3.7017E+02
  1.360000E+04 3.6752E+02
  1.362500E+04 3.6490E+02
  1.367500E+04 3.5987E+02
  1.370000E+04 3.5726E+02
  1.372500E+04 3.5467E+02
  1.377500E+04 3.4998E+02
  1.380000E+04 3.4756E+02
  1.382500E+04 3.4517E+02
  1.387500E+04 3.4033E+02
  1.390000E+04 3.3792E+02
  1.392500E+04 3.3553E+02
  1.397500E+04 3.3104E+02
  1.400000E+04 3.2867E+02
  1.402500E+04 3.2633E+02
  1.407500E+04 3.2209E+02
  1.410000E+04 3.1985E+02
  1.412500E+04 3.1763E+02
  1.417500E+04 3.1345E+02
  1.420000E+04 3.1124E+02
  1.422500E+04 3.0905E+02
  1.427500E+04 3.0481E+02
  1.430000E+04 3.0284E+02
  1.432500E+04 3.0090E+02
  1.437500E+04 2.9695E+02
  1.440000E+04 2.9472E+02
  1.442500E+04 2.9252E+02
  1.447500E+04 2.8909E+02
  1.450000E+04 2.8705E+02
  1.452500E+04 2.8504E+02
  1.457000E+04 2.8185E+02
  1.460000E+04 2.7973E+02
  1.462000E+04 2.7832E+02
  1.467500E+04 2.7437E+02
  1.470000E+04 2.7253E+02
  1.472500E+04 2.7070E+02
  1.477500E+04 2.6609E+02
  1.480000E+04 2.6495E+02
  1.482500E+04 2.6381E+02
  1.487500E+04 2.6027E+02
  1.490000E+04 2.5876E+02
  1.492500E+04 2.5726E+02
  1.497500E+04 2.5377E+02
  1.500000E+04 2.5198E+02
  1.502500E+04 2.5022E+02
  1.507500E+04 2.4696E+02
  1.510000E+04 2.4553E+02
  1.512500E+04 2.4412E+02
  1.517500E+04 2.4093E+02
  1.520000E+04 2.3936E+02
  1.522500E+04 2.3780E+02
  1.527500E+04 2.3478E+02
  1.530000E+04 2.3320E+02
  1.532500E+04 2.3163E+02
  1.537500E+04 2.2902E+02
  1.540000E+04 2.2730E+02
  1.542500E+04 2.2559E+02
  1.547500E+04 2.2332E+02
  1.550000E+04 2.2186E+02
  1.552500E+04 2.2043E+02
  1.557500E+04 2.1686E+02
  1.560000E+04 2.1646E+02
  1.562500E+04 2.1606E+02
  1.567500E+04 2.1188E+02
  1.570000E+04 2.1027E+02
  1.572500E+04 2.0868E+02
  1.577500E+04 2.0840E+02
  1.580000E+04 2.0706E+02
  1.582500E+04 2.0573E+02
  1.587500E+04 1.9962E+02
  1.590000E+04 1.9986E+02
  1.592500E+04 2.0011E+02
  1.597500E+04 1.9965E+02
  1.600000E+04 1.9805E+02
  1.605000E+04 1.9489E+02
  1.610000E+04 1.9163E+02
  1.615000E+04 1.8844E+02
  1.620000E+04 1.8787E+02
  1.625000E+04 1.8731E+02
  1.630000E+04 1.8429E+02
  1.635000E+04 1.8133E+02
  1.640000E+04 1.7824E+02
  1.645000E+04 1.7521E+02
  1.650000E+04 1.7502E+02
  1.655000E+04 1.7486E+02
  1.660000E+04 1.7290E+02
  1.665000E+04 1.7096E+02
  1.670000E+04 1.6805E+02
  1.675000E+04 1.6521E+02
  1.680000E+04 1.6230E+02
  1.685000E+04 1.5946E+02
  1.690000E+04 1.5961E+02
  1.695000E+04 1.5979E+02
  1.700000E+04 1.5786E+02
  1.705000E+04 1.5595E+02
  1.710000E+04 1.5443E+02
  1.715000E+04 1.5292E+02
  1.720000E+04 1.5110E+02
  1.725000E+04 1.4930E+02
  1.730000E+04 1.4528E+02
  1.735000E+04 1.4139E+02
  1.740000E+04 1.4191E+02
  1.745000E+04 1.4244E+02
  1.750000E+04 1.4132E+02
  1.755000E+04 1.4020E+02
  1.760000E+04 1.3873E+02
  1.765000E+04 1.3728E+02
  1.770000E+04 1.3583E+02
  1.775000E+04 1.3440E+02
  1.780000E+04 1.3298E+02
  1.785000E+04 1.3158E+02
  1.790000E+04 1.3024E+02
  1.795000E+04 1.2891E+02
  1.800000E+04 1.2747E+02
  1.805000E+04 1.2604E+02
  1.810000E+04 1.2266E+02
  1.815000E+04 1.1939E+02
  1.820000E+04 1.1973E+02
  1.825000E+04 1.2008E+02
  1.830000E+04 1.1939E+02
  1.835000E+04 1.1872E+02
  1.840000E+04 1.1752E+02
  1.845000E+04 1.1634E+02
  1.850000E+04 1.1517E+02
  1.855000E+04 1.1401E+02
  1.860000E+04 1.1228E+02
  1.865000E+04 1.1057E+02
  1.870000E+04 1.0782E+02
  1.875000E+04 1.0515E+02
  1.880000E+04 1.0619E+02
  1.885000E+04 1.0725E+02
  1.890000E+04 1.0629E+02
  1.895000E+04 1.0533E+02
  1.900000E+04 1.0431E+02
  1.905000E+04 1.0331E+02
  1.910000E+04 1.0239E+02
  1.915000E+04 1.0148E+02
  1.920000E+04 1.0050E+02
  1.925000E+04 9.9537E+01
  1.930000E+04 9.8416E+01
  1.935000E+04 9.7311E+01
  1.940000E+04 9.4515E+01
  1.945000E+04 9.1816E+01
  1.950000E+04 9.2735E+01
  1.955000E+04 9.3670E+01
  1.960000E+04 9.2987E+01
  1.965000E+04 9.2311E+01
  1.970000E+04 9.1427E+01
  1.975000E+04 9.0554E+01
  1.980000E+04 8.9732E+01
  1.985000E+04 8.8920E+01
  1.990000E+04 8.8112E+01
  1.995000E+04 8.7314E+01
  2.000000E+04 8.6536E+01
  2.005000E+04 8.5768E+01
  2.010000E+04 8.4995E+01
  2.015000E+04 8.4231E+01
  2.020000E+04 8.3456E+01
  2.025000E+04 8.2691E+01
  2.030000E+04 8.1936E+01
  2.035000E+04 8.1189E+01
  2.040000E+04 8.0481E+01
  2.045000E+04 7.9781E+01
  2.050000E+04 7.9038E+01
  2.055000E+04 7.8303E+01
  2.060000E+04 7.7631E+01
  2.065000E+04 7.6966E+01
  2.070000E+04 7.6290E+01
  2.075000E+04 7.5622E+01
  2.080000E+04 7.4960E+01
  2.085000E+04 7.4305E+01
  2.090000E+04 7.3648E+01
  2.095000E+04 7.2999E+01
  2.100000E+04 7.2376E+01
  2.105000E+04 7.1761E+01
  2.110000E+04 7.1075E+01
  2.115000E+04 7.0397E+01
  2.120000E+04 6.9850E+01
  2.125000E+04 6.9309E+01
  2.130000E+04 6.8719E+01
  2.135000E+04 6.8137E+01
  2.140000E+04 6.7545E+01
  2.145000E+04 6.6960E+01
  2.150000E+04 6.6310E+01
  2.155000E+04 6.5667E+01
  2.160000E+04 6.3765E+01
  2.165000E+04 6.1927E+01
  2.170000E+04 6.2607E+01
  2.175000E+04 6.3297E+01
  2.180000E+04 6.2918E+01
  2.185000E+04 6.2542E+01
  2.190000E+04 6.2039E+01
  2.195000E+04 6.1542E+01
  2.200000E+04 6.1005E+01
  2.205000E+04 6.0475E+01
  2.210000E+04 5.9992E+01
  2.215000E+04 5.9515E+01
  2.220000E+04 5.9017E+01
  2.225000E+04 5.8526E+01
  2.230000E+04 5.8045E+01
  2.235000E+04 5.7569E+01
  2.240000E+04 5.7092E+01
  2.245000E+04 5.6619E+01
  2.250000E+04 5.6150E+01
  2.255000E+04 5.5686E+01
  2.260000E+04 5.5226E+01
  2.265000E+04 5.4772E+01
  2.270000E+04 5.4333E+01
  2.275000E+04 5.3900E+01
  2.280000E+04 5.3487E+01
  2.285000E+04 5.3078E+01
  2.290000E+04 5.2648E+01
  2.295000E+04 5.2226E+01
  2.300000E+04 5.1819E+01
  2.305000E+04 5.1415E+01
  2.310000E+04 5.1004E+01
  2.315000E+04 5.0598E+01
  2.320000E+04 5.0145E+01
  2.325000E+04 4.9701E+01
  2.330000E+04 4.9302E+01
  2.335000E+04 4.8907E+01
  2.340000E+04 4.8524E+01
  2.345000E+04 4.8146E+01
  2.350000E+04 4.7714E+01
  2.355000E+04 4.7289E+01
  2.360000E+04 4.6929E+01
  2.365000E+04 4.6573E+01
  2.370000E+04 4.6201E+01
  2.375000E+04 4.5832E+01
  2.380000E+04 4.5437E+01
  2.385000E+04 4.5046E+01
  2.390000E+04 4.4701E+01
  2.395000E+04 4.4360E+01
  2.400000E+04 4.4008E+01
  2.405000E+04 4.3661E+01
  2.410000E+04 4.3293E+01
  2.415000E+04 4.2930E+01
  2.420000E+04 4.2595E+01
  2.425000E+04 4.2264E+01
  2.430000E+04 4.1940E+01
  2.435000E+04 4.1619E+01
  2.440000E+04 4.1273E+01
  2.445000E+04 4.0931E+01
  2.450000E+04 4.0623E+01
  2.455000E+04 4.0318E+01
  2.460000E+04 3.9998E+01
  2.465000E+04 3.9681E+01
  2.470000E+04 3.9362E+01
  2.475000E+04 3.9045E+01
  2.480000E+04 3.8770E+01
  2.485000E+04 3.8497E+01
  2.490000E+04 3.8143E+01
  2.495000E+04 3.7793E+01
  2.500000E+04 3.7624E+01
  2.505000E+04 3.7457E+01
  2.510000E+04 3.7131E+01
  2.515000E+04 3.6809E+01
  2.520000E+04 3.6420E+01
  2.525000E+04 3.6037E+01
  2.530000E+04 3.5860E+01
  2.535000E+04 3.5685E+01
  2.540000E+04 3.5449E+01
  2.545000E+04 3.5216E+01
  2.550000E+04 3.4905E+01
  2.555000E+04 3.4597E+01
  2.560000E+04 3.4214E+01
  2.565000E+04 3.3836E+01
  2.570000E+04 3.3729E+01
  2.575000E+04 3.3622E+01
  2.580000E+04 3.3402E+01
  2.585000E+04 3.3184E+01
  2.590000E+04 3.2939E+01
  2.595000E+04 3.2697E+01
  2.600000E+04 3.2372E+01
  2.605000E+04 3.2050E+01
  2.610000E+04 3.1644E+01
  2.615000E+04 3.1244E+01
  2.620000E+04 3.0539E+01
  2.625000E+04 2.9851E+01
  2.630000E+04 3.0251E+01
  2.635000E+04 3.0657E+01
  2.640000E+04 3.0518E+01
  2.645000E+04 3.0380E+01
  2.650000E+04 3.0157E+01
  2.655000E+04 2.9935E+01
  2.660000E+04 2.9668E+01
  2.665000E+04 2.9404E+01
  2.670000E+04 2.8996E+01
  2.675000E+04 2.8595E+01
  2.680000E+04 2.8585E+01
  2.685000E+04 2.8576E+01
  2.690000E+04 2.8426E+01
  2.695000E+04 2.8277E+01
  2.700000E+04 2.8077E+01
  2.705000E+04 2.7879E+01
  2.710000E+04 2.7681E+01
  2.715000E+04 2.7485E+01
  2.720000E+04 2.7286E+01
  2.725000E+04 2.7090E+01
  2.730000E+04 2.6893E+01
  2.735000E+04 2.6698E+01
  2.740000E+04 2.6482E+01
  2.745000E+04 2.6269E+01
  2.750000E+04 2.5853E+01
  2.755000E+04 2.5445E+01
  2.760000E+04 2.5392E+01
  2.765000E+04 2.5339E+01
  2.770000E+04 2.5274E+01
  2.775000E+04 2.5210E+01
  2.780000E+04 2.5047E+01
  2.785000E+04 2.4884E+01
  2.790000E+04 2.4711E+01
  2.795000E+04 2.4539E+01
  2.800000E+04 2.4368E+01
  2.805000E+04 2.4198E+01
  2.810000E+04 2.4029E+01
  2.815000E+04 2.3862E+01
  2.820000E+04 2.3697E+01
  2.825000E+04 2.3533E+01
  2.830000E+04 2.3370E+01
  2.835000E+04 2.3208E+01
  2.840000E+04 2.3044E+01
  2.845000E+04 2.2881E+01
  2.850000E+04 2.2713E+01
  2.855000E+04 2.2546E+01
  2.860000E+04 2.2311E+01
  2.865000E+04 2.2078E+01
  2.870000E+04 2.1724E+01
  2.875000E+04 2.1377E+01
  2.880000E+04 2.1483E+01
  2.885000E+04 2.1591E+01
  2.890000E+04 2.1475E+01
  2.895000E+04 2.1360E+01
  2.900000E+04 2.1220E+01
  2.905000E+04 2.1081E+01
  2.910000E+04 2.0937E+01
  2.915000E+04 2.0794E+01
  2.920000E+04 2.0653E+01
  2.925000E+04 2.0513E+01
  2.930000E+04 2.0377E+01
  2.935000E+04 2.0242E+01
  2.940000E+04 2.0106E+01
  2.945000E+04 1.9971E+01
  2.950000E+04 1.9839E+01
  2.955000E+04 1.9708E+01
  2.960000E+04 1.9578E+01
  2.965000E+04 1.9448E+01
  2.970000E+04 1.9319E+01
  2.975000E+04 1.9191E+01
  2.980000E+04 1.9063E+01
  2.985000E+04 1.8936E+01
  2.990000E+04 1.8811E+01
  2.995000E+04 1.8686E+01
  3.000000E+04 1.8563E+01
  3.005000E+04 1.8441E+01
  3.010000E+04 1.8318E+01
  3.015000E+04 1.8195E+01
  3.020000E+04 1.8059E+01
  3.025000E+04 1.7924E+01
  3.030000E+04 1.7596E+01
  3.035000E+04 1.7276E+01
  3.040000E+04 1.7247E+01
  3.045000E+04 1.7218E+01
  3.050000E+04 1.7233E+01
  3.055000E+04 1.7249E+01
  3.060000E+04 1.7149E+01
  3.065000E+04 1.7049E+01
  3.070000E+04 1.6942E+01
  3.075000E+04 1.6835E+01
  3.080000E+04 1.6725E+01
  3.085000E+04 1.6616E+01
  3.090000E+04 1.6513E+01
  3.095000E+04 1.6410E+01
  3.100000E+04 1.6306E+01
  3.105000E+04 1.6202E+01
  3.110000E+04 1.6094E+01
  3.115000E+04 1.5987E+01
  3.120000E+04 1.5888E+01
  3.125000E+04 1.5790E+01
  3.130000E+04 1.5692E+01
  3.135000E+04 1.5594E+01
  3.140000E+04 1.5494E+01
  3.145000E+04 1.5395E+01
  3.150000E+04 1.5298E+01
  3.155000E+04 1.5202E+01
  3.160000E+04 1.5108E+01
  3.165000E+04 1.5015E+01
  3.170000E+04 1.4921E+01
  3.175000E+04 1.4827E+01
  3.180000E+04 1.4735E+01
  3.185000E+04 1.4644E+01
  3.190000E+04 1.4553E+01
  3.195000E+04 1.4464E+01
  3.200000E+04 1.4374E+01
  3.210000E+04 1.4196E+01
  3.220000E+04 1.4023E+01
  3.230000E+04 1.3852E+01
  3.240000E+04 1.3683E+01
  3.250000E+04 1.3515E+01
  3.260000E+04 1.3347E+01
  3.270000E+04 1.3181E+01
  3.280000E+04 1.2871E+01
  3.290000E+04 1.2569E+01
  3.300000E+04 1.2536E+01
  3.310000E+04 1.2503E+01
  3.320000E+04 1.2390E+01
  3.330000E+04 1.2279E+01
  3.340000E+04 1.2136E+01
  3.350000E+04 1.1994E+01
  3.360000E+04 1.1852E+01
  3.370000E+04 1.1712E+01
  3.380000E+04 1.1573E+01
  3.390000E+04 1.1437E+01
  3.400000E+04 1.1302E+01
  3.410000E+04 1.1169E+01
  3.420000E+04 1.1041E+01
  3.430000E+04 1.0915E+01
  3.440000E+04 1.0789E+01
  3.450000E+04 1.0665E+01
  3.460000E+04 1.0541E+01
  3.470000E+04 1.0419E+01
  3.480000E+04 1.0301E+01
  3.490000E+04 1.0184E+01
  3.500000E+04 1.0068E+01
  3.510000E+04 9.9532E+00
  3.520000E+04 9.8410E+00
  3.530000E+04 9.7303E+00
  3.540000E+04 9.6214E+00
  3.550000E+04 9.5140E+00
  3.560000E+04 9.4069E+00
  3.570000E+04 9.3014E+00
  3.580000E+04 9.1990E+00
  3.590000E+04 9.0980E+00
  3.600000E+04 8.9960E+00
  3.610000E+04 8.8955E+00
  3.620000E+04 8.8004E+00
  3.630000E+04 8.7067E+00
  3.640000E+04 8.6086E+00
  3.650000E+04 8.5118E+00
  3.660000E+04 8.4239E+00
  3.670000E+04 8.3372E+00
  3.680000E+04 8.2384E+00
  3.690000E+04 8.1412E+00
  3.700000E+04 8.0569E+00
  3.710000E+04 7.9737E+00
  3.720000E+04 7.8432E+00
  3.730000E+04 7.7151E+00
  3.740000E+04 7.6060E+00
  3.750000E+04 7.4986E+00
  3.760000E+04 7.4934E+00
  3.770000E+04 7.4882E+00
  3.780000E+04 7.4125E+00
  3.790000E+04 7.3377E+00
  3.800000E+04 7.2508E+00
  3.810000E+04 7.1652E+00
  3.820000E+04 7.0926E+00
  3.830000E+04 7.0209E+00
  3.840000E+04 6.9575E+00
  3.850000E+04 6.8949E+00
  3.860000E+04 6.8236E+00
  3.870000E+04 6.7533E+00
  3.880000E+04 6.6795E+00
  3.890000E+04 6.6067E+00
  3.900000E+04 6.5248E+00
  3.910000E+04 6.4440E+00
  3.920000E+04 6.3961E+00
  3.930000E+04 6.3486E+00
  3.940000E+04 6.2864E+00
  3.950000E+04 6.2249E+00
  3.960000E+04 6.1630E+00
  3.970000E+04 6.1019E+00
  3.980000E+04 6.0393E+00
  3.990000E+04 5.9775E+00
  4.000000E+04 5.9045E+00
  4.010000E+04 5.8326E+00
  4.020000E+04 5.7675E+00
  4.030000E+04 5.7033E+00
  4.040000E+04 5.5967E+00
  4.050000E+04 5.4924E+00
  4.060000E+04 5.5057E+00
  4.070000E+04 5.5190E+00
  4.080000E+04 5.4687E+00
  4.090000E+04 5.4190E+00
  4.100000E+04 5.3669E+00
  4.110000E+04 5.3153E+00
  4.120000E+04 5.2630E+00
  4.130000E+04 5.2113E+00
  4.140000E+04 5.1588E+00
  4.150000E+04 5.1070E+00
  4.160000E+04 5.0329E+00
  4.170000E+04 4.9600E+00
  4.180000E+04 4.9364E+00
  4.190000E+04 4.9130E+00
  4.200000E+04 4.8702E+00
  4.210000E+04 4.8279E+00
  4.220000E+04 4.7837E+00
  4.230000E+04 4.7400E+00
  4.240000E+04 4.6950E+00
  4.250000E+04 4.6506E+00
  4.260000E+04 4.6079E+00
  4.270000E+04 4.5658E+00
  4.280000E+04 4.5187E+00
  4.290000E+04 4.4723E+00
  4.300000E+04 4.4291E+00
  4.310000E+04 4.3867E+00
  4.320000E+04 4.3478E+00
  4.330000E+04 4.3094E+00
  4.340000E+04 4.2647E+00
  4.350000E+04 4.2207E+00
  4.360000E+04 4.1559E+00
  4.370000E+04 4.0923E+00
  4.380000E+04 4.0713E+00
  4.390000E+04 4.0505E+00
  4.400000E+04 4.0226E+00
  4.410000E+04 3.9951E+00
  4.420000E+04 3.9582E+00
  4.430000E+04 3.9219E+00
  4.440000E+04 3.8871E+00
  4.450000E+04 3.8526E+00
  4.460000E+04 3.8203E+00
  4.470000E+04 3.7885E+00
  4.480000E+04 3.7543E+00
  4.490000E+04 3.7205E+00
  4.500000E+04 3.6881E+00
  4.510000E+04 3.6561E+00
  4.520000E+04 3.6247E+00
  4.530000E+04 3.5938E+00
  4.540000E+04 3.5621E+00
  4.550000E+04 3.5308E+00
  4.560000E+04 3.4998E+00
  4.570000E+04 3.4692E+00
  4.580000E+04 3.4378E+00
  4.590000E+04 3.4068E+00
  4.600000E+04 3.3778E+00
  4.610000E+04 3.3491E+00
  4.620000E+04 3.3188E+00
  4.630000E+04 3.2889E+00
  4.640000E+04 3.2116E+00
  4.650000E+04 3.1364E+00
  4.660000E+04 3.1267E+00
  4.670000E+04 3.1171E+00
  4.680000E+04 3.1168E+00
  4.690000E+04 3.1165E+00
  4.700000E+04 3.0968E+00
  4.710000E+04 3.0773E+00
  4.720000E+04 3.0525E+00
  4.730000E+04 3.0280E+00
  4.740000E+04 3.0010E+00
  4.750000E+04 2.9744E+00
  4.760000E+04 2.9508E+00
  4.770000E+04 2.9276E+00
  4.780000E+04 2.9034E+00
  4.790000E+04 2.8795E+00
  4.800000E+04 2.8545E+00
  4.810000E+04 2.8298E+00
  4.820000E+04 2.8085E+00
  4.830000E+04 2.7875E+00
  4.840000E+04 2.7631E+00
  4.850000E+04 2.7389E+00
  4.860000E+04 2.7165E+00
  4.870000E+04 2.6944E+00
  4.880000E+04 2.6722E+00
  4.890000E+04 2.6501E+00
  4.900000E+04 2.6283E+00
  4.910000E+04 2.6067E+00
  4.920000E+04 2.5866E+00
  4.930000E+04 2.5668E+00
  4.940000E+04 2.5457E+00
  4.950000E+04 2.5249E+00
  4.960000E+04 2.5056E+00
  4.970000E+04 2.4865E+00
  4.980000E+04 2.4656E+00
  4.990000E+04 2.4449E+00
  5.000000E+04 2.4253E+00
  5.010000E+04 2.4060E+00
  5.020000E+04 2.3871E+00
  5.030000E+04 2.3684E+00
  5.040000E+04 2.3494E+00
  5.050000E+04 2.3306E+00
  5.060000E+04 2.3124E+00
  5.070000E+04 2.2943E+00
  5.080000E+04 2.2761E+00
  5.090000E+04 2.2581E+00
  5.100000E+04 2.2367E+00
  5.110000E+04 2.2156E+00
  5.120000E+04 2.1759E+00
  5.130000E+04 2.1370E+00
  5.140000E+04 2.1436E+00
  5.150000E+04 2.1503E+00
  5.160000E+04 2.1362E+00
  5.170000E+04 2.1221E+00
  5.180000E+04 2.1057E+00
  5.190000E+04 2.0895E+00
  5.200000E+04 2.0736E+00
  5.210000E+04 2.0578E+00
  5.220000E+04 2.0423E+00
  5.230000E+04 2.0269E+00
  5.240000E+04 2.0119E+00
  5.250000E+04 1.9971E+00
  5.260000E+04 1.9821E+00
  5.270000E+04 1.9673E+00
  5.280000E+04 1.9524E+00
  5.290000E+04 1.9376E+00
  5.300000E+04 1.9233E+00
  5.310000E+04 1.9091E+00
  5.320000E+04 1.8949E+00
  5.330000E+04 1.8810E+00
  5.340000E+04 1.8671E+00
  5.350000E+04 1.8534E+00
  5.360000E+04 1.8398E+00
  5.370000E+04 1.8264E+00
  5.380000E+04 1.8130E+00
  5.390000E+04 1.7998E+00
  5.400000E+04 1.7866E+00
  5.410000E+04 1.7735E+00
  5.420000E+04 1.7603E+00
  5.430000E+04 1.7472E+00
  5.440000E+04 1.7345E+00
  5.450000E+04 1.7219E+00
  5.460000E+04 1.7092E+00
  5.470000E+04 1.6967E+00
  5.480000E+04 1.6843E+00
  5.490000E+04 1.6721E+00
  5.500000E+04 1.6600E+00
  5.510000E+04 1.6480E+00
  5.520000E+04 1.6363E+00
  5.530000E+04 1.6246E+00
  5.540000E+04 1.6127E+00
  5.550000E+04 1.6010E+00
  5.560000E+04 1.5897E+00
  5.570000E+04 1.5785E+00
  5.580000E+04 1.5671E+00
  5.590000E+04 1.5558E+00
  5.600000E+04 1.5448E+00
  5.610000E+04 1.5339E+00
  5.620000E+04 1.5230E+00
  5.630000E+04 1.5122E+00
  5.640000E+04 1.5017E+00
  5.650000E+04 1.4912E+00
  5.660000E+04 1.4807E+00
  5.670000E+04 1.4703E+00
  5.680000E+04 1.4599E+00
  5.690000E+04 1.4496E+00
  5.700000E+04 1.4396E+00
  5.710000E+04 1.4296E+00
  5.720000E+04 1.4197E+00
  5.730000E+04 1.4098E+00
  5.740000E+04 1.4000E+00
  5.750000E+04 1.3903E+00
  5.760000E+04 1.3807E+00
  5.770000E+04 1.3711E+00
  5.780000E+04 1.3617E+00
  5.790000E+04 1.3524E+00
  5.800000E+04 1.3431E+00
  5.810000E+04 1.3339E+00
  5.820000E+04 1.3247E+00
  5.830000E+04 1.3157E+00
  5.840000E+04 1.3071E+00
  5.850000E+04 1.2985E+00
  5.860000E+04 1.2894E+00
  5.870000E+04 1.2805E+00
  5.880000E+04 1.2691E+00
  5.890000E+04 1.2579E+00
  5.900000E+04 1.2339E+00
  5.910000E+04 1.2104E+00
  5.920000E+04 1.2185E+00
  5.930000E+04 1.2266E+00
  5.940000E+04 1.2199E+00
  5.950000E+04 1.2132E+00
  5.960000E+04 1.2052E+00
  5.970000E+04 1.1974E+00
  5.980000E+04 1.1894E+00
  5.990000E+04 1.1814E+00
  6.000000E+04 1.1736E+00
  6.010000E+04 1.1658E+00
  6.020000E+04 1.1581E+00
  6.030000E+04 1.1505E+00
  6.040000E+04 1.1429E+00
  6.050000E+04 1.1354E+00
  6.060000E+04 1.1279E+00
  6.070000E+04 1.1204E+00
  6.080000E+04 1.1131E+00
  6.090000E+04 1.1058E+00
  6.100000E+04 1.0985E+00
  6.110000E+04 1.0913E+00
  6.120000E+04 1.0843E+00
  6.130000E+04 1.0773E+00
  6.140000E+04 1.0703E+00
  6.150000E+04 1.0634E+00
  6.160000E+04 1.0565E+00
  6.170000E+04 1.0496E+00
  6.180000E+04 1.0429E+00
  6.190000E+04 1.0362E+00
  6.200000E+04 1.0295E+00
  6.210000E+04 1.0229E+00
  6.220000E+04 1.0163E+00
  6.230000E+04 1.0097E+00
  6.240000E+04 1.0033E+00
  6.250000E+04 9.9690E-01
  6.260000E+04 9.9056E-01
  6.270000E+04 9.8427E-01
  6.280000E+04 9.7805E-01
  6.290000E+04 9.7188E-01
  6.300000E+04 9.6568E-01
  6.310000E+04 9.5954E-01
  6.320000E+04 9.5354E-01
  6.330000E+04 9.4758E-01
  6.340000E+04 9.4158E-01
  6.350000E+04 9.3563E-01
  6.360000E+04 9.2980E-01
  6.370000E+04 9.2400E-01
  6.380000E+04 9.1820E-01
  6.390000E+04 9.1244E-01
  6.400000E+04 9.0675E-01
  6.410000E+04 9.0111E-01
  6.420000E+04 8.9551E-01
  6.430000E+04 8.8996E-01
  6.440000E+04 8.8445E-01
  6.450000E+04 8.7898E-01
  6.460000E+04 8.7356E-01
  6.470000E+04 8.6816E-01
  6.480000E+04 8.6280E-01
  6.490000E+04 8.5749E-01
  6.500000E+04 8.5221E-01
  6.510000E+04 8.4700E-01
  6.520000E+04 8.4182E-01
  6.530000E+04 8.3669E-01
  6.540000E+04 8.3159E-01
  6.550000E+04 8.2652E-01
  6.560000E+04 8.2149E-01
  6.570000E+04 8.1650E-01
  6.580000E+04 8.1155E-01
  6.590000E+04 8.0663E-01
  6.600000E+04 8.0174E-01
  6.610000E+04 7.9689E-01
  6.620000E+04 7.9207E-01
  6.630000E+04 7.8730E-01
  6.640000E+04 7.8257E-01
  6.650000E+04 7.7787E-01
  6.660000E+04 7.7321E-01
  6.670000E+04 7.6859E-01
  6.680000E+04 7.6399E-01
  6.690000E+04 7.5944E-01
  6.700000E+04 7.5491E-01
  6.710000E+04 7.5042E-01
  6.720000E+04 7.4596E-01
  6.730000E+04 7.4153E-01
  6.740000E+04 7.3713E-01
  6.750000E+04 7.3277E-01
  6.760000E+04 7.2845E-01
  6.770000E+04 7.2416E-01
  6.780000E+04 7.1990E-01
  6.790000E+04 7.1566E-01
  6.800000E+04 7.1146E-01
  6.810000E+04 7.0729E-01
  6.820000E+04 7.0315E-01
  6.830000E+04 6.9904E-01
  6.840000E+04 6.9496E-01
  6.850000E+04 6.9090E-01
  6.860000E+04 6.8688E-01
  6.870000E+04 6.8288E-01
  6.880000E+04 6.7891E-01
  6.890000E+04 6.7496E-01
  6.900000E+04 6.7104E-01
  6.910000E+04 6.6717E-01
  6.920000E+04 6.6332E-01
  6.930000E+04 6.5950E-01
  6.940000E+04 6.5571E-01
  6.950000E+04 6.5194E-01
  6.960000E+04 6.4820E-01
  6.970000E+04 6.4449E-01
  6.980000E+04 6.4080E-01
  6.990000E+04 6.3713E-01
  7.000000E+04 6.3349E-01
  7.010000E+04 6.2988E-01
  7.020000E+04 6.2629E-01
  7.030000E+04 6.2272E-01
  7.040000E+04 6.1919E-01
  7.050000E+04 6.1567E-01
  7.060000E+04 6.1219E-01
  7.070000E+04 6.0873E-01
  7.080000E+04 6.0530E-01
  7.090000E+04 6.0189E-01
  7.100000E+04 5.9851E-01
  7.110000E+04 5.9515E-01
  7.120000E+04 5.9181E-01
  7.130000E+04 5.8850E-01
  7.140000E+04 5.8520E-01
  7.150000E+04 5.8193E-01
  7.160000E+04 5.7867E-01
  7.170000E+04 5.7545E-01
  7.180000E+04 5.7224E-01
  7.190000E+04 5.6905E-01
  7.200000E+04 5.6589E-01
  7.210000E+04 5.6275E-01
  7.220000E+04 5.5963E-01
  7.230000E+04 5.5654E-01
  7.240000E+04 5.5348E-01
  7.250000E+04 5.5043E-01
  7.260000E+04 5.4741E-01
  7.270000E+04 5.4440E-01
  7.280000E+04 5.4141E-01
  7.290000E+04 5.3845E-01
  7.300000E+04 5.3551E-01
  7.310000E+04 5.3258E-01
  7.320000E+04 5.2966E-01
  7.330000E+04 5.2677E-01
  7.340000E+04 5.2390E-01
  7.350000E+04 5.2105E-01
  7.360000E+04 5.1822E-01
  7.370000E+04 5.1541E-01
  7.380000E+04 5.1262E-01
  7.390000E+04 5.0968E-01
  7.400000E+04 5.0676E-01
  7.410000E+04 5.0386E-01
  7.420000E+04 5.0098E-01
  7.430000E+04 4.9586E-01
  7.440000E+04 4.9080E-01
  7.450000E+04 4.8580E-01
  7.460000E+04 4.8086E-01
  7.470000E+04 4.7817E-01
  7.480000E+04 4.7550E-01
  7.490000E+04 4.7284E-01
  7.500000E+04 4.7021E-01
  7.510000E+04 4.7013E-01
  7.520000E+04 4.7005E-01
  7.530000E+04 4.6998E-01
  7.540000E+04 4.6991E-01
  7.550000E+04 4.6754E-01
  7.560000E+04 4.6519E-01
  7.570000E+04 4.6286E-01
  7.580000E+04 4.6054E-01
  7.590000E+04 4.5811E-01
  7.600000E+04 4.5570E-01
  7.610000E+04 4.5331E-01
  7.620000E+04 4.5093E-01
  7.630000E+04 4.4858E-01
  7.640000E+04 4.4623E-01
  7.650000E+04 4.4391E-01
  7.660000E+04 4.4160E-01
  7.670000E+04 4.3929E-01
  7.680000E+04 4.3700E-01
  7.690000E+04 4.3472E-01
  7.700000E+04 4.3246E-01
  7.710000E+04 4.3022E-01
  7.720000E+04 4.2799E-01
  7.730000E+04 4.2578E-01
  7.740000E+04 4.2358E-01
  7.750000E+04 4.2140E-01
  7.760000E+04 4.1923E-01
  7.770000E+04 4.1708E-01
  7.780000E+04 4.1494E-01
  7.790000E+04 4.1280E-01
  7.800000E+04 4.1068E-01
  7.810000E+04 4.0857E-01
  7.820000E+04 4.0647E-01
  7.830000E+04 4.0439E-01
  7.840000E+04 4.0233E-01
  7.850000E+04 4.0028E-01
  7.860000E+04 3.9825E-01
  7.870000E+04 3.9623E-01
  7.880000E+04 3.9422E-01
  7.890000E+04 3.9222E-01
  7.900000E+04 3.9024E-01
  7.910000E+04 3.8826E-01
  7.920000E+04 3.8630E-01
  7.930000E+04 3.8435E-01
  7.940000E+04 3.8241E-01
  7.950000E+04 3.8049E-01
  7.960000E+04 3.7858E-01
  7.970000E+04 3.7668E-01
  7.980000E+04 3.7479E-01
  7.990000E+04 3.7291E-01
  8.000000E+04 3.7104E-01
  8.010000E+04 3.6919E-01
  8.020000E+04 3.6734E-01
  8.030000E+04 3.6551E-01
  8.040000E+04 3.6370E-01
  8.050000E+04 3.6190E-01
  8.060000E+04 3.6011E-01
  8.070000E+04 3.5832E-01
  8.080000E+04 3.5654E-01
  8.090000E+04 3.5478E-01
  8.100000E+04 3.5303E-01
  8.110000E+04 3.5128E-01
  8.120000E+04 3.4955E-01
  8.130000E+04 3.4783E-01
  8.140000E+04 3.4611E-01
  8.150000E+04 3.4441E-01
  8.160000E+04 3.4272E-01
  8.170000E+04 3.4104E-01
  8.180000E+04 3.3937E-01
  8.190000E+04 3.3772E-01
  8.200000E+04 3.3607E-01
  8.210000E+04 3.3443E-01
  8.220000E+04 3.3281E-01
  8.230000E+04 3.3119E-01
  8.240000E+04 3.2958E-01
  8.250000E+04 3.2797E-01
  8.260000E+04 3.2638E-01
  8.270000E+04 3.2480E-01
  8.280000E+04 3.2324E-01
  8.290000E+04 3.2168E-01
  8.300000E+04 3.2013E-01
  8.310000E+04 3.1859E-01
  8.320000E+04 3.1707E-01
  8.330000E+04 3.1554E-01
  8.340000E+04 3.1403E-01
  8.350000E+04 3.1252E-01
  8.360000E+04 3.1103E-01
  8.370000E+04 3.0954E-01
  8.380000E+04 3.0806E-01
  8.390000E+04 3.0659E-01
  8.400000E+04 3.0513E-01
  8.410000E+04 3.0368E-01
  8.420000E+04 3.0223E-01
  8.430000E+04 3.0080E-01
  8.440000E+04 2.9938E-01
  8.450000E+04 2.9797E-01
  8.460000E+04 2.9656E-01
  8.470000E+04 2.9516E-01
  8.480000E+04 2.9376E-01
  8.490000E+04 2.9238E-01
  8.500000E+04 2.9100E-01
  8.510000E+04 2.8963E-01
  8.520000E+04 2.8827E-01
  8.530000E+04 2.8692E-01
  8.540000E+04 2.8558E-01
  8.550000E+04 2.8424E-01
  8.560000E+04 2.8290E-01
  8.570000E+04 2.8157E-01
  8.580000E+04 2.8025E-01
  8.590000E+04 2.7894E-01
  8.600000E+04 2.7765E-01
  8.610000E+04 2.7636E-01
  8.620000E+04 2.7507E-01
  8.630000E+04 2.7380E-01
  8.640000E+04 2.7252E-01
  8.650000E+04 2.7126E-01
  8.660000E+04 2.7000E-01
  8.670000E+04 2.6876E-01
  8.680000E+04 2.6753E-01
  8.690000E+04 2.6630E-01
  8.700000E+04 2.6508E-01
  8.710000E+04 2.6386E-01
  8.720000E+04 2.6265E-01
  8.730000E+04 2.6145E-01
  8.740000E+04 2.6025E-01
  8.750000E+04 2.5906E-01
  8.760000E+04 2.5787E-01
  8.770000E+04 2.5669E-01
  8.780000E+04 2.5552E-01
  8.790000E+04 2.5435E-01
  8.800000E+04 2.5319E-01
  8.810000E+04 2.5204E-01
  8.820000E+04 2.5089E-01
  8.830000E+04 2.4975E-01
  8.840000E+04 2.4862E-01
  8.850000E+04 2.4750E-01
  8.860000E+04 2.4638E-01
  8.870000E+04 2.4527E-01
  8.880000E+04 2.4417E-01
  8.890000E+04 2.4307E-01
  8.900000E+04 2.4198E-01
  8.910000E+04 2.4089E-01
  8.920000E+04 2.3981E-01
  8.930000E+04 2.3873E-01
  8.940000E+04 2.3766E-01
  8.950000E+04 2.3660E-01
  8.960000E+04 2.3554E-01
  8.970000E+04 2.3449E-01
  8.980000E+04 2.3344E-01
  8.990000E+04 2.3240E-01
  9.000000E+04 2.3137E-01
  9.010000E+04 2.3034E-01
  9.020000E+04 2.2931E-01
  9.030000E+04 2.2830E-01
  9.040000E+04 2.2729E-01
  9.050000E+04 2.2628E-01
  9.060000E+04 2.2528E-01
  9.070000E+04 2.2429E-01
  9.080000E+04 2.2330E-01
  9.090000E+04 2.2231E-01
  9.100000E+04 2.2134E-01
  9.110000E+04 2.2036E-01
  9.120000E+04 2.1940E-01
  9.130000E+04 2.1843E-01
  9.140000E+04 2.1748E-01
  9.150000E+04 2.1652E-01
  9.160000E+04 2.1558E-01
  9.170000E+04 2.1464E-01
  9.180000E+04 2.1370E-01
  9.190000E+04 2.1277E-01
  9.200000E+04 2.1184E-01
  9.210000E+04 2.1092E-01
  9.220000E+04 2.1000E-01
  9.230000E+04 2.0909E-01
  9.240000E+04 2.0819E-01
  9.250000E+04 2.0729E-01
  9.260000E+04 2.0639E-01
  9.270000E+04 2.0550E-01
  9.280000E+04 2.0462E-01
  9.290000E+04 2.0374E-01
  9.300000E+04 2.0286E-01
  9.310000E+04 2.0199E-01
  9.320000E+04 2.0112E-01
  9.330000E+04 2.0025E-01
  9.340000E+04 1.9939E-01
  9.350000E+04 1.9853E-01
  9.360000E+04 1.9768E-01
  9.370000E+04 1.9683E-01
  9.380000E+04 1.9599E-01
  9.390000E+04 1.9515E-01
  9.400000E+04 1.9432E-01
  9.410000E+04 1.9350E-01
  9.420000E+04 1.9268E-01
  9.430000E+04 1.9186E-01
  9.440000E+04 1.9104E-01
  9.450000E+04 1.9023E-01
  9.460000E+04 1.8942E-01
  9.470000E+04 1.8862E-01
  9.480000E+04 1.8783E-01
  9.490000E+04 1.8704E-01
  9.500000E+04 1.8625E-01
  9.510000E+04 1.8546E-01
  9.520000E+04 1.8468E-01
  9.530000E+04 1.8390E-01
  9.540000E+04 1.8312E-01
  9.550000E+04 1.8236E-01
  9.560000E+04 1.8160E-01
  9.570000E+04 1.8084E-01
  9.580000E+04 1.8009E-01
  9.590000E+04 1.7934E-01
  9.600000E+04 1.7859E-01
  9.610000E+04 1.7784E-01
  9.620000E+04 1.7709E-01
  9.630000E+04 1.7636E-01
  9.640000E+04 1.7563E-01
  9.650000E+04 1.7490E-01
  9.660000E+04 1.7417E-01
  9.670000E+04 1.7345E-01
  9.680000E+04 1.7273E-01
  9.690000E+04 1.7202E-01
  9.700000E+04 1.7131E-01
  9.710000E+04 1.7060E-01
  9.720000E+04 1.6989E-01
  9.730000E+04 1.6919E-01
  9.740000E+04 1.6850E-01
  9.750000E+04 1.6780E-01
  9.760000E+04 1.6712E-01
  9.770000E+04 1.6643E-01
  9.780000E+04 1.6575E-01
  9.790000E+04 1.6507E-01
  9.800000E+04 1.6440E-01
  9.810000E+04 1.6373E-01
  9.820000E+04 1.6306E-01
  9.830000E+04 1.6239E-01
  9.840000E+04 1.6173E-01
  9.850000E+04 1.6107E-01
  9.860000E+04 1.6041E-01
  9.870000E+04 1.5976E-01
  9.880000E+04 1.5911E-01
  9.890000E+04 1.5846E-01
  9.900000E+04 1.5782E-01
  9.910000E+04 1.5718E-01
  9.920000E+04 1.5655E-01
  9.930000E+04 1.5592E-01
  9.940000E+04 1.5529E-01
  9.950000E+04 1.5466E-01
  9.960000E+04 1.5404E-01
  9.970000E+04 1.5343E-01
  9.980000E+04 1.5281E-01
  9.990000E+04 1.5220E-01
  1.000000E+05 1.5159E-01
  1.002000E+05 1.5038E-01
  1.050000E+05 1.2457E-01
  1.100000E+05 1.0330E-01
  1.130000E+05 9.2703E-02
  1.160000E+05 8.3427E-02
  1.200000E+05 7.2788E-02
  1.250000E+05 6.1763E-02
  1.300000E+05 5.2746E-02
  1.350000E+05 4.5315E-02
  1.400000E+05 3.9146E-02
  1.450000E+05 3.3991E-02
  1.500000E+05 2.9657E-02
  1.600000E+05 2.2875E-02
  1.700000E+05 1.7923E-02
  1.800000E+05 1.4241E-02
  1.900000E+05 1.1457E-02
  2.000000E+05 9.3205E-03
  2.200000E+05 6.3450E-03
  2.300000E+05 5.3032E-03
  2.400000E+05 4.4665E-03
  2.500000E+05 3.7882E-03
  2.600000E+05 3.2338E-03
  2.700000E+05 2.7770E-03
  2.800000E+05 2.3980E-03
  3.000000E+05 1.8154E-03
  3.500000E+05 9.7466E-04
  4.000000E+05 5.6870E-04
  4.500000E+05 3.5339E-04
  5.000000E+05 2.3090E-04
  5.500000E+05 1.5712E-04
  6.000000E+05 1.1056E-04
  6.500000E+05 7.9999E-05
  7.000000E+05 5.9293E-05
  7.500000E+05 4.4864E-05
  8.000000E+05 3.4563E-05
  8.500000E+05 2.7051E-05
  9.000000E+05 2.1470E-05
  9.500000E+05 1.7254E-05
  1.000000E+06 1.4023E-05
  1.050000E+06 1.1513E-05
  1.100000E+06 9.5386E-06
  1.200000E+06 6.7096E-06
  1.300000E+06 4.8540E-06
  1.400000E+06 3.5969E-06
  1.500000E+06 2.7210E-06
  1.600000E+06 2.0957E-06
  2.000000E+06 8.6362E-07
  2.500000E+06 3.5374E-07
  3.000000E+06 1.7059E-07
  4.000000E+06 5.3976E-08
  5.000000E+06 2.2109E-08
  7.000000E+06 5.7550E-09
  1.000000E+07 1.3818E-09
  1.500000E+07 2.7295E-10
  2.250000E+07 5.3915E-11
  3.350000E+07 1.0971E-11
  5.000000E+07 2.2109E-12
  7.400000E+07 4.6080E-13
  1.100000E+08 9.4378E-14
  1.300000E+08 4.8380E-14
  1.600000E+08 2.1084E-14
  2.400000E+08 4.1648E-15
  3.600000E+08 8.2268E-16
