#  wavelength_um     transmission
#
      1.1480e+00    4.400000e-03
      1.1485e+00    4.600000e-03
      1.1490e+00    4.400000e-03
      1.1495e+00    4.900000e-03
      1.1500e+00    4.600000e-03
      1.1505e+00    6.200000e-03
      1.1510e+00    6.200000e-03
      1.1515e+00    6.900000e-03
      1.1520e+00    6.400000e-03
      1.1525e+00    7.000000e-03
      1.1530e+00    8.700000e-03
      1.1535e+00    9.500000e-03
      1.1540e+00    9.100000e-03
      1.1545e+00    1.040000e-02
      1.1550e+00    1.170000e-02
      1.1555e+00    1.280000e-02
      1.1560e+00    1.380000e-02
      1.1565e+00    1.490000e-02
      1.1570e+00    1.720000e-02
      1.1575e+00    1.820000e-02
      1.1580e+00    1.870000e-02
      1.1585e+00    2.160000e-02
      1.1590e+00    2.110000e-02
      1.1595e+00    2.550000e-02
      1.1600e+00    2.770000e-02
      1.1605e+00    2.830000e-02
      1.1610e+00    3.320000e-02
      1.1615e+00    3.520000e-02
      1.1620e+00    3.920000e-02
      1.1625e+00    4.100000e-02
      1.1630e+00    4.660000e-02
      1.1635e+00    4.960000e-02
      1.1640e+00    5.350000e-02
      1.1645e+00    5.860000e-02
      1.1650e+00    6.170000e-02
      1.1655e+00    6.700000e-02
      1.1660e+00    7.080000e-02
      1.1665e+00    7.750000e-02
      1.1670e+00    8.240000e-02
      1.1675e+00    8.930000e-02
      1.1680e+00    9.470000e-02
      1.1685e+00    9.890000e-02
      1.1690e+00    1.063000e-01
      1.1695e+00    1.103000e-01
      1.1700e+00    1.175000e-01
      1.1705e+00    1.212000e-01
      1.1710e+00    1.261000e-01
      1.1715e+00    1.332000e-01
      1.1720e+00    1.368000e-01
      1.1725e+00    1.399000e-01
      1.1730e+00    1.445000e-01
      1.1735e+00    1.485000e-01
      1.1740e+00    1.445000e-01
      1.1745e+00    1.552000e-01
      1.1750e+00    1.591000e-01
      1.1755e+00    1.572000e-01
      1.1760e+00    1.640000e-01
      1.1765e+00    1.656000e-01
      1.1770e+00    1.673000e-01
      1.1775e+00    1.613000e-01
      1.1780e+00    1.672000e-01
      1.1785e+00    1.671000e-01
      1.1790e+00    1.718000e-01
      1.1795e+00    1.660000e-01
      1.1800e+00    1.716000e-01
      1.1805e+00    1.734000e-01
      1.1810e+00    1.729000e-01
      1.1815e+00    1.713000e-01
      1.1820e+00    1.607000e-01
      1.1825e+00    1.729000e-01
      1.1830e+00    1.748000e-01
      1.1835e+00    1.751000e-01
      1.1840e+00    1.747000e-01
      1.1845e+00    1.708000e-01
      1.1850e+00    1.688000e-01
      1.1855e+00    1.762000e-01
      1.1860e+00    1.758000e-01
      1.1865e+00    1.751000e-01
      1.1870e+00    1.755000e-01
      1.1875e+00    1.719000e-01
      1.1880e+00    1.724000e-01
      1.1885e+00    1.718000e-01
      1.1890e+00    1.764000e-01
      1.1895e+00    1.772000e-01
      1.1900e+00    1.777000e-01
      1.1905e+00    1.769000e-01
      1.1910e+00    1.761000e-01
      1.1915e+00    1.783000e-01
      1.1920e+00    1.768000e-01
      1.1925e+00    1.784000e-01
      1.1930e+00    1.785000e-01
      1.1935e+00    1.724000e-01
      1.1940e+00    1.786000e-01
      1.1945e+00    1.772000e-01
      1.1950e+00    1.767000e-01
      1.1955e+00    1.764000e-01
      1.1960e+00    1.777000e-01
      1.1965e+00    1.768000e-01
      1.1970e+00    1.777000e-01
      1.1975e+00    1.737000e-01
      1.1980e+00    1.779000e-01
      1.1985e+00    1.759000e-01
      1.1990e+00    1.727000e-01
      1.1995e+00    1.768000e-01
      1.2000e+00    1.764000e-01
      1.2005e+00    1.763000e-01
      1.2010e+00    1.755000e-01
      1.2015e+00    1.758000e-01
      1.2020e+00    1.736000e-01
      1.2025e+00    1.768000e-01
      1.2030e+00    1.767000e-01
      1.2035e+00    1.729000e-01
      1.2040e+00    1.683000e-01
      1.2045e+00    1.755000e-01
      1.2050e+00    1.707000e-01
      1.2055e+00    1.777000e-01
      1.2060e+00    1.781000e-01
      1.2065e+00    1.757000e-01
      1.2070e+00    1.765000e-01
      1.2075e+00    1.765000e-01
      1.2080e+00    1.774000e-01
      1.2085e+00    1.791000e-01
      1.2090e+00    1.778000e-01
      1.2095e+00    1.808000e-01
      1.2100e+00    1.787000e-01
      1.2105e+00    1.827000e-01
      1.2110e+00    1.829000e-01
      1.2115e+00    1.805000e-01
      1.2120e+00    1.837000e-01
      1.2125e+00    1.836000e-01
      1.2130e+00    1.859000e-01
      1.2135e+00    1.872000e-01
      1.2140e+00    1.859000e-01
      1.2145e+00    1.872000e-01
      1.2150e+00    1.873000e-01
      1.2155e+00    1.882000e-01
      1.2160e+00    1.908000e-01
      1.2165e+00    1.908000e-01
      1.2170e+00    1.906000e-01
      1.2175e+00    1.928000e-01
      1.2180e+00    1.916000e-01
      1.2185e+00    1.921000e-01
      1.2190e+00    1.915000e-01
      1.2195e+00    1.927000e-01
      1.2200e+00    1.939000e-01
      1.2205e+00    1.945000e-01
      1.2210e+00    1.954000e-01
      1.2215e+00    1.938000e-01
      1.2220e+00    1.946000e-01
      1.2225e+00    1.941000e-01
      1.2230e+00    1.952000e-01
      1.2235e+00    1.947000e-01
      1.2240e+00    1.953000e-01
      1.2245e+00    1.951000e-01
      1.2250e+00    1.954000e-01
      1.2255e+00    1.947000e-01
      1.2260e+00    1.949000e-01
      1.2265e+00    1.949000e-01
      1.2270e+00    1.929000e-01
      1.2275e+00    1.941000e-01
      1.2280e+00    1.940000e-01
      1.2285e+00    1.939000e-01
      1.2290e+00    1.932000e-01
      1.2295e+00    1.925000e-01
      1.2300e+00    1.926000e-01
      1.2305e+00    1.925000e-01
      1.2310e+00    1.922000e-01
      1.2315e+00    1.919000e-01
      1.2320e+00    1.916000e-01
      1.2325e+00    1.913000e-01
      1.2330e+00    1.909000e-01
      1.2335e+00    1.906000e-01
      1.2340e+00    1.909000e-01
      1.2345e+00    1.907000e-01
      1.2350e+00    1.906000e-01
      1.2355e+00    1.906000e-01
      1.2360e+00    1.907000e-01
      1.2365e+00    1.907000e-01
      1.2370e+00    1.908000e-01
      1.2375e+00    1.910000e-01
      1.2380e+00    1.912000e-01
      1.2385e+00    1.915000e-01
      1.2390e+00    1.918000e-01
      1.2395e+00    1.921000e-01
      1.2400e+00    1.925000e-01
      1.2405e+00    1.928000e-01
      1.2410e+00    1.933000e-01
      1.2415e+00    1.938000e-01
      1.2420e+00    1.943000e-01
      1.2425e+00    1.949000e-01
      1.2430e+00    1.954000e-01
      1.2435e+00    1.960000e-01
      1.2440e+00    1.966000e-01
      1.2445e+00    1.972000e-01
      1.2450e+00    1.978000e-01
      1.2455e+00    1.984000e-01
      1.2460e+00    1.990000e-01
      1.2465e+00    1.995000e-01
      1.2470e+00    2.002000e-01
      1.2475e+00    2.008000e-01
      1.2480e+00    2.010000e-01
      1.2485e+00    2.018000e-01
      1.2490e+00    2.023000e-01
      1.2495e+00    2.021000e-01
      1.2500e+00    2.032000e-01
      1.2505e+00    2.036000e-01
      1.2510e+00    2.026000e-01
      1.2515e+00    2.042000e-01
      1.2520e+00    2.045000e-01
      1.2525e+00    2.029000e-01
      1.2530e+00    2.048000e-01
      1.2535e+00    2.050000e-01
      1.2540e+00    2.035000e-01
      1.2545e+00    2.047000e-01
      1.2550e+00    2.051000e-01
      1.2555e+00    2.044000e-01
      1.2560e+00    2.027000e-01
      1.2565e+00    2.049000e-01
      1.2570e+00    2.047000e-01
      1.2575e+00    1.968000e-01
      1.2580e+00    2.043000e-01
      1.2585e+00    2.038000e-01
      1.2590e+00    1.958000e-01
      1.2595e+00    2.026000e-01
      1.2600e+00    2.018000e-01
      1.2605e+00    1.990000e-01
      1.2610e+00    1.949000e-01
      1.2615e+00    1.975000e-01
      1.2620e+00    1.961000e-01
      1.2625e+00    1.844000e-01
      1.2630e+00    1.946000e-01
      1.2635e+00    1.907000e-01
      1.2640e+00    1.889000e-01
      1.2645e+00    1.883000e-01
      1.2650e+00    1.881000e-01
      1.2655e+00    1.948000e-01
      1.2660e+00    1.765000e-01
      1.2665e+00    1.895000e-01
      1.2670e+00    1.918000e-01
      1.2675e+00    1.916000e-01
      1.2680e+00    1.989000e-01
      1.2685e+00    1.504000e-01
      1.2690e+00    1.478000e-01
      1.2695e+00    1.806000e-01
      1.2700e+00    1.927000e-01
      1.2705e+00    1.973000e-01
      1.2710e+00    1.947000e-01
      1.2715e+00    1.994000e-01
      1.2720e+00    1.942000e-01
      1.2725e+00    1.995000e-01
      1.2730e+00    1.948000e-01
      1.2735e+00    2.037000e-01
      1.2740e+00    1.962000e-01
      1.2745e+00    2.017000e-01
      1.2750e+00    1.982000e-01
      1.2755e+00    2.065000e-01
      1.2760e+00    2.008000e-01
      1.2765e+00    2.021000e-01
      1.2770e+00    2.052000e-01
      1.2775e+00    2.054000e-01
      1.2780e+00    2.091000e-01
      1.2785e+00    2.032000e-01
      1.2790e+00    2.104000e-01
      1.2795e+00    2.090000e-01
      1.2800e+00    2.108000e-01
      1.2805e+00    2.080000e-01
      1.2810e+00    2.111000e-01
      1.2815e+00    2.124000e-01
      1.2820e+00    2.123000e-01
      1.2825e+00    2.101000e-01
      1.2830e+00    2.132000e-01
      1.2835e+00    2.132000e-01
      1.2840e+00    2.134000e-01
      1.2845e+00    2.113000e-01
      1.2850e+00    2.136000e-01
      1.2855e+00    2.137000e-01
      1.2860e+00    2.136000e-01
      1.2865e+00    2.128000e-01
      1.2870e+00    2.132000e-01
      1.2875e+00    2.132000e-01
      1.2880e+00    2.129000e-01
      1.2885e+00    2.125000e-01
      1.2890e+00    2.113000e-01
      1.2895e+00    2.119000e-01
      1.2900e+00    2.115000e-01
      1.2905e+00    2.113000e-01
      1.2910e+00    2.105000e-01
      1.2915e+00    2.100000e-01
      1.2920e+00    2.092000e-01
      1.2925e+00    2.094000e-01
      1.2930e+00    2.090000e-01
      1.2935e+00    2.087000e-01
      1.2940e+00    2.078000e-01
      1.2945e+00    2.077000e-01
      1.2950e+00    2.070000e-01
      1.2955e+00    2.058000e-01
      1.2960e+00    2.059000e-01
      1.2965e+00    2.057000e-01
      1.2970e+00    2.050000e-01
      1.2975e+00    2.034000e-01
      1.2980e+00    2.043000e-01
      1.2985e+00    2.045000e-01
      1.2990e+00    2.044000e-01
      1.2995e+00    2.017000e-01
      1.3000e+00    2.032000e-01
      1.3005e+00    2.008000e-01
      1.3010e+00    2.007000e-01
      1.3015e+00    2.034000e-01
      1.3020e+00    2.034000e-01
      1.3025e+00    2.028000e-01
      1.3030e+00    2.018000e-01
      1.3035e+00    1.973000e-01
      1.3040e+00    2.001000e-01
      1.3045e+00    1.994000e-01
      1.3050e+00    2.038000e-01
      1.3055e+00    2.023000e-01
      1.3060e+00    2.043000e-01
      1.3065e+00    1.988000e-01
      1.3070e+00    2.024000e-01
      1.3075e+00    2.050000e-01
      1.3080e+00    1.978000e-01
      1.3085e+00    2.057000e-01
      1.3090e+00    2.057000e-01
      1.3095e+00    2.012000e-01
      1.3100e+00    2.012000e-01
      1.3105e+00    1.978000e-01
      1.3110e+00    2.059000e-01
      1.3115e+00    2.075000e-01
      1.3120e+00    2.060000e-01
      1.3125e+00    2.041000e-01
      1.3130e+00    2.006000e-01
      1.3135e+00    1.980000e-01
      1.3140e+00    2.023000e-01
      1.3145e+00    2.024000e-01
      1.3150e+00    2.007000e-01
      1.3155e+00    1.986000e-01
      1.3160e+00    2.024000e-01
      1.3165e+00    2.021000e-01
      1.3170e+00    1.862000e-01
      1.3175e+00    1.989000e-01
      1.3180e+00    1.956000e-01
      1.3185e+00    1.881000e-01
      1.3190e+00    1.876000e-01
      1.3195e+00    1.830000e-01
      1.3200e+00    1.716000e-01
      1.3205e+00    1.757000e-01
      1.3210e+00    1.770000e-01
      1.3215e+00    1.648000e-01
      1.3220e+00    1.687000e-01
      1.3225e+00    1.628000e-01
      1.3230e+00    1.516000e-01
      1.3235e+00    1.553000e-01
      1.3240e+00    1.440000e-01
      1.3245e+00    1.449000e-01
      1.3250e+00    1.422000e-01
      1.3255e+00    1.298000e-01
      1.3260e+00    1.305000e-01
      1.3265e+00    1.247000e-01
      1.3270e+00    1.139000e-01
      1.3275e+00    1.143000e-01
      1.3280e+00    1.075000e-01
      1.3285e+00    9.620000e-02
      1.3290e+00    9.290000e-02
      1.3295e+00    9.360000e-02
      1.3300e+00    8.680000e-02
      1.3305e+00    8.470000e-02
      1.3310e+00    7.640000e-02
      1.3315e+00    6.950000e-02
      1.3320e+00    6.580000e-02
      1.3325e+00    5.520000e-02
      1.3330e+00    6.410000e-02
      1.3335e+00    5.880000e-02
      1.3340e+00    5.220000e-02
      1.3345e+00    5.540000e-02
      1.3350e+00    4.880000e-02
      1.3355e+00    4.950000e-02
      1.3360e+00    3.700000e-02
      1.3365e+00    4.440000e-02
      1.3370e+00    3.890000e-02
      1.3375e+00    3.420000e-02
      1.3380e+00    3.280000e-02
      1.3385e+00    3.530000e-02
      1.3390e+00    3.230000e-02
      1.3395e+00    3.060000e-02
      1.3400e+00    2.820000e-02
      1.3405e+00    2.330000e-02
      1.3410e+00    2.650000e-02
      1.3415e+00    2.220000e-02
      1.3420e+00    2.380000e-02
      1.3425e+00    2.200000e-02
      1.3430e+00    2.090000e-02
      1.3435e+00    2.000000e-02
      1.3440e+00    1.440000e-02
      1.3445e+00    1.380000e-02
      1.3450e+00    1.620000e-02
      1.3455e+00    1.390000e-02
      1.3460e+00    1.360000e-02
      1.3465e+00    1.060000e-02
      1.3470e+00    1.330000e-02
      1.3475e+00    1.090000e-02
      1.3480e+00    7.000000e-03
      1.3485e+00    6.300000e-03
      1.3490e+00    8.100000e-03
      1.3495e+00    1.000000e-02
      1.3500e+00    7.500000e-03
      1.3505e+00    4.200000e-03
      1.3510e+00    7.300000e-03
      1.3515e+00    5.100000e-03
      1.3520e+00    5.500000e-03
