#  wavelength_um     transmission
#
      1.3500e+00    2.851010e-08
      1.3510e+00    6.232660e-08
      1.3520e+00    6.956870e-08
      1.3530e+00    7.677470e-08
      1.3540e+00    9.893030e-08
      1.3550e+00    1.304000e-07
      1.3560e+00    1.064760e-07
      1.3570e+00    1.101120e-07
      1.3580e+00    2.712000e-07
      1.3590e+00    1.560810e-07
      1.3600e+00    2.550940e-07
      1.3610e+00    2.521800e-07
      1.3620e+00    2.759740e-07
      1.3630e+00    2.623300e-07
      1.3640e+00    2.780530e-07
      1.3650e+00    6.377220e-07
      1.3660e+00    7.495490e-07
      1.3670e+00    8.009750e-07
      1.3680e+00    1.186180e-06
      1.3690e+00    1.003180e-06
      1.3700e+00    8.964320e-07
      1.3710e+00    1.191940e-06
      1.3720e+00    1.495880e-06
      1.3730e+00    1.439040e-06
      1.3740e+00    1.800830e-06
      1.3750e+00    2.991790e-06
      1.3760e+00    3.326190e-06
      1.3770e+00    4.734850e-06
      1.3780e+00    6.141240e-06
      1.3790e+00    6.615780e-06
      1.3800e+00    7.200940e-06
      1.3810e+00    6.850520e-06
      1.3820e+00    6.338550e-06
      1.3830e+00    3.953060e-06
      1.3840e+00    2.960440e-06
      1.3850e+00    3.827550e-06
      1.3860e+00    5.485350e-06
      1.3870e+00    1.064360e-05
      1.3880e+00    2.181730e-05
      1.3890e+00    2.665690e-05
      1.3900e+00    4.471310e-05
      1.3910e+00    4.112800e-05
      1.3920e+00    6.442000e-05
      1.3930e+00    6.539390e-05
      1.3940e+00    5.418760e-05
      1.3950e+00    4.718100e-05
      1.3960e+00    5.123940e-05
      1.3970e+00    4.342330e-05
      1.3980e+00    5.413310e-05
      1.3990e+00    7.468550e-05
      1.4000e+00    5.526340e-05
      1.4010e+00    8.939060e-05
      1.4020e+00    6.344580e-05
      1.4030e+00    5.958570e-05
      1.4040e+00    8.824780e-05
      1.4050e+00    1.055850e-04
      1.4060e+00    9.660390e-05
      1.4070e+00    8.976290e-05
      1.4080e+00    9.897540e-05
      1.4090e+00    8.190800e-05
      1.4100e+00    1.247940e-04
      1.4110e+00    1.243330e-04
      1.4120e+00    1.073670e-04
      1.4130e+00    1.027680e-04
      1.4140e+00    1.601580e-04
      1.4150e+00    1.544910e-04
      1.4160e+00    1.380610e-04
      1.4170e+00    1.315550e-04
      1.4180e+00    1.998400e-04
      1.4190e+00    2.156450e-04
      1.4200e+00    2.275960e-04
      1.4210e+00    1.986980e-04
      1.4220e+00    1.933310e-04
      1.4230e+00    2.473030e-04
      1.4240e+00    2.764940e-04
      1.4250e+00    2.604650e-04
      1.4260e+00    2.953840e-04
      1.4270e+00    3.555250e-04
      1.4280e+00    3.828720e-04
      1.4290e+00    3.650820e-04
      1.4300e+00    3.841990e-04
      1.4310e+00    4.386350e-04
      1.4320e+00    4.493950e-04
      1.4330e+00    4.419690e-04
      1.4340e+00    5.106470e-04
      1.4350e+00    6.818570e-04
      1.4360e+00    7.917660e-04
      1.4370e+00    9.182130e-04
      1.4380e+00    9.947220e-04
      1.4390e+00    1.035640e-03
      1.4400e+00    1.248940e-03
      1.4410e+00    1.509450e-03
      1.4420e+00    1.786240e-03
      1.4430e+00    2.070330e-03
      1.4440e+00    2.536580e-03
      1.4450e+00    2.961400e-03
      1.4460e+00    3.161680e-03
      1.4470e+00    3.412130e-03
      1.4480e+00    4.265090e-03
      1.4490e+00    6.035800e-03
      1.4500e+00    7.677330e-03
      1.4510e+00    8.328590e-03
      1.4520e+00    8.524290e-03
      1.4530e+00    1.034500e-02
      1.4540e+00    1.475170e-02
      1.4550e+00    2.084630e-02
      1.4560e+00    2.674980e-02
      1.4570e+00    3.241370e-02
      1.4580e+00    4.036910e-02
      1.4590e+00    5.090050e-02
      1.4600e+00    6.287260e-02
      1.4610e+00    7.380390e-02
      1.4620e+00    8.463330e-02
      1.4630e+00    1.006070e-01
      1.4640e+00    1.235270e-01
      1.4650e+00    1.551580e-01
      1.4660e+00    1.855770e-01
      1.4670e+00    2.086450e-01
      1.4680e+00    2.331780e-01
      1.4690e+00    2.679920e-01
      1.4700e+00    3.113340e-01
      1.4710e+00    3.357750e-01
      1.4720e+00    3.348360e-01
      1.4730e+00    3.441410e-01
      1.4740e+00    3.912710e-01
      1.4750e+00    4.790970e-01
      1.4760e+00    5.763200e-01
      1.4770e+00    6.194520e-01
      1.4780e+00    6.119030e-01
      1.4790e+00    6.008700e-01
      1.4800e+00    6.046850e-01
      1.4810e+00    6.002450e-01
      1.4820e+00    5.974420e-01
      1.4830e+00    6.249870e-01
      1.4840e+00    6.708220e-01
      1.4850e+00    7.093270e-01
      1.4860e+00    7.145240e-01
      1.4870e+00    6.931650e-01
      1.4880e+00    6.634430e-01
      1.4890e+00    6.633180e-01
      1.4900e+00    7.000860e-01
      1.4910e+00    7.445060e-01
      1.4920e+00    7.718800e-01
      1.4930e+00    7.840260e-01
      1.4940e+00    7.911840e-01
      1.4950e+00    8.165030e-01
      1.4960e+00    8.376210e-01
      1.4970e+00    8.454430e-01
      1.4980e+00    8.379390e-01
      1.4990e+00    8.308700e-01
      1.5000e+00    8.403670e-01
      1.5010e+00    8.670920e-01
      1.5020e+00    8.899560e-01
      1.5030e+00    8.983010e-01
      1.5040e+00    8.783760e-01
      1.5050e+00    8.515350e-01
      1.5060e+00    8.442330e-01
      1.5070e+00    8.635770e-01
      1.5080e+00    8.880190e-01
      1.5090e+00    8.914990e-01
      1.5100e+00    8.826720e-01
      1.5110e+00    8.853270e-01
      1.5120e+00    8.983080e-01
      1.5130e+00    9.062940e-01
      1.5140e+00    9.100230e-01
      1.5150e+00    9.153300e-01
      1.5160e+00    9.228720e-01
      1.5170e+00    9.262420e-01
      1.5180e+00    9.187570e-01
      1.5190e+00    9.117930e-01
      1.5200e+00    9.148030e-01
      1.5210e+00    9.270620e-01
      1.5220e+00    9.403590e-01
      1.5230e+00    9.475080e-01
      1.5240e+00    9.499680e-01
      1.5250e+00    9.518560e-01
      1.5260e+00    9.493290e-01
      1.5270e+00    9.497670e-01
      1.5280e+00    9.501590e-01
      1.5290e+00    9.500040e-01
      1.5300e+00    9.517760e-01
      1.5310e+00    9.512060e-01
      1.5320e+00    9.503190e-01
      1.5330e+00    9.479860e-01
      1.5340e+00    9.444870e-01
      1.5350e+00    9.413000e-01
      1.5360e+00    9.377080e-01
      1.5370e+00    9.384430e-01
      1.5380e+00    9.414920e-01
      1.5390e+00    9.428340e-01
      1.5400e+00    9.416720e-01
      1.5410e+00    9.384700e-01
      1.5420e+00    9.351730e-01
      1.5430e+00    9.351650e-01
      1.5440e+00    9.349140e-01
      1.5450e+00    9.342060e-01
      1.5460e+00    9.338940e-01
      1.5470e+00    9.322280e-01
      1.5480e+00    9.328060e-01
      1.5490e+00    9.347760e-01
      1.5500e+00    9.346940e-01
      1.5510e+00    9.371070e-01
      1.5520e+00    9.394730e-01
      1.5530e+00    9.398030e-01
      1.5540e+00    9.419320e-01
      1.5550e+00    9.449300e-01
      1.5560e+00    9.486100e-01
      1.5570e+00    9.521700e-01
      1.5580e+00    9.547010e-01
      1.5590e+00    9.580690e-01
      1.5600e+00    9.604460e-01
      1.5610e+00    9.631260e-01
      1.5620e+00    9.674580e-01
      1.5630e+00    9.696620e-01
      1.5640e+00    9.738100e-01
      1.5650e+00    9.750120e-01
      1.5660e+00    9.763740e-01
      1.5670e+00    9.779840e-01
      1.5680e+00    9.768680e-01
      1.5690e+00    9.713890e-01
      1.5700e+00    9.590120e-01
      1.5710e+00    9.413240e-01
      1.5720e+00    9.289450e-01
      1.5730e+00    9.246350e-01
      1.5740e+00    9.225320e-01
      1.5750e+00    9.255920e-01
      1.5760e+00    9.342820e-01
      1.5770e+00    9.447550e-01
      1.5780e+00    9.471060e-01
      1.5790e+00    9.400620e-01
      1.5800e+00    9.315110e-01
      1.5810e+00    9.318620e-01
      1.5820e+00    9.376000e-01
      1.5830e+00    9.438610e-01
      1.5840e+00    9.489350e-01
      1.5850e+00    9.552230e-01
      1.5860e+00    9.620110e-01
      1.5870e+00    9.677260e-01
      1.5880e+00    9.727080e-01
      1.5890e+00    9.754410e-01
      1.5900e+00    9.768530e-01
      1.5910e+00    9.776950e-01
      1.5920e+00    9.778030e-01
      1.5930e+00    9.773580e-01
      1.5940e+00    9.768790e-01
      1.5950e+00    9.770110e-01
      1.5960e+00    9.758260e-01
      1.5970e+00    9.760450e-01
      1.5980e+00    9.751820e-01
      1.5990e+00    9.709410e-01
      1.6000e+00    9.613520e-01
      1.6010e+00    9.432070e-01
      1.6020e+00    9.182980e-01
      1.6030e+00    8.934050e-01
      1.6040e+00    8.835240e-01
      1.6050e+00    8.985240e-01
      1.6060e+00    9.214110e-01
      1.6070e+00    9.411280e-01
      1.6080e+00    9.414130e-01
      1.6090e+00    9.326610e-01
      1.6100e+00    9.262570e-01
      1.6110e+00    9.336450e-01
      1.6120e+00    9.476520e-01
      1.6130e+00    9.604830e-01
      1.6140e+00    9.697170e-01
      1.6150e+00    9.778940e-01
      1.6160e+00    9.824990e-01
      1.6170e+00    9.854440e-01
      1.6180e+00    9.871270e-01
      1.6190e+00    9.891680e-01
      1.6200e+00    9.910910e-01
      1.6210e+00    9.935670e-01
      1.6220e+00    9.972730e-01
      1.6230e+00    9.992950e-01
      1.6240e+00    1.000000e+00
      1.6250e+00    9.986390e-01
      1.6260e+00    9.979010e-01
      1.6270e+00    9.954720e-01
      1.6280e+00    9.913130e-01
      1.6290e+00    9.841660e-01
      1.6300e+00    9.738680e-01
      1.6310e+00    9.596540e-01
      1.6320e+00    9.419180e-01
      1.6330e+00    9.216450e-01
      1.6340e+00    8.975290e-01
      1.6350e+00    8.663000e-01
      1.6360e+00    8.276110e-01
      1.6370e+00    7.831390e-01
      1.6380e+00    7.318400e-01
      1.6390e+00    6.754500e-01
      1.6400e+00    6.164720e-01
      1.6410e+00    5.512790e-01
      1.6420e+00    4.881060e-01
      1.6430e+00    4.311770e-01
      1.6440e+00    3.768110e-01
      1.6450e+00    3.281250e-01
      1.6460e+00    2.822700e-01
      1.6470e+00    2.411410e-01
      1.6480e+00    2.035900e-01
      1.6490e+00    1.711150e-01
      1.6500e+00    1.434660e-01
      1.6510e+00    1.191550e-01
      1.6520e+00    1.007620e-01
      1.6530e+00    8.571880e-02
      1.6540e+00    7.223070e-02
      1.6550e+00    6.125140e-02
      1.6560e+00    5.181960e-02
      1.6570e+00    4.374680e-02
      1.6580e+00    3.724460e-02
      1.6590e+00    3.178660e-02
      1.6600e+00    2.714120e-02
      1.6610e+00    2.314170e-02
      1.6620e+00    1.993810e-02
      1.6630e+00    1.695360e-02
      1.6640e+00    1.486660e-02
      1.6650e+00    1.266980e-02
      1.6660e+00    1.082170e-02
      1.6670e+00    9.243580e-03
      1.6680e+00    8.013360e-03
      1.6690e+00    7.268180e-03
      1.6700e+00    6.471440e-03
      1.6710e+00    5.815010e-03
      1.6720e+00    5.123420e-03
      1.6730e+00    4.584550e-03
      1.6740e+00    4.104360e-03
      1.6750e+00    3.660750e-03
      1.6760e+00    3.333200e-03
      1.6770e+00    2.993770e-03
      1.6780e+00    2.711100e-03
      1.6790e+00    2.575520e-03
      1.6800e+00    2.235030e-03
      1.6810e+00    2.013350e-03
      1.6820e+00    1.849270e-03
      1.6830e+00    1.737030e-03
      1.6840e+00    1.516430e-03
      1.6850e+00    1.443410e-03
      1.6860e+00    1.413010e-03
      1.6870e+00    1.286900e-03
      1.6880e+00    1.283080e-03
      1.6890e+00    1.260140e-03
      1.6900e+00    8.486400e-04
      1.6910e+00    1.030920e-03
      1.6920e+00    1.014070e-03
      1.6930e+00    9.264120e-04
      1.6940e+00    8.623190e-04
      1.6950e+00    8.012200e-04
      1.6960e+00    7.524240e-04
      1.6970e+00    7.283780e-04
      1.6980e+00    6.801250e-04
      1.6990e+00    7.529520e-04
      1.7000e+00    6.285170e-04
      1.7010e+00    6.564300e-04
      1.7020e+00    6.919180e-04
      1.7030e+00    6.951370e-04
      1.7040e+00    4.647130e-04
      1.7050e+00    6.313510e-04
      1.7060e+00    6.153620e-04
      1.7070e+00    5.704740e-04
      1.7080e+00    7.334540e-04
      1.7090e+00    4.743380e-04
      1.7100e+00    5.259500e-04
      1.7110e+00    3.458330e-04
      1.7120e+00    4.644310e-04
      1.7130e+00    5.184000e-04
      1.7140e+00    5.176120e-04
      1.7150e+00    5.219210e-04
      1.7160e+00    5.391440e-04
      1.7170e+00    4.730160e-04
      1.7180e+00    5.155510e-04
      1.7190e+00    4.539890e-04
      1.7200e+00    4.573630e-04
      1.7210e+00    4.755830e-04
      1.7220e+00    5.567340e-04
      1.7230e+00    2.494960e-04
      1.7240e+00    4.101070e-04
      1.7250e+00    4.608230e-04
      1.7260e+00    4.262180e-04
      1.7270e+00    5.381050e-04
      1.7280e+00    3.749630e-04
      1.7290e+00    4.430660e-04
      1.7300e+00    4.631540e-04
      1.7310e+00    4.593610e-04
      1.7320e+00    4.513480e-04
      1.7330e+00    4.567480e-04
      1.7340e+00    4.112620e-04
      1.7350e+00    4.677020e-04
      1.7360e+00    4.222180e-04
      1.7370e+00    4.412550e-04
      1.7380e+00    3.580560e-04
      1.7390e+00    4.284960e-04
      1.7400e+00    3.398180e-04
      1.7410e+00    3.844570e-04
      1.7420e+00    4.326910e-04
      1.7430e+00    4.639400e-04
      1.7440e+00    3.685260e-04
      1.7450e+00    4.717210e-04
      1.7460e+00    4.993240e-04
      1.7470e+00    4.371930e-04
      1.7480e+00    3.191330e-04
      1.7490e+00    4.338860e-04
      1.7500e+00    3.283890e-04
      1.7510e+00    3.818410e-04
      1.7520e+00    4.890240e-04
      1.7530e+00    3.982860e-04
      1.7540e+00    4.258650e-04
      1.7550e+00    5.070450e-04
      1.7560e+00    4.658250e-04
      1.7570e+00    3.654060e-04
      1.7580e+00    5.104980e-04
      1.7590e+00    4.269700e-04
      1.7600e+00    4.291450e-04
      1.7610e+00    4.504510e-04
      1.7620e+00    4.071090e-04
      1.7630e+00    4.811900e-04
      1.7640e+00    3.935670e-04
      1.7650e+00    3.825930e-04
      1.7660e+00    4.574070e-04
      1.7670e+00    2.819970e-04
      1.7680e+00    4.022860e-04
      1.7690e+00    3.337420e-04
      1.7700e+00    4.111690e-04
      1.7710e+00    5.688210e-04
      1.7720e+00    5.153900e-04
      1.7730e+00    3.398630e-04
      1.7740e+00    3.289810e-04
      1.7750e+00    2.990380e-04
      1.7760e+00    3.959980e-04
      1.7770e+00    3.560690e-04
      1.7780e+00    3.225070e-04
      1.7790e+00    3.891070e-04
      1.7800e+00    3.505680e-04
      1.7810e+00    3.392810e-04
      1.7820e+00    4.036270e-04
      1.7830e+00    3.939290e-04
      1.7840e+00    2.535980e-04
      1.7850e+00    3.812620e-04
      1.7860e+00    3.741600e-04
      1.7870e+00    3.350410e-04
      1.7880e+00    4.149190e-04
      1.7890e+00    3.427030e-04
      1.7900e+00    4.169590e-04
      1.7910e+00    3.746380e-04
      1.7920e+00    4.139510e-04
      1.7930e+00    3.403390e-04
      1.7940e+00    2.914010e-04
      1.7950e+00    3.823010e-04
      1.7960e+00    2.823100e-04
      1.7970e+00    3.280910e-04
      1.7980e+00    2.597320e-04
      1.7990e+00    2.980940e-04
      1.8000e+00    1.833160e-04
      1.8010e+00    3.384880e-04
      1.8020e+00    2.443070e-04
      1.8030e+00    2.665120e-04
      1.8040e+00    1.671920e-04
      1.8050e+00    2.709820e-04
      1.8060e+00    2.611740e-04
      1.8070e+00    2.098550e-04
      1.8080e+00    2.023510e-04
      1.8090e+00    1.915210e-04
      1.8100e+00    1.683630e-04
      1.8110e+00    2.417750e-04
      1.8120e+00    1.701080e-04
      1.8130e+00    1.441890e-04
      1.8140e+00    1.562030e-04
      1.8150e+00    1.878600e-04
      1.8160e+00    1.908040e-04
      1.8170e+00    1.432720e-04
      1.8180e+00    1.568200e-04
      1.8190e+00    1.135820e-04
      1.8200e+00    1.231150e-04
      1.8210e+00    1.632230e-04
      1.8220e+00    9.162510e-05
      1.8230e+00    6.322210e-05
      1.8240e+00    1.083010e-04
      1.8250e+00    1.802430e-04
      1.8260e+00    1.806750e-04
      1.8270e+00    1.609030e-04
      1.8280e+00    1.301710e-04
      1.8290e+00    9.901130e-05
      1.8300e+00    7.072440e-05
      1.8310e+00    6.933970e-05
      1.8320e+00    5.167410e-05
      1.8330e+00    5.886080e-05
      1.8340e+00    7.513180e-05
      1.8350e+00    4.033330e-05
      1.8360e+00    6.079780e-05
      1.8370e+00    3.288200e-05
      1.8380e+00    1.775140e-05
      1.8390e+00    1.878990e-05
      1.8400e+00    2.582850e-05
      1.8410e+00    4.088000e-05
      1.8420e+00    3.178060e-05
      1.8430e+00    3.507840e-05
      1.8440e+00    6.316940e-05
      1.8450e+00    9.182190e-05
      1.8460e+00    1.430690e-04
      1.8470e+00    1.299820e-04
      1.8480e+00    1.098850e-04
      1.8490e+00    5.553720e-05
      1.8500e+00    2.014670e-05
      1.8510e+00    2.879300e-05
      1.8520e+00    6.095180e-05
      1.8530e+00    9.159060e-05
      1.8540e+00    9.149960e-05
      1.8550e+00    4.647350e-05
      1.8560e+00    5.318420e-05
      1.8570e+00    5.235470e-05
      1.8580e+00    5.266630e-05
      1.8590e+00    3.235140e-05
      1.8600e+00    4.060110e-05
      1.8610e+00    3.746240e-05
      1.8620e+00    3.694960e-05
      1.8630e+00    5.422660e-05
      1.8640e+00    4.606510e-05
      1.8650e+00    5.858880e-05
      1.8660e+00    4.497050e-05
      1.8670e+00    1.526360e-05
      1.8680e+00    3.704940e-05
      1.8690e+00    1.552290e-05
      1.8700e+00    9.064590e-06
      1.8710e+00    1.831320e-06
      1.8720e+00    9.143950e-07
      1.8730e+00    8.451280e-07
      1.8740e+00    7.855930e-07
      1.8750e+00    1.372840e-06
      1.8760e+00    9.625070e-07
      1.8770e+00    1.613330e-06
      1.8780e+00    2.514810e-06
      1.8790e+00    5.748060e-06
      1.8800e+00    8.493490e-06
      1.8810e+00    8.238150e-06
      1.8820e+00    6.716860e-06
      1.8830e+00    5.874710e-06
      1.8840e+00    1.190360e-05
      1.8850e+00    6.300780e-06
      1.8860e+00    5.888830e-06
      1.8870e+00    5.158560e-06
      1.8880e+00    4.749320e-06
      1.8890e+00    6.590790e-06
      1.8900e+00    5.960540e-06
      1.8910e+00    4.454510e-06
      1.8920e+00    2.735370e-06
      1.8930e+00    1.126910e-06
      1.8940e+00    1.543390e-06
      1.8950e+00    1.633220e-06
      1.8960e+00    2.987400e-06
      1.8970e+00    1.803580e-06
      1.8980e+00    2.659790e-06
      1.8990e+00    2.017450e-06
      1.9000e+00    8.236020e-07
