#  wavelength_um     transmission
#
      5.0200e-01    1.156052e-04
      5.0250e-01    1.156052e-04
      5.0300e-01    1.156052e-04
      5.0350e-01    1.156052e-04
      5.0400e-01    1.156052e-04
      5.0450e-01    1.156052e-04
      5.0500e-01    1.156052e-04
      5.0550e-01    1.156052e-04
      5.0600e-01    1.156052e-04
      5.0650e-01    1.156052e-04
      5.0700e-01    1.156052e-04
      5.0750e-01    1.156052e-04
      5.0800e-01    1.156052e-04
      5.0850e-01    1.156052e-04
      5.0900e-01    1.156052e-04
      5.0950e-01    1.156052e-04
      5.1000e-01    1.156052e-04
      5.1050e-01    1.156052e-04
      5.1100e-01    1.156052e-04
      5.1150e-01    1.137100e-04
      5.1200e-01    1.137100e-04
      5.1250e-01    2.293152e-04
      5.1300e-01    2.293152e-04
      5.1350e-01    2.293152e-04
      5.1400e-01    2.293152e-04
      5.1450e-01    2.293152e-04
      5.1500e-01    2.293152e-04
      5.1550e-01    2.293152e-04
      5.1600e-01    2.293152e-04
      5.1650e-01    2.293152e-04
      5.1700e-01    3.430252e-04
      5.1750e-01    3.430252e-04
      5.1800e-01    3.430252e-04
      5.1850e-01    3.430252e-04
      5.1900e-01    3.430252e-04
      5.1950e-01    4.567352e-04
      5.2000e-01    4.567352e-04
      5.2050e-01    4.567352e-04
      5.2100e-01    4.567352e-04
      5.2150e-01    5.704452e-04
      5.2200e-01    5.704452e-04
      5.2250e-01    5.704452e-04
      5.2300e-01    6.841553e-04
      5.2350e-01    6.822601e-04
      5.2400e-01    7.959701e-04
      5.2450e-01    7.959701e-04
      5.2500e-01    9.096801e-04
      5.2550e-01    9.096801e-04
      5.2600e-01    1.021495e-03
      5.2650e-01    1.021495e-03
      5.2700e-01    1.135205e-03
      5.2750e-01    1.248915e-03
      5.2800e-01    1.360730e-03
      5.2850e-01    1.474440e-03
      5.2900e-01    1.586255e-03
      5.2950e-01    1.699965e-03
      5.3000e-01    1.811780e-03
      5.3050e-01    1.923594e-03
      5.3100e-01    2.149119e-03
      5.3150e-01    2.262829e-03
      5.3200e-01    2.488354e-03
      5.3250e-01    2.711984e-03
      5.3300e-01    2.937509e-03
      5.3350e-01    3.163034e-03
      5.3400e-01    3.500373e-03
      5.3450e-01    3.724003e-03
      5.3500e-01    4.175053e-03
      5.3550e-01    4.512393e-03
      5.3600e-01    4.961547e-03
      5.3650e-01    5.410702e-03
      5.3700e-01    5.857961e-03
      5.3750e-01    6.532640e-03
      5.3800e-01    7.091715e-03
      5.3850e-01    7.762604e-03
      5.3900e-01    8.545308e-03
      5.3950e-01    9.326117e-03
      5.4000e-01    1.022064e-02
      5.4050e-01    1.133499e-02
      5.4100e-01    1.244935e-02
      5.4150e-01    1.367742e-02
      5.4200e-01    1.501541e-02
      5.4250e-01    1.646332e-02
      5.4300e-01    1.824477e-02
      5.4350e-01    2.013804e-02
      5.4400e-01    2.214123e-02
      5.4450e-01    2.436806e-02
      5.4500e-01    2.692464e-02
      5.4550e-01    2.970485e-02
      5.4600e-01    3.292663e-02
      5.4650e-01    3.636825e-02
      5.4700e-01    4.024956e-02
      5.4750e-01    4.457243e-02
      5.4800e-01    4.922507e-02
      5.4850e-01    5.453911e-02
      5.4900e-01    6.029284e-02
      5.4950e-01    6.659996e-02
      5.5000e-01    7.356280e-02
      5.5050e-01    8.117379e-02
      5.5100e-01    8.944051e-02
      5.5150e-01    9.859417e-02
      5.5200e-01    1.082917e-01
      5.5250e-01    1.190771e-01
      5.5300e-01    1.305145e-01
      5.5350e-01    1.427231e-01
      5.5400e-01    1.561333e-01
      5.5450e-01    1.699586e-01
      5.5500e-01    1.848641e-01
      5.5550e-01    2.009673e-01
      5.5600e-01    2.176031e-01
      5.5650e-01    2.354271e-01
      5.5700e-01    2.537799e-01
      5.5750e-01    2.728567e-01
      5.5800e-01    2.924735e-01
      5.5850e-01    3.122041e-01
      5.5900e-01    3.322455e-01
      5.5950e-01    3.529331e-01
      5.6000e-01    3.733668e-01
      5.6050e-01    3.943009e-01
      5.6100e-01    4.149828e-01
      5.6150e-01    4.356572e-01
      5.6200e-01    4.568546e-01
      5.6250e-01    4.775252e-01
      5.6300e-01    4.984896e-01
      5.6350e-01    5.195941e-01
      5.6400e-01    5.402325e-01
      5.6450e-01    5.609922e-01
      5.6500e-01    5.813955e-01
      5.6550e-01    6.015468e-01
      5.6600e-01    6.215863e-01
      5.6650e-01    6.408185e-01
      5.6700e-01    6.597076e-01
      5.6750e-01    6.784015e-01
      5.6800e-01    6.961896e-01
      5.6850e-01    7.135645e-01
      5.6900e-01    7.305888e-01
      5.6950e-01    7.449901e-01
      5.7000e-01    7.592702e-01
      5.7050e-01    7.725496e-01
      5.7100e-01    7.847128e-01
      5.7150e-01    7.957332e-01
      5.7200e-01    8.053550e-01
      5.7250e-01    8.140121e-01
      5.7300e-01    8.210129e-01
      5.7350e-01    8.267571e-01
      5.7400e-01    8.310705e-01
      5.7450e-01    8.339929e-01
      5.7500e-01    8.357648e-01
      5.7550e-01    8.362121e-01
      5.7600e-01    8.352645e-01
      5.7650e-01    8.330320e-01
      5.7700e-01    8.301172e-01
      5.7750e-01    8.260635e-01
      5.7800e-01    8.211209e-01
      5.7850e-01    8.154903e-01
      5.7900e-01    8.094542e-01
      5.7950e-01    8.035337e-01
      5.8000e-01    7.977459e-01
      5.8050e-01    7.921817e-01
      5.8100e-01    7.869472e-01
      5.8150e-01    7.823135e-01
      5.8200e-01    7.782238e-01
      5.8250e-01    7.749603e-01
      5.8300e-01    7.723336e-01
      5.8350e-01    7.706052e-01
      5.8400e-01    7.697505e-01
      5.8450e-01    7.696330e-01
      5.8500e-01    7.703437e-01
      5.8550e-01    7.718162e-01
      5.8600e-01    7.738327e-01
      5.8650e-01    7.765087e-01
      5.8700e-01    7.795333e-01
      5.8750e-01    7.827873e-01
      5.8800e-01    7.862707e-01
      5.8850e-01    7.898506e-01
      5.8900e-01    7.931975e-01
      5.8950e-01    7.964041e-01
      5.9000e-01    7.992469e-01
      5.9050e-01    8.018584e-01
      5.9100e-01    8.040435e-01
      5.9150e-01    8.059387e-01
      5.9200e-01    8.076368e-01
      5.9250e-01    8.089179e-01
      5.9300e-01    8.100038e-01
      5.9350e-01    8.111371e-01
      5.9400e-01    8.120468e-01
      5.9450e-01    8.129717e-01
      5.9500e-01    8.139761e-01
      5.9550e-01    8.152838e-01
      5.9600e-01    8.167999e-01
      5.9650e-01    8.186572e-01
      5.9700e-01    8.207400e-01
      5.9750e-01    8.234368e-01
      5.9800e-01    8.266718e-01
      5.9850e-01    8.301817e-01
      5.9900e-01    8.341975e-01
      5.9950e-01    8.384181e-01
      6.0000e-01    8.431977e-01
      6.0050e-01    8.487278e-01
      6.0100e-01    8.544095e-01
      6.0150e-01    8.604229e-01
      6.0200e-01    8.666921e-01
      6.0250e-01    8.728760e-01
      6.0300e-01    8.793669e-01
      6.0350e-01    8.858389e-01
      6.0400e-01    8.922635e-01
      6.0450e-01    8.987318e-01
      6.0500e-01    9.048626e-01
      6.0550e-01    9.110845e-01
      6.0600e-01    9.171016e-01
      6.0650e-01    9.229804e-01
      6.0700e-01    9.288668e-01
      6.0750e-01    9.342263e-01
      6.0800e-01    9.393490e-01
      6.0850e-01    9.440850e-01
      6.0900e-01    9.483719e-01
      6.0950e-01    9.521906e-01
      6.1000e-01    9.555962e-01
      6.1050e-01    9.586531e-01
      6.1100e-01    9.612760e-01
      6.1150e-01    9.638061e-01
      6.1200e-01    9.657411e-01
      6.1250e-01    9.673444e-01
      6.1300e-01    9.687279e-01
      6.1350e-01    9.698536e-01
      6.1400e-01    9.707367e-01
      6.1450e-01    9.713015e-01
      6.1500e-01    9.717866e-01
      6.1550e-01    9.724708e-01
      6.1600e-01    9.732061e-01
      6.1650e-01    9.738221e-01
      6.1700e-01    9.745403e-01
      6.1750e-01    9.756130e-01
      6.1800e-01    9.769112e-01
      6.1850e-01    9.781809e-01
      6.1900e-01    9.796478e-01
      6.1950e-01    9.813042e-01
      6.2000e-01    9.830762e-01
      6.2050e-01    9.846946e-01
      6.2100e-01    9.866504e-01
      6.2150e-01    9.884471e-01
      6.2200e-01    9.902607e-01
      6.2250e-01    9.920782e-01
      6.2300e-01    9.936701e-01
      6.2350e-01    9.951484e-01
      6.2400e-01    9.964200e-01
      6.2450e-01    9.975173e-01
      6.2500e-01    9.983834e-01
      6.2550e-01    9.990354e-01
      6.2600e-01    9.994788e-01
      6.2650e-01    9.997442e-01
      6.2700e-01    1.000000e+00
      6.2750e-01    9.998332e-01
      6.2800e-01    9.995489e-01
      6.2850e-01    9.993064e-01
      6.2900e-01    9.988875e-01
      6.2950e-01    9.985350e-01
      6.3000e-01    9.982185e-01
      6.3050e-01    9.979077e-01
      6.3100e-01    9.975287e-01
      6.3150e-01    9.971838e-01
      6.3200e-01    9.965129e-01
      6.3250e-01    9.957643e-01
      6.3300e-01    9.948774e-01
      6.3350e-01    9.939146e-01
      6.3400e-01    9.925330e-01
      6.3450e-01    9.910984e-01
      6.3500e-01    9.895785e-01
      6.3550e-01    9.876056e-01
      6.3600e-01    9.855228e-01
      6.3650e-01    9.832221e-01
      6.3700e-01    9.808323e-01
      6.3750e-01    9.780104e-01
      6.3800e-01    9.753211e-01
      6.3850e-01    9.725030e-01
      6.3900e-01    9.697247e-01
      6.3950e-01    9.670904e-01
      6.4000e-01    9.644448e-01
      6.4050e-01    9.616721e-01
      6.4100e-01    9.591743e-01
      6.4150e-01    9.567409e-01
      6.4200e-01    9.542981e-01
      6.4250e-01    9.523195e-01
      6.4300e-01    9.501685e-01
      6.4350e-01    9.485652e-01
      6.4400e-01    9.469543e-01
      6.4450e-01    9.452240e-01
      6.4500e-01    9.436643e-01
      6.4550e-01    9.420174e-01
      6.4600e-01    9.402549e-01
      6.4650e-01    9.383711e-01
      6.4700e-01    9.363281e-01
      6.4750e-01    9.342434e-01
      6.4800e-01    9.318650e-01
      6.4850e-01    9.291530e-01
      6.4900e-01    9.261093e-01
      6.4950e-01    9.227170e-01
      6.5000e-01    9.191067e-01
      6.5050e-01    9.146834e-01
      6.5100e-01    9.099777e-01
      6.5150e-01    9.052037e-01
      6.5200e-01    9.003389e-01
      6.5250e-01    8.951044e-01
      6.5300e-01    8.900689e-01
      6.5350e-01    8.847151e-01
      6.5400e-01    8.793309e-01
      6.5450e-01    8.737914e-01
      6.5500e-01    8.681608e-01
      6.5550e-01    8.628013e-01
      6.5600e-01    8.571537e-01
      6.5650e-01    8.518340e-01
      6.5700e-01    8.463399e-01
      6.5750e-01    8.407643e-01
      6.5800e-01    8.352039e-01
      6.5850e-01    8.295790e-01
      6.5900e-01    8.237400e-01
      6.5950e-01    8.179806e-01
      6.6000e-01    8.121113e-01
      6.6050e-01    8.060752e-01
      6.6100e-01    8.001679e-01
      6.6150e-01    7.940617e-01
      6.6200e-01    7.881545e-01
      6.6250e-01    7.823382e-01
      6.6300e-01    7.766394e-01
      6.6350e-01    7.712799e-01
      6.6400e-01    7.660170e-01
      6.6450e-01    7.610441e-01
      6.6500e-01    7.564805e-01
      6.6550e-01    7.522733e-01
      6.6600e-01    7.485815e-01
      6.6650e-01    7.453464e-01
      6.6700e-01    7.425965e-01
      6.6750e-01    7.403868e-01
      6.6800e-01    7.384499e-01
      6.6850e-01    7.368390e-01
      6.6900e-01    7.355276e-01
      6.6950e-01    7.348169e-01
      6.7000e-01    7.343241e-01
      6.7050e-01    7.339432e-01
      6.7100e-01    7.338882e-01
      6.7150e-01    7.342142e-01
      6.7200e-01    7.348623e-01
      6.7250e-01    7.357531e-01
      6.7300e-01    7.369224e-01
      6.7350e-01    7.387797e-01
      6.7400e-01    7.410330e-01
      6.7450e-01    7.438720e-01
      6.7500e-01    7.473022e-01
      6.7550e-01    7.514185e-01
      6.7600e-01    7.562645e-01
      6.7650e-01    7.610839e-01
      6.7700e-01    7.657024e-01
      6.7750e-01    7.697145e-01
      6.7800e-01    7.720550e-01
      6.7850e-01    7.726558e-01
      6.7900e-01    7.700821e-01
      6.7950e-01    7.644023e-01
      6.8000e-01    7.549132e-01
      6.8050e-01    7.416319e-01
      6.8100e-01    7.250719e-01
      6.8150e-01    7.047273e-01
      6.8200e-01    6.818981e-01
      6.8250e-01    6.530025e-01
      6.8300e-01    6.218441e-01
      6.8350e-01    5.901550e-01
      6.8400e-01    5.561633e-01
      6.8450e-01    5.225733e-01
      6.8500e-01    4.881078e-01
      6.8550e-01    4.523460e-01
      6.8600e-01    4.166221e-01
      6.8650e-01    3.792817e-01
      6.8700e-01    3.405748e-01
      6.8750e-01    3.019342e-01
      6.8800e-01    2.638319e-01
      6.8850e-01    2.300486e-01
      6.8900e-01    1.983216e-01
      6.8950e-01    1.692214e-01
      6.9000e-01    1.436195e-01
      6.9050e-01    1.214613e-01
      6.9100e-01    1.026612e-01
      6.9150e-01    8.705070e-02
      6.9200e-01    7.391530e-02
      6.9250e-01    6.309011e-02
      6.9300e-01    5.401415e-02
      6.9350e-01    4.641453e-02
      6.9400e-01    4.001835e-02
      6.9450e-01    3.474410e-02
      6.9500e-01    3.021275e-02
      6.9550e-01    2.652476e-02
      6.9600e-01    2.330297e-02
      6.9650e-01    2.055119e-02
      6.9700e-01    1.826941e-02
      6.9750e-01    1.617336e-02
      6.9800e-01    1.435968e-02
      6.9850e-01    1.269193e-02
      6.9900e-01    1.131794e-02
      6.9950e-01    1.014293e-02
      7.0000e-01    9.066479e-03
      7.0050e-01    8.080992e-03
      7.0100e-01    7.195949e-03
      7.0150e-01    6.508003e-03
      7.0200e-01    5.821953e-03
      7.0250e-01    5.232556e-03
      7.0300e-01    4.743603e-03
      7.0350e-01    4.254650e-03
      7.0400e-01    3.862350e-03
      7.0450e-01    3.471946e-03
      7.0500e-01    3.180090e-03
      7.0550e-01    2.886339e-03
      7.0600e-01    2.594484e-03
      7.0650e-01    2.399281e-03
      7.0700e-01    2.204079e-03
      7.0750e-01    2.010772e-03
      7.0800e-01    1.817465e-03
      7.0850e-01    1.624158e-03
      7.0900e-01    1.527505e-03
      7.0950e-01    1.428956e-03
      7.1000e-01    1.332302e-03
      7.1050e-01    1.235649e-03
      7.1100e-01    1.138995e-03
      7.1150e-01    1.044237e-03
      7.1200e-01    9.475835e-04
      7.1250e-01    8.509300e-04
      7.1300e-01    8.509300e-04
      7.1350e-01    7.542764e-04
      7.1400e-01    7.542764e-04
      7.1450e-01    6.538326e-04
      7.1500e-01    6.462519e-04
      7.1550e-01    5.495984e-04
      7.1600e-01    5.439129e-04
      7.1650e-01    5.382274e-04
      7.1700e-01    4.434691e-04
      7.1750e-01    4.396787e-04
      7.1800e-01    4.339932e-04
      7.1850e-01    4.358884e-04
      7.1900e-01    3.487107e-04
      7.1950e-01    3.506059e-04
      7.2000e-01    3.506059e-04
      7.2050e-01    3.525011e-04
      7.2100e-01    3.525011e-04
      7.2150e-01    2.653234e-04
      7.2200e-01    2.653234e-04
      7.2250e-01    2.653234e-04
      7.2300e-01    2.653234e-04
      7.2350e-01    2.653234e-04
      7.2400e-01    2.653234e-04
      7.2450e-01    2.653234e-04
      7.2500e-01    1.762505e-04
      7.2550e-01    1.762505e-04
      7.2600e-01    1.762505e-04
      7.2650e-01    1.762505e-04
      7.2700e-01    1.762505e-04
      7.2750e-01    1.762505e-04
      7.2800e-01    1.762505e-04
      7.2850e-01    1.762505e-04
      7.2900e-01    1.762505e-04
      7.2950e-01    1.743554e-04
      7.3000e-01    1.743554e-04
      7.3050e-01    8.717768e-05
      7.3100e-01    8.717768e-05
      7.3150e-01    8.907285e-05
      7.3200e-01    8.907285e-05
      7.3250e-01    8.907285e-05
      7.3300e-01    8.907285e-05
      7.3350e-01    8.907285e-05
      7.3400e-01    8.907285e-05
      7.3450e-01    8.907285e-05
      7.3500e-01    8.907285e-05
      7.3550e-01    8.907285e-05
      7.3600e-01    8.907285e-05
      7.3650e-01    8.907285e-05
      7.3700e-01    8.907285e-05
      7.3750e-01    8.907285e-05
      7.3800e-01    8.907285e-05
      7.3850e-01    8.907285e-05
      7.3900e-01    8.907285e-05
