#  wavelength_um     transmission
#
      3.8300e-01    6.472562e-05
      3.8350e-01    6.472562e-05
      3.8400e-01    6.472562e-05
      3.8450e-01    6.472562e-05
      3.8500e-01    6.652355e-05
      3.8550e-01    6.652355e-05
      3.8600e-01    6.652355e-05
      3.8650e-01    6.652355e-05
      3.8700e-01    6.832148e-05
      3.8750e-01    6.832148e-05
      3.8800e-01    6.832148e-05
      3.8850e-01    6.832148e-05
      3.8900e-01    1.384409e-04
      3.8950e-01    1.402388e-04
      3.9000e-01    1.402388e-04
      3.9050e-01    1.420368e-04
      3.9100e-01    2.139541e-04
      3.9150e-01    2.139541e-04
      3.9200e-01    2.876694e-04
      3.9250e-01    2.894673e-04
      3.9300e-01    2.930632e-04
      3.9350e-01    3.667785e-04
      3.9400e-01    3.703744e-04
      3.9450e-01    4.476855e-04
      3.9500e-01    4.494835e-04
      3.9550e-01    5.285925e-04
      3.9600e-01    5.303905e-04
      3.9650e-01    6.112975e-04
      3.9700e-01    7.677177e-04
      3.9750e-01    9.277339e-04
      3.9800e-01    1.089548e-03
      3.9850e-01    1.330471e-03
      3.9900e-01    1.654099e-03
      3.9950e-01    1.981323e-03
      4.0000e-01    2.393050e-03
      4.0050e-01    2.876694e-03
      4.0100e-01    3.363934e-03
      4.0150e-01    3.935677e-03
      4.0200e-01    4.426513e-03
      4.0250e-01    5.001852e-03
      4.0300e-01    5.661694e-03
      4.0350e-01    6.404240e-03
      4.0400e-01    7.394902e-03
      4.0450e-01    8.714585e-03
      4.0500e-01    1.069411e-02
      4.0550e-01    1.341978e-02
      4.0600e-01    1.730511e-02
      4.0650e-01    2.260542e-02
      4.0700e-01    2.949331e-02
      4.0750e-01    3.831217e-02
      4.0800e-01    4.924001e-02
      4.0850e-01    6.195680e-02
      4.0900e-01    7.656321e-02
      4.0950e-01    9.224299e-02
      4.1000e-01    1.091723e-01
      4.1050e-01    1.274052e-01
      4.1100e-01    1.469757e-01
      4.1150e-01    1.699875e-01
      4.1200e-01    1.971363e-01
      4.1250e-01    2.294649e-01
      4.1300e-01    2.693790e-01
      4.1350e-01    3.149836e-01
      4.1400e-01    3.685153e-01
      4.1450e-01    4.295893e-01
      4.1500e-01    4.938996e-01
      4.1550e-01    5.611567e-01
      4.1600e-01    6.245015e-01
      4.1650e-01    6.792360e-01
      4.1700e-01    7.223289e-01
      4.1750e-01    7.517323e-01
      4.1800e-01    7.694276e-01
      4.1850e-01    7.785377e-01
      4.1900e-01    7.824051e-01
      4.1950e-01    7.837373e-01
      4.2000e-01    7.841581e-01
      4.2050e-01    7.835863e-01
      4.2100e-01    7.815457e-01
      4.2150e-01    7.768980e-01
      4.2200e-01    7.693898e-01
      4.2250e-01    7.584961e-01
      4.2300e-01    7.459681e-01
      4.2350e-01    7.327389e-01
      4.2400e-01    7.209535e-01
      4.2450e-01    7.126398e-01
      4.2500e-01    7.089253e-01
      4.2550e-01    7.108743e-01
      4.2600e-01    7.184436e-01
      4.2650e-01    7.311855e-01
      4.2700e-01    7.477751e-01
      4.2750e-01    7.672287e-01
      4.2800e-01    7.868028e-01
      4.2850e-01    8.045880e-01
      4.2900e-01    8.195720e-01
      4.2950e-01    8.304818e-01
      4.3000e-01    8.370892e-01
      4.3050e-01    8.393115e-01
      4.3100e-01    8.381392e-01
      4.3150e-01    8.345955e-01
      4.3200e-01    8.297860e-01
      4.3250e-01    8.247860e-01
      4.3300e-01    8.204943e-01
      4.3350e-01    8.174881e-01
      4.3400e-01    8.162997e-01
      4.3450e-01    8.169218e-01
      4.3500e-01    8.193994e-01
      4.3550e-01    8.226572e-01
      4.3600e-01    8.264814e-01
      4.3650e-01    8.305232e-01
      4.3700e-01    8.342341e-01
      4.3750e-01    8.371144e-01
      4.3800e-01    8.392144e-01
      4.3850e-01    8.408379e-01
      4.3900e-01    8.419347e-01
      4.3950e-01    8.432741e-01
      4.4000e-01    8.450253e-01
      4.4050e-01    8.473572e-01
      4.4100e-01    8.504263e-01
      4.4150e-01    8.543098e-01
      4.4200e-01    8.583246e-01
      4.4250e-01    8.631089e-01
      4.4300e-01    8.677764e-01
      4.4350e-01    8.726200e-01
      4.4400e-01    8.775266e-01
      4.4450e-01    8.822839e-01
      4.4500e-01    8.870520e-01
      4.4550e-01    8.917176e-01
      4.4600e-01    8.960129e-01
      4.4650e-01    8.998605e-01
      4.4700e-01    9.029421e-01
      4.4750e-01    9.049918e-01
      4.4800e-01    9.060328e-01
      4.4850e-01    9.056301e-01
      4.4900e-01    9.040047e-01
      4.4950e-01    9.016153e-01
      4.5000e-01    8.984941e-01
      4.5050e-01    8.944199e-01
      4.5100e-01    8.909265e-01
      4.5150e-01    8.885119e-01
      4.5200e-01    8.876058e-01
      4.5250e-01    8.883987e-01
      4.5300e-01    8.907144e-01
      4.5350e-01    8.952380e-01
      4.5400e-01    9.008799e-01
      4.5450e-01    9.077912e-01
      4.5500e-01    9.148930e-01
      4.5550e-01    9.219823e-01
      4.5600e-01    9.283811e-01
      4.5650e-01    9.335016e-01
      4.5700e-01    9.376009e-01
      4.5750e-01    9.404506e-01
      4.5800e-01    9.423762e-01
      4.5850e-01    9.435053e-01
      4.5900e-01    9.441921e-01
      4.5950e-01    9.446021e-01
      4.6000e-01    9.446992e-01
      4.6050e-01    9.447621e-01
      4.6100e-01    9.447387e-01
      4.6150e-01    9.446542e-01
      4.6200e-01    9.444816e-01
      4.6250e-01    9.440986e-01
      4.6300e-01    9.439224e-01
      4.6350e-01    9.431925e-01
      4.6400e-01    9.425362e-01
      4.6450e-01    9.416193e-01
      4.6500e-01    9.403823e-01
      4.6550e-01    9.389422e-01
      4.6600e-01    9.369608e-01
      4.6650e-01    9.345336e-01
      4.6700e-01    9.321891e-01
      4.6750e-01    9.297493e-01
      4.6800e-01    9.276386e-01
      4.6850e-01    9.258784e-01
      4.6900e-01    9.247781e-01
      4.6950e-01    9.242962e-01
      4.7000e-01    9.242243e-01
      4.7050e-01    9.242584e-01
      4.7100e-01    9.246702e-01
      4.7150e-01    9.248985e-01
      4.7200e-01    9.252743e-01
      4.7250e-01    9.256069e-01
      4.7300e-01    9.261481e-01
      4.7350e-01    9.273922e-01
      4.7400e-01    9.293898e-01
      4.7450e-01    9.326584e-01
      4.7500e-01    9.368835e-01
      4.7550e-01    9.424769e-01
      4.7600e-01    9.487283e-01
      4.7650e-01    9.554634e-01
      4.7700e-01    9.624591e-01
      4.7750e-01    9.686818e-01
      4.7800e-01    9.740504e-01
      4.7850e-01    9.779699e-01
      4.7900e-01    9.807010e-01
      4.7950e-01    9.823641e-01
      4.8000e-01    9.834123e-01
      4.8050e-01    9.842321e-01
      4.8100e-01    9.852965e-01
      4.8150e-01    9.866468e-01
      4.8200e-01    9.887431e-01
      4.8250e-01    9.911344e-01
      4.8300e-01    9.939446e-01
      4.8350e-01    9.964868e-01
      4.8400e-01    9.985994e-01
      4.8450e-01    9.999479e-01
      4.8500e-01    1.000000e+00
      4.8550e-01    9.992970e-01
      4.8600e-01    9.975224e-01
      4.8650e-01    9.947590e-01
      4.8700e-01    9.917529e-01
      4.8750e-01    9.881067e-01
      4.8800e-01    9.844083e-01
      4.8850e-01    9.806650e-01
      4.8900e-01    9.772525e-01
      4.8950e-01    9.744999e-01
      4.9000e-01    9.722848e-01
      4.9050e-01    9.709670e-01
      4.9100e-01    9.705283e-01
      4.9150e-01    9.711953e-01
      4.9200e-01    9.727307e-01
      4.9250e-01    9.754294e-01
      4.9300e-01    9.786783e-01
      4.9350e-01    9.821753e-01
      4.9400e-01    9.850915e-01
      4.9450e-01    9.870872e-01
      4.9500e-01    9.872131e-01
      4.9550e-01    9.850106e-01
      4.9600e-01    9.802785e-01
      4.9650e-01    9.730310e-01
      4.9700e-01    9.635828e-01
      4.9750e-01    9.526370e-01
      4.9800e-01    9.404884e-01
      4.9850e-01    9.282319e-01
      4.9900e-01    9.168312e-01
      4.9950e-01    9.065182e-01
      5.0000e-01    8.984077e-01
      5.0050e-01    8.919693e-01
      5.0100e-01    8.878988e-01
      5.0150e-01    8.865737e-01
      5.0200e-01    8.871527e-01
      5.0250e-01    8.893587e-01
      5.0300e-01    8.931074e-01
      5.0350e-01    8.976634e-01
      5.0400e-01    9.025268e-01
      5.0450e-01    9.073381e-01
      5.0500e-01    9.120001e-01
      5.0550e-01    9.162864e-01
      5.0600e-01    9.198967e-01
      5.0650e-01    9.231078e-01
      5.0700e-01    9.253408e-01
      5.0750e-01    9.267792e-01
      5.0800e-01    9.271333e-01
      5.0850e-01    9.264807e-01
      5.0900e-01    9.249650e-01
      5.0950e-01    9.223149e-01
      5.1000e-01    9.190175e-01
      5.1050e-01    9.151681e-01
      5.1100e-01    9.110167e-01
      5.1150e-01    9.069174e-01
      5.1200e-01    9.027965e-01
      5.1250e-01    8.993732e-01
      5.1300e-01    8.963815e-01
      5.1350e-01    8.941233e-01
      5.1400e-01    8.924278e-01
      5.1450e-01    8.912016e-01
      5.1500e-01    8.899916e-01
      5.1550e-01    8.883807e-01
      5.1600e-01    8.865666e-01
      5.1650e-01    8.842346e-01
      5.1700e-01    8.815413e-01
      5.1750e-01    8.789811e-01
      5.1800e-01    8.771490e-01
      5.1850e-01    8.762986e-01
      5.1900e-01    8.767552e-01
      5.1950e-01    8.790548e-01
      5.2000e-01    8.830067e-01
      5.2050e-01    8.887223e-01
      5.2100e-01    8.958673e-01
      5.2150e-01    9.037584e-01
      5.2200e-01    9.122824e-01
      5.2250e-01    9.206068e-01
      5.2300e-01    9.279460e-01
      5.2350e-01    9.337749e-01
      5.2400e-01    9.375308e-01
      5.2450e-01    9.384244e-01
      5.2500e-01    9.369375e-01
      5.2550e-01    9.335124e-01
      5.2600e-01    9.284728e-01
      5.2650e-01    9.225864e-01
      5.2700e-01    9.163727e-01
      5.2750e-01    9.109106e-01
      5.2800e-01    9.057703e-01
      5.2850e-01    9.017591e-01
      5.2900e-01    8.984887e-01
      5.2950e-01    8.960021e-01
      5.3000e-01    8.934742e-01
      5.3050e-01    8.912466e-01
      5.3100e-01    8.882728e-01
      5.3150e-01    8.851767e-01
      5.3200e-01    8.815737e-01
      5.3250e-01    8.776722e-01
      5.3300e-01    8.737635e-01
      5.3350e-01    8.705829e-01
      5.3400e-01    8.687059e-01
      5.3450e-01    8.680982e-01
      5.3500e-01    8.690007e-01
      5.3550e-01    8.719350e-01
      5.3600e-01    8.765862e-01
      5.3650e-01    8.827531e-01
      5.3700e-01    8.900527e-01
      5.3750e-01    8.977749e-01
      5.3800e-01    9.055581e-01
      5.3850e-01    9.119516e-01
      5.3900e-01    9.164159e-01
      5.3950e-01    9.180664e-01
      5.4000e-01    9.164176e-01
      5.4050e-01    9.116441e-01
      5.4100e-01    9.038267e-01
      5.4150e-01    8.943228e-01
      5.4200e-01    8.833626e-01
      5.4250e-01    8.721705e-01
      5.4300e-01    8.614189e-01
      5.4350e-01    8.513450e-01
      5.4400e-01    8.423428e-01
      5.4450e-01    8.340148e-01
      5.4500e-01    8.255699e-01
      5.4550e-01    8.168229e-01
      5.4600e-01    8.068929e-01
      5.4650e-01    7.953412e-01
      5.4700e-01    7.825327e-01
      5.4750e-01    7.681313e-01
      5.4800e-01    7.530088e-01
      5.4850e-01    7.374693e-01
      5.4900e-01    7.218489e-01
      5.4950e-01    7.073485e-01
      5.5000e-01    6.939809e-01
      5.5050e-01    6.827618e-01
      5.5100e-01    6.742827e-01
      5.5150e-01    6.688440e-01
      5.5200e-01    6.663574e-01
      5.5250e-01    6.661417e-01
      5.5300e-01    6.672942e-01
      5.5350e-01    6.682902e-01
      5.5400e-01    6.678138e-01
      5.5450e-01    6.643455e-01
      5.5500e-01    6.570963e-01
      5.5550e-01    6.457819e-01
      5.5600e-01    6.313499e-01
      5.5650e-01    6.140016e-01
      5.5700e-01    5.950010e-01
      5.5750e-01    5.758764e-01
      5.5800e-01    5.573343e-01
      5.5850e-01    5.403295e-01
      5.5900e-01    5.244987e-01
      5.5950e-01    5.085923e-01
      5.6000e-01    4.918572e-01
      5.6050e-01    4.727128e-01
      5.6100e-01    4.499491e-01
      5.6150e-01    4.235932e-01
      5.6200e-01    3.934275e-01
      5.6250e-01    3.606547e-01
      5.6300e-01    3.272024e-01
      5.6350e-01    2.931082e-01
      5.6400e-01    2.614376e-01
      5.6450e-01    2.319496e-01
      5.6500e-01    2.047811e-01
      5.6550e-01    1.815104e-01
      5.6600e-01    1.608539e-01
      5.6650e-01    1.433115e-01
      5.6700e-01    1.283707e-01
      5.6750e-01    1.148988e-01
      5.6800e-01    1.029821e-01
      5.6850e-01    9.199847e-02
      5.6900e-01    8.102748e-02
      5.6950e-01    7.233268e-02
      5.7000e-01    6.334301e-02
      5.7050e-01    5.518398e-02
      5.7100e-01    4.806237e-02
      5.7150e-01    4.146575e-02
      5.7200e-01    3.580046e-02
      5.7250e-01    3.096402e-02
      5.7300e-01    2.674606e-02
      5.7350e-01    2.324728e-02
      5.7400e-01    2.026271e-02
      5.7450e-01    1.779775e-02
      5.7500e-01    1.564382e-02
      5.7550e-01    1.389803e-02
      5.7600e-01    1.235900e-02
      5.7650e-01    1.102673e-02
      5.7700e-01    9.795143e-03
      5.7750e-01    8.667839e-03
      5.7800e-01    7.540534e-03
      5.7850e-01    6.619992e-03
      5.7900e-01    5.699450e-03
      5.7950e-01    4.881390e-03
      5.8000e-01    4.167611e-03
      5.8050e-01    3.556313e-03
      5.8100e-01    3.047498e-03
      5.8150e-01    2.639367e-03
      5.8200e-01    2.233034e-03
      5.8250e-01    1.927385e-03
      5.8300e-01    1.724218e-03
      5.8350e-01    1.521052e-03
      5.8400e-01    1.418570e-03
      5.8450e-01    1.317885e-03
      5.8500e-01    1.215403e-03
      5.8550e-01    1.114719e-03
      5.8600e-01    1.012237e-03
      5.8650e-01    1.012237e-03
      5.8700e-01    1.012237e-03
      5.8750e-01    9.115524e-04
      5.8800e-01    9.097545e-04
      5.8850e-01    9.097545e-04
      5.8900e-01    9.097545e-04
      5.8950e-01    9.097545e-04
      5.9000e-01    9.097545e-04
      5.9050e-01    9.097545e-04
      5.9100e-01    9.097545e-04
      5.9150e-01    9.079566e-04
      5.9200e-01    9.079566e-04
      5.9250e-01    9.079566e-04
      5.9300e-01    9.079566e-04
      5.9350e-01    8.072723e-04
      5.9400e-01    8.072723e-04
      5.9450e-01    8.072723e-04
      5.9500e-01    8.072723e-04
      5.9550e-01    8.054744e-04
      5.9600e-01    8.054744e-04
      5.9650e-01    8.054744e-04
      5.9700e-01    7.047901e-04
      5.9750e-01    7.047901e-04
      5.9800e-01    7.047901e-04
      5.9850e-01    7.047901e-04
      5.9900e-01    6.041058e-04
      5.9950e-01    6.041058e-04
      6.0000e-01    5.034215e-04
      6.0050e-01    5.034215e-04
      6.0100e-01    4.027372e-04
      6.0150e-01    3.020529e-04
      6.0200e-01    3.020529e-04
      6.0250e-01    2.013686e-04
      6.0300e-01    2.013686e-04
      6.0350e-01    2.013686e-04
      6.0400e-01    1.006843e-04
      6.0450e-01    1.006843e-04
      6.0500e-01    1.006843e-04
      6.0550e-01    1.006843e-04
      6.0600e-01    1.006843e-04
      6.0650e-01    1.006843e-04
      6.0700e-01    1.006843e-04
      6.0750e-01    1.006843e-04
      6.0800e-01    1.006843e-04
