#  wavelength_um     transmission
#
      1.9605e+00    4.400000e-03
      1.9610e+00    3.300000e-03
      1.9615e+00    4.100000e-03
      1.9620e+00    3.900000e-03
      1.9625e+00    4.700000e-03
      1.9630e+00    4.200000e-03
      1.9635e+00    3.400000e-03
      1.9640e+00    3.200000e-03
      1.9645e+00    3.800000e-03
      1.9650e+00    5.300000e-03
      1.9655e+00    4.600000e-03
      1.9660e+00    3.500000e-03
      1.9665e+00    4.700000e-03
      1.9670e+00    6.100000e-03
      1.9675e+00    5.200000e-03
      1.9680e+00    4.000000e-03
      1.9685e+00    6.100000e-03
      1.9690e+00    6.500000e-03
      1.9695e+00    5.300000e-03
      1.9700e+00    6.000000e-03
      1.9705e+00    7.300000e-03
      1.9710e+00    5.900000e-03
      1.9715e+00    5.300000e-03
      1.9720e+00    7.200000e-03
      1.9725e+00    7.100000e-03
      1.9730e+00    7.000000e-03
      1.9735e+00    8.300000e-03
      1.9740e+00    7.300000e-03
      1.9745e+00    7.700000e-03
      1.9750e+00    9.000000e-03
      1.9755e+00    8.600000e-03
      1.9760e+00    8.400000e-03
      1.9765e+00    9.600000e-03
      1.9770e+00    9.400000e-03
      1.9775e+00    9.600000e-03
      1.9780e+00    1.000000e-02
      1.9785e+00    1.000000e-02
      1.9790e+00    1.060000e-02
      1.9795e+00    1.020000e-02
      1.9800e+00    8.300000e-03
      1.9805e+00    9.200000e-03
      1.9810e+00    1.140000e-02
      1.9815e+00    1.180000e-02
      1.9820e+00    1.200000e-02
      1.9825e+00    1.220000e-02
      1.9830e+00    1.180000e-02
      1.9835e+00    1.280000e-02
      1.9840e+00    1.310000e-02
      1.9845e+00    1.330000e-02
      1.9850e+00    1.330000e-02
      1.9855e+00    1.360000e-02
      1.9860e+00    1.420000e-02
      1.9865e+00    1.440000e-02
      1.9870e+00    1.110000e-02
      1.9875e+00    1.490000e-02
      1.9880e+00    1.540000e-02
      1.9885e+00    1.580000e-02
      1.9890e+00    1.620000e-02
      1.9895e+00    1.650000e-02
      1.9900e+00    1.510000e-02
      1.9905e+00    1.630000e-02
      1.9910e+00    1.750000e-02
      1.9915e+00    1.820000e-02
      1.9920e+00    1.850000e-02
      1.9925e+00    1.890000e-02
      1.9930e+00    1.940000e-02
      1.9935e+00    1.980000e-02
      1.9940e+00    1.930000e-02
      1.9945e+00    2.030000e-02
      1.9950e+00    2.110000e-02
      1.9955e+00    2.060000e-02
      1.9960e+00    2.120000e-02
      1.9965e+00    2.090000e-02
      1.9970e+00    2.030000e-02
      1.9975e+00    2.020000e-02
      1.9980e+00    1.810000e-02
      1.9985e+00    1.860000e-02
      1.9990e+00    1.710000e-02
      1.9995e+00    1.710000e-02
      2.0000e+00    1.820000e-02
      2.0005e+00    1.640000e-02
      2.0010e+00    1.390000e-02
      2.0015e+00    1.180000e-02
      2.0020e+00    1.170000e-02
      2.0025e+00    1.060000e-02
      2.0030e+00    8.500000e-03
      2.0035e+00    1.030000e-02
      2.0040e+00    1.020000e-02
      2.0045e+00    9.500000e-03
      2.0050e+00    1.160000e-02
      2.0055e+00    1.290000e-02
      2.0060e+00    1.710000e-02
      2.0065e+00    2.080000e-02
      2.0070e+00    2.210000e-02
      2.0075e+00    1.970000e-02
      2.0080e+00    1.790000e-02
      2.0085e+00    2.590000e-02
      2.0090e+00    3.650000e-02
      2.0095e+00    2.420000e-02
      2.0100e+00    2.610000e-02
      2.0105e+00    3.220000e-02
      2.0110e+00    2.300000e-02
      2.0115e+00    1.780000e-02
      2.0120e+00    2.790000e-02
      2.0125e+00    3.310000e-02
      2.0130e+00    2.290000e-02
      2.0135e+00    1.970000e-02
      2.0140e+00    3.730000e-02
      2.0145e+00    3.250000e-02
      2.0150e+00    1.910000e-02
      2.0155e+00    4.270000e-02
      2.0160e+00    3.860000e-02
      2.0165e+00    2.460000e-02
      2.0170e+00    4.700000e-02
      2.0175e+00    4.060000e-02
      2.0180e+00    3.210000e-02
      2.0185e+00    5.830000e-02
      2.0190e+00    4.020000e-02
      2.0195e+00    5.620000e-02
      2.0200e+00    6.300000e-02
      2.0205e+00    4.680000e-02
      2.0210e+00    7.410000e-02
      2.0215e+00    5.900000e-02
      2.0220e+00    6.870000e-02
      2.0225e+00    8.430000e-02
      2.0230e+00    6.680000e-02
      2.0235e+00    8.900000e-02
      2.0240e+00    7.390000e-02
      2.0245e+00    9.220000e-02
      2.0250e+00    9.180000e-02
      2.0255e+00    9.630000e-02
      2.0260e+00    1.022000e-01
      2.0265e+00    9.890000e-02
      2.0270e+00    1.098000e-01
      2.0275e+00    1.040000e-01
      2.0280e+00    1.139000e-01
      2.0285e+00    1.091000e-01
      2.0290e+00    1.215000e-01
      2.0295e+00    1.187000e-01
      2.0300e+00    1.277000e-01
      2.0305e+00    1.255000e-01
      2.0310e+00    1.310000e-01
      2.0315e+00    1.330000e-01
      2.0320e+00    1.360000e-01
      2.0325e+00    1.376000e-01
      2.0330e+00    1.393000e-01
      2.0335e+00    1.411000e-01
      2.0340e+00    1.447000e-01
      2.0345e+00    1.468000e-01
      2.0350e+00    1.492000e-01
      2.0355e+00    1.512000e-01
      2.0360e+00    1.529000e-01
      2.0365e+00    1.549000e-01
      2.0370e+00    1.570000e-01
      2.0375e+00    1.588000e-01
      2.0380e+00    1.610000e-01
      2.0385e+00    1.623000e-01
      2.0390e+00    1.645000e-01
      2.0395e+00    1.648000e-01
      2.0400e+00    1.622000e-01
      2.0405e+00    1.624000e-01
      2.0410e+00    1.650000e-01
      2.0415e+00    1.660000e-01
      2.0420e+00    1.684000e-01
      2.0425e+00    1.738000e-01
      2.0430e+00    1.761000e-01
      2.0435e+00    1.782000e-01
      2.0440e+00    1.749000e-01
      2.0445e+00    1.764000e-01
      2.0450e+00    1.802000e-01
      2.0455e+00    1.825000e-01
      2.0460e+00    1.827000e-01
      2.0465e+00    1.808000e-01
      2.0470e+00    1.799000e-01
      2.0475e+00    1.767000e-01
      2.0480e+00    1.723000e-01
      2.0485e+00    1.731000e-01
      2.0490e+00    1.707000e-01
      2.0495e+00    1.575000e-01
      2.0500e+00    1.562000e-01
      2.0505e+00    1.521000e-01
      2.0510e+00    1.352000e-01
      2.0515e+00    1.353000e-01
      2.0520e+00    1.382000e-01
      2.0525e+00    1.382000e-01
      2.0530e+00    1.579000e-01
      2.0535e+00    1.636000e-01
      2.0540e+00    1.547000e-01
      2.0545e+00    1.351000e-01
      2.0550e+00    1.201000e-01
      2.0555e+00    1.168000e-01
      2.0560e+00    1.491000e-01
      2.0565e+00    1.622000e-01
      2.0570e+00    1.606000e-01
      2.0575e+00    1.303000e-01
      2.0580e+00    1.300000e-01
      2.0585e+00    1.684000e-01
      2.0590e+00    1.830000e-01
      2.0595e+00    1.728000e-01
      2.0600e+00    1.711000e-01
      2.0605e+00    1.994000e-01
      2.0610e+00    1.602000e-01
      2.0615e+00    1.659000e-01
      2.0620e+00    1.884000e-01
      2.0625e+00    1.627000e-01
      2.0630e+00    1.222000e-01
      2.0635e+00    1.682000e-01
      2.0640e+00    1.814000e-01
      2.0645e+00    1.312000e-01
      2.0650e+00    1.457000e-01
      2.0655e+00    1.867000e-01
      2.0660e+00    1.551000e-01
      2.0665e+00    1.363000e-01
      2.0670e+00    1.863000e-01
      2.0675e+00    1.747000e-01
      2.0680e+00    1.387000e-01
      2.0685e+00    1.887000e-01
      2.0690e+00    1.827000e-01
      2.0695e+00    1.475000e-01
      2.0700e+00    1.940000e-01
      2.0705e+00    1.830000e-01
      2.0710e+00    1.591000e-01
      2.0715e+00    1.979000e-01
      2.0720e+00    1.758000e-01
      2.0725e+00    1.814000e-01
      2.0730e+00    2.038000e-01
      2.0735e+00    1.756000e-01
      2.0740e+00    1.964000e-01
      2.0745e+00    1.962000e-01
      2.0750e+00    1.761000e-01
      2.0755e+00    2.044000e-01
      2.0760e+00    1.958000e-01
      2.0765e+00    2.025000e-01
      2.0770e+00    2.046000e-01
      2.0775e+00    1.967000e-01
      2.0780e+00    2.082000e-01
      2.0785e+00    2.053000e-01
      2.0790e+00    2.111000e-01
      2.0795e+00    2.134000e-01
      2.0800e+00    2.090000e-01
      2.0805e+00    2.141000e-01
      2.0810e+00    2.106000e-01
      2.0815e+00    2.119000e-01
      2.0820e+00    2.096000e-01
      2.0825e+00    2.100000e-01
      2.0830e+00    2.102000e-01
      2.0835e+00    2.096000e-01
      2.0840e+00    2.093000e-01
      2.0845e+00    2.107000e-01
      2.0850e+00    2.089000e-01
      2.0855e+00    2.090000e-01
      2.0860e+00    2.130000e-01
      2.0865e+00    2.144000e-01
      2.0870e+00    2.106000e-01
      2.0875e+00    2.155000e-01
      2.0880e+00    2.161000e-01
      2.0885e+00    2.114000e-01
      2.0890e+00    2.172000e-01
      2.0895e+00    2.162000e-01
      2.0900e+00    2.113000e-01
      2.0905e+00    2.186000e-01
      2.0910e+00    2.162000e-01
      2.0915e+00    2.167000e-01
      2.0920e+00    2.194000e-01
      2.0925e+00    2.160000e-01
      2.0930e+00    2.196000e-01
      2.0935e+00    2.190000e-01
      2.0940e+00    2.151000e-01
      2.0945e+00    2.205000e-01
      2.0950e+00    2.195000e-01
      2.0955e+00    2.206000e-01
      2.0960e+00    2.205000e-01
      2.0965e+00    2.210000e-01
      2.0970e+00    2.214000e-01
      2.0975e+00    2.214000e-01
      2.0980e+00    2.213000e-01
      2.0985e+00    2.184000e-01
      2.0990e+00    2.191000e-01
      2.0995e+00    2.224000e-01
      2.1000e+00    2.219000e-01
      2.1005e+00    2.195000e-01
      2.1010e+00    2.216000e-01
      2.1015e+00    2.198000e-01
      2.1020e+00    2.211000e-01
      2.1025e+00    2.220000e-01
      2.1030e+00    2.221000e-01
      2.1035e+00    2.231000e-01
      2.1040e+00    2.232000e-01
      2.1045e+00    2.227000e-01
      2.1050e+00    2.221000e-01
      2.1055e+00    2.229000e-01
      2.1060e+00    2.231000e-01
      2.1065e+00    2.227000e-01
      2.1070e+00    2.228000e-01
      2.1075e+00    2.222000e-01
      2.1080e+00    2.226000e-01
      2.1085e+00    2.227000e-01
      2.1090e+00    2.219000e-01
      2.1095e+00    2.220000e-01
      2.1100e+00    2.219000e-01
      2.1105e+00    2.223000e-01
      2.1110e+00    2.220000e-01
      2.1115e+00    2.231000e-01
      2.1120e+00    2.211000e-01
      2.1125e+00    2.216000e-01
      2.1130e+00    2.242000e-01
      2.1135e+00    2.240000e-01
      2.1140e+00    2.233000e-01
      2.1145e+00    2.245000e-01
      2.1150e+00    2.239000e-01
      2.1155e+00    2.235000e-01
      2.1160e+00    2.241000e-01
      2.1165e+00    2.236000e-01
      2.1170e+00    2.237000e-01
      2.1175e+00    2.243000e-01
      2.1180e+00    2.239000e-01
      2.1185e+00    2.173000e-01
      2.1190e+00    2.242000e-01
      2.1195e+00    2.238000e-01
      2.1200e+00    2.232000e-01
      2.1205e+00    2.236000e-01
      2.1210e+00    2.244000e-01
      2.1215e+00    2.242000e-01
      2.1220e+00    2.247000e-01
      2.1225e+00    2.248000e-01
      2.1230e+00    2.249000e-01
      2.1235e+00    2.250000e-01
      2.1240e+00    2.250000e-01
      2.1245e+00    2.211000e-01
      2.1250e+00    2.249000e-01
      2.1255e+00    2.255000e-01
      2.1260e+00    2.257000e-01
      2.1265e+00    2.258000e-01
      2.1270e+00    2.259000e-01
      2.1275e+00    2.244000e-01
      2.1280e+00    2.231000e-01
      2.1285e+00    2.261000e-01
      2.1290e+00    2.261000e-01
      2.1295e+00    2.262000e-01
      2.1300e+00    2.263000e-01
      2.1305e+00    2.264000e-01
      2.1310e+00    2.266000e-01
      2.1315e+00    2.266000e-01
      2.1320e+00    2.267000e-01
      2.1325e+00    2.267000e-01
      2.1330e+00    2.268000e-01
      2.1335e+00    2.269000e-01
      2.1340e+00    2.270000e-01
      2.1345e+00    2.271000e-01
      2.1350e+00    2.271000e-01
      2.1355e+00    2.271000e-01
      2.1360e+00    2.258000e-01
      2.1365e+00    2.273000e-01
      2.1370e+00    2.274000e-01
      2.1375e+00    2.275000e-01
      2.1380e+00    2.276000e-01
      2.1385e+00    2.276000e-01
      2.1390e+00    2.276000e-01
      2.1395e+00    2.277000e-01
      2.1400e+00    2.278000e-01
      2.1405e+00    2.279000e-01
      2.1410e+00    2.279000e-01
      2.1415e+00    2.280000e-01
      2.1420e+00    2.281000e-01
      2.1425e+00    2.281000e-01
      2.1430e+00    2.274000e-01
      2.1435e+00    2.280000e-01
      2.1440e+00    2.283000e-01
      2.1445e+00    2.282000e-01
      2.1450e+00    2.284000e-01
      2.1455e+00    2.285000e-01
      2.1460e+00    2.284000e-01
      2.1465e+00    2.285000e-01
      2.1470e+00    2.284000e-01
      2.1475e+00    2.281000e-01
      2.1480e+00    2.280000e-01
      2.1485e+00    2.284000e-01
      2.1490e+00    2.274000e-01
      2.1495e+00    2.277000e-01
      2.1500e+00    2.274000e-01
      2.1505e+00    2.282000e-01
      2.1510e+00    2.279000e-01
      2.1515e+00    2.248000e-01
      2.1520e+00    2.268000e-01
      2.1525e+00    2.271000e-01
      2.1530e+00    2.260000e-01
      2.1535e+00    2.275000e-01
      2.1540e+00    2.283000e-01
      2.1545e+00    2.284000e-01
      2.1550e+00    2.274000e-01
      2.1555e+00    2.274000e-01
      2.1560e+00    2.292000e-01
      2.1565e+00    2.285000e-01
      2.1570e+00    2.290000e-01
      2.1575e+00    2.287000e-01
      2.1580e+00    2.289000e-01
      2.1585e+00    2.291000e-01
      2.1590e+00    2.264000e-01
      2.1595e+00    2.289000e-01
      2.1600e+00    2.276000e-01
      2.1605e+00    2.292000e-01
      2.1610e+00    2.239000e-01
      2.1615e+00    2.267000e-01
      2.1620e+00    2.290000e-01
      2.1625e+00    2.279000e-01
      2.1630e+00    2.287000e-01
      2.1635e+00    2.160000e-01
      2.1640e+00    2.288000e-01
      2.1645e+00    2.292000e-01
      2.1650e+00    2.287000e-01
      2.1655e+00    2.286000e-01
      2.1660e+00    2.288000e-01
      2.1665e+00    2.281000e-01
      2.1670e+00    2.242000e-01
      2.1675e+00    2.285000e-01
      2.1680e+00    2.281000e-01
      2.1685e+00    2.253000e-01
      2.1690e+00    2.278000e-01
      2.1695e+00    2.290000e-01
      2.1700e+00    2.290000e-01
      2.1705e+00    2.281000e-01
      2.1710e+00    2.291000e-01
      2.1715e+00    2.291000e-01
      2.1720e+00    2.290000e-01
      2.1725e+00    2.213000e-01
      2.1730e+00    2.259000e-01
      2.1735e+00    2.289000e-01
      2.1740e+00    2.282000e-01
      2.1745e+00    2.248000e-01
      2.1750e+00    2.277000e-01
      2.1755e+00    2.283000e-01
      2.1760e+00    2.277000e-01
      2.1765e+00    2.270000e-01
      2.1770e+00    2.288000e-01
      2.1775e+00    2.288000e-01
      2.1780e+00    2.279000e-01
      2.1785e+00    2.162000e-01
      2.1790e+00    2.278000e-01
      2.1795e+00    2.258000e-01
      2.1800e+00    2.285000e-01
      2.1805e+00    2.285000e-01
      2.1810e+00    2.285000e-01
      2.1815e+00    2.285000e-01
      2.1820e+00    2.285000e-01
      2.1825e+00    2.281000e-01
      2.1830e+00    2.268000e-01
      2.1835e+00    2.199000e-01
      2.1840e+00    2.216000e-01
      2.1845e+00    2.264000e-01
      2.1850e+00    2.171000e-01
      2.1855e+00    2.275000e-01
      2.1860e+00    2.281000e-01
      2.1865e+00    2.281000e-01
      2.1870e+00    2.264000e-01
      2.1875e+00    2.273000e-01
      2.1880e+00    2.265000e-01
      2.1885e+00    2.272000e-01
      2.1890e+00    2.280000e-01
      2.1895e+00    2.251000e-01
      2.1900e+00    2.277000e-01
      2.1905e+00    2.238000e-01
      2.1910e+00    2.278000e-01
      2.1915e+00    2.279000e-01
      2.1920e+00    2.279000e-01
      2.1925e+00    2.278000e-01
      2.1930e+00    2.278000e-01
      2.1935e+00    2.278000e-01
      2.1940e+00    2.278000e-01
      2.1945e+00    2.249000e-01
      2.1950e+00    2.203000e-01
      2.1955e+00    2.276000e-01
      2.1960e+00    2.277000e-01
      2.1965e+00    2.268000e-01
      2.1970e+00    2.276000e-01
      2.1975e+00    2.269000e-01
      2.1980e+00    2.258000e-01
      2.1985e+00    2.209000e-01
      2.1990e+00    2.235000e-01
      2.1995e+00    2.155000e-01
      2.2000e+00    2.067000e-01
      2.2005e+00    2.025000e-01
      2.2010e+00    2.249000e-01
      2.2015e+00    2.229000e-01
      2.2020e+00    2.208000e-01
      2.2025e+00    2.206000e-01
      2.2030e+00    2.231000e-01
      2.2035e+00    2.262000e-01
      2.2040e+00    2.250000e-01
      2.2045e+00    2.238000e-01
      2.2050e+00    2.169000e-01
      2.2055e+00    2.256000e-01
      2.2060e+00    2.264000e-01
      2.2065e+00    2.276000e-01
      2.2070e+00    2.276000e-01
      2.2075e+00    2.269000e-01
      2.2080e+00    2.281000e-01
      2.2085e+00    2.284000e-01
      2.2090e+00    2.285000e-01
      2.2095e+00    2.285000e-01
      2.2100e+00    2.286000e-01
      2.2105e+00    2.279000e-01
      2.2110e+00    2.266000e-01
      2.2115e+00    2.282000e-01
      2.2120e+00    2.289000e-01
      2.2125e+00    2.290000e-01
      2.2130e+00    2.291000e-01
      2.2135e+00    2.292000e-01
      2.2140e+00    2.289000e-01
      2.2145e+00    2.290000e-01
      2.2150e+00    2.278000e-01
      2.2155e+00    2.294000e-01
      2.2160e+00    2.242000e-01
      2.2165e+00    2.182000e-01
      2.2170e+00    2.289000e-01
      2.2175e+00    2.296000e-01
      2.2180e+00    2.292000e-01
      2.2185e+00    2.290000e-01
      2.2190e+00    2.301000e-01
      2.2195e+00    2.303000e-01
      2.2200e+00    2.301000e-01
      2.2205e+00    2.290000e-01
      2.2210e+00    2.297000e-01
      2.2215e+00    2.171000e-01
      2.2220e+00    2.252000e-01
      2.2225e+00    2.305000e-01
      2.2230e+00    2.305000e-01
      2.2235e+00    2.307000e-01
      2.2240e+00    2.299000e-01
      2.2245e+00    2.307000e-01
      2.2250e+00    2.308000e-01
      2.2255e+00    2.310000e-01
      2.2260e+00    2.302000e-01
      2.2265e+00    2.246000e-01
      2.2270e+00    2.267000e-01
      2.2275e+00    2.301000e-01
      2.2280e+00    2.313000e-01
      2.2285e+00    2.315000e-01
      2.2290e+00    2.318000e-01
      2.2295e+00    2.325000e-01
      2.2300e+00    2.328000e-01
      2.2305e+00    2.322000e-01
      2.2310e+00    2.316000e-01
      2.2315e+00    2.233000e-01
      2.2320e+00    2.313000e-01
      2.2325e+00    2.214000e-01
      2.2330e+00    2.316000e-01
      2.2335e+00    2.294000e-01
      2.2340e+00    2.331000e-01
      2.2345e+00    2.327000e-01
      2.2350e+00    2.332000e-01
      2.2355e+00    2.341000e-01
      2.2360e+00    2.310000e-01
      2.2365e+00    2.270000e-01
      2.2370e+00    2.334000e-01
      2.2375e+00    2.278000e-01
      2.2380e+00    2.283000e-01
      2.2385e+00    2.352000e-01
      2.2390e+00    2.358000e-01
      2.2395e+00    2.348000e-01
      2.2400e+00    2.355000e-01
      2.2405e+00    2.308000e-01
      2.2410e+00    2.339000e-01
      2.2415e+00    2.266000e-01
      2.2420e+00    2.369000e-01
      2.2425e+00    2.342000e-01
      2.2430e+00    2.338000e-01
      2.2435e+00    2.346000e-01
      2.2440e+00    2.261000e-01
      2.2445e+00    2.347000e-01
      2.2450e+00    2.376000e-01
      2.2455e+00    2.373000e-01
      2.2460e+00    2.283000e-01
      2.2465e+00    2.318000e-01
      2.2470e+00    2.262000e-01
      2.2475e+00    2.310000e-01
      2.2480e+00    2.375000e-01
      2.2485e+00    2.383000e-01
      2.2490e+00    2.367000e-01
      2.2495e+00    2.362000e-01
      2.2500e+00    2.360000e-01
      2.2505e+00    2.310000e-01
      2.2510e+00    2.344000e-01
      2.2515e+00    2.374000e-01
      2.2520e+00    2.375000e-01
      2.2525e+00    2.339000e-01
      2.2530e+00    2.345000e-01
      2.2535e+00    2.326000e-01
      2.2540e+00    2.226000e-01
      2.2545e+00    2.342000e-01
      2.2550e+00    2.373000e-01
      2.2555e+00    2.298000e-01
      2.2560e+00    2.273000e-01
      2.2565e+00    2.319000e-01
      2.2570e+00    2.219000e-01
      2.2575e+00    2.354000e-01
      2.2580e+00    2.339000e-01
      2.2585e+00    2.299000e-01
      2.2590e+00    2.378000e-01
      2.2595e+00    2.369000e-01
      2.2600e+00    2.318000e-01
      2.2605e+00    2.353000e-01
      2.2610e+00    2.151000e-01
      2.2615e+00    2.268000e-01
      2.2620e+00    2.227000e-01
      2.2625e+00    2.220000e-01
      2.2630e+00    2.389000e-01
      2.2635e+00    2.277000e-01
      2.2640e+00    2.324000e-01
      2.2645e+00    2.293000e-01
      2.2650e+00    2.249000e-01
      2.2655e+00    2.369000e-01
      2.2660e+00    2.373000e-01
      2.2665e+00    2.373000e-01
      2.2670e+00    2.348000e-01
      2.2675e+00    2.299000e-01
      2.2680e+00    2.285000e-01
      2.2685e+00    2.134000e-01
      2.2690e+00    2.212000e-01
      2.2695e+00    2.343000e-01
      2.2700e+00    2.339000e-01
      2.2705e+00    2.148000e-01
      2.2710e+00    2.349000e-01
      2.2715e+00    2.285000e-01
      2.2720e+00    2.298000e-01
      2.2725e+00    2.111000e-01
      2.2730e+00    2.335000e-01
      2.2735e+00    2.283000e-01
      2.2740e+00    2.343000e-01
      2.2745e+00    2.325000e-01
      2.2750e+00    2.263000e-01
      2.2755e+00    1.951000e-01
      2.2760e+00    2.072000e-01
      2.2765e+00    2.148000e-01
      2.2770e+00    2.221000e-01
      2.2775e+00    2.277000e-01
      2.2780e+00    2.276000e-01
      2.2785e+00    2.297000e-01
      2.2790e+00    2.302000e-01
      2.2795e+00    2.307000e-01
      2.2800e+00    2.302000e-01
      2.2805e+00    2.185000e-01
      2.2810e+00    2.126000e-01
      2.2815e+00    2.247000e-01
      2.2820e+00    2.267000e-01
      2.2825e+00    2.201000e-01
      2.2830e+00    1.837000e-01
      2.2835e+00    2.267000e-01
      2.2840e+00    1.929000e-01
      2.2845e+00    2.253000e-01
      2.2850e+00    2.200000e-01
      2.2855e+00    2.066000e-01
      2.2860e+00    2.251000e-01
      2.2865e+00    2.220000e-01
      2.2870e+00    2.214000e-01
      2.2875e+00    2.207000e-01
      2.2880e+00    2.224000e-01
      2.2885e+00    2.205000e-01
      2.2890e+00    2.212000e-01
      2.2895e+00    1.939000e-01
      2.2900e+00    1.853000e-01
      2.2905e+00    2.172000e-01
      2.2910e+00    2.130000e-01
      2.2915e+00    2.169000e-01
      2.2920e+00    2.183000e-01
      2.2925e+00    1.975000e-01
      2.2930e+00    2.179000e-01
      2.2935e+00    2.143000e-01
      2.2940e+00    2.050000e-01
      2.2945e+00    2.145000e-01
      2.2950e+00    1.955000e-01
      2.2955e+00    2.077000e-01
      2.2960e+00    2.014000e-01
      2.2965e+00    2.112000e-01
      2.2970e+00    2.148000e-01
      2.2975e+00    2.159000e-01
      2.2980e+00    2.077000e-01
      2.2985e+00    1.854000e-01
      2.2990e+00    2.005000e-01
      2.2995e+00    1.991000e-01
      2.3000e+00    1.964000e-01
      2.3005e+00    1.969000e-01
      2.3010e+00    2.005000e-01
      2.3015e+00    2.118000e-01
      2.3020e+00    2.068000e-01
      2.3025e+00    2.052000e-01
      2.3030e+00    2.088000e-01
      2.3035e+00    1.940000e-01
      2.3040e+00    1.984000e-01
      2.3045e+00    1.835000e-01
      2.3050e+00    2.021000e-01
      2.3055e+00    1.962000e-01
      2.3060e+00    2.025000e-01
      2.3065e+00    1.998000e-01
      2.3070e+00    2.068000e-01
      2.3075e+00    1.745000e-01
      2.3080e+00    2.063000e-01
      2.3085e+00    2.089000e-01
      2.3090e+00    2.043000e-01
      2.3095e+00    2.032000e-01
      2.3100e+00    2.052000e-01
      2.3105e+00    2.112000e-01
      2.3110e+00    2.115000e-01
      2.3115e+00    2.111000e-01
      2.3120e+00    2.057000e-01
      2.3125e+00    2.102000e-01
      2.3130e+00    2.114000e-01
      2.3135e+00    2.115000e-01
      2.3140e+00    2.115000e-01
      2.3145e+00    2.115000e-01
      2.3150e+00    2.109000e-01
      2.3155e+00    2.106000e-01
      2.3160e+00    1.933000e-01
      2.3165e+00    1.846000e-01
      2.3170e+00    1.463000e-01
      2.3175e+00    1.781000e-01
      2.3180e+00    1.760000e-01
      2.3185e+00    1.806000e-01
      2.3190e+00    1.999000e-01
      2.3195e+00    1.956000e-01
      2.3200e+00    2.003000e-01
      2.3205e+00    2.045000e-01
      2.3210e+00    2.025000e-01
      2.3215e+00    2.062000e-01
      2.3220e+00    1.967000e-01
      2.3225e+00    2.012000e-01
      2.3230e+00    2.059000e-01
      2.3235e+00    2.111000e-01
      2.3240e+00    2.064000e-01
      2.3245e+00    2.134000e-01
      2.3250e+00    2.124000e-01
      2.3255e+00    1.953000e-01
      2.3260e+00    2.146000e-01
      2.3265e+00    2.052000e-01
      2.3270e+00    2.151000e-01
      2.3275e+00    2.160000e-01
      2.3280e+00    2.170000e-01
      2.3285e+00    1.772000e-01
      2.3290e+00    2.106000e-01
      2.3295e+00    2.109000e-01
      2.3300e+00    2.184000e-01
      2.3305e+00    2.185000e-01
      2.3310e+00    2.096000e-01
      2.3315e+00    2.103000e-01
      2.3320e+00    2.083000e-01
      2.3325e+00    2.142000e-01
      2.3330e+00    2.170000e-01
      2.3335e+00    2.188000e-01
      2.3340e+00    2.071000e-01
      2.3345e+00    2.149000e-01
      2.3350e+00    2.072000e-01
      2.3355e+00    2.201000e-01
      2.3360e+00    2.047000e-01
      2.3365e+00    2.203000e-01
      2.3370e+00    2.223000e-01
      2.3375e+00    2.207000e-01
      2.3380e+00    2.165000e-01
      2.3385e+00    2.079000e-01
      2.3390e+00    2.171000e-01
      2.3395e+00    2.138000e-01
      2.3400e+00    1.883000e-01
      2.3405e+00    2.048000e-01
      2.3410e+00    2.068000e-01
      2.3415e+00    2.102000e-01
      2.3420e+00    2.147000e-01
      2.3425e+00    2.194000e-01
      2.3430e+00    2.226000e-01
      2.3435e+00    2.141000e-01
      2.3440e+00    2.223000e-01
      2.3445e+00    2.208000e-01
      2.3450e+00    2.106000e-01
      2.3455e+00    2.140000e-01
      2.3460e+00    2.193000e-01
      2.3465e+00    2.115000e-01
      2.3470e+00    2.172000e-01
      2.3475e+00    2.053000e-01
      2.3480e+00    1.979000e-01
      2.3485e+00    2.066000e-01
      2.3490e+00    2.216000e-01
      2.3495e+00    2.185000e-01
      2.3500e+00    2.184000e-01
      2.3505e+00    1.936000e-01
      2.3510e+00    1.808000e-01
      2.3515e+00    2.162000e-01
      2.3520e+00    2.107000e-01
      2.3525e+00    1.866000e-01
      2.3530e+00    2.207000e-01
      2.3535e+00    1.892000e-01
      2.3540e+00    2.247000e-01
      2.3545e+00    2.168000e-01
      2.3550e+00    2.139000e-01
      2.3555e+00    2.188000e-01
      2.3560e+00    1.652000e-01
      2.3565e+00    2.169000e-01
      2.3570e+00    2.168000e-01
      2.3575e+00    2.151000e-01
      2.3580e+00    2.090000e-01
      2.3585e+00    1.818000e-01
      2.3590e+00    1.768000e-01
      2.3595e+00    2.163000e-01
      2.3600e+00    2.144000e-01
      2.3605e+00    2.128000e-01
      2.3610e+00    2.115000e-01
      2.3615e+00    1.829000e-01
      2.3620e+00    2.024000e-01
      2.3625e+00    2.064000e-01
      2.3630e+00    2.049000e-01
      2.3635e+00    2.020000e-01
      2.3640e+00    1.818000e-01
      2.3645e+00    1.801000e-01
      2.3650e+00    1.962000e-01
      2.3655e+00    1.952000e-01
      2.3660e+00    1.899000e-01
      2.3665e+00    1.875000e-01
      2.3670e+00    1.855000e-01
      2.3675e+00    1.522000e-01
      2.3680e+00    1.788000e-01
      2.3685e+00    1.771000e-01
      2.3690e+00    1.637000e-01
      2.3695e+00    1.767000e-01
      2.3700e+00    1.516000e-01
      2.3705e+00    9.350000e-02
      2.3710e+00    1.262000e-01
      2.3715e+00    1.171000e-01
      2.3720e+00    1.441000e-01
      2.3725e+00    1.421000e-01
      2.3730e+00    1.493000e-01
      2.3735e+00    1.503000e-01
      2.3740e+00    1.551000e-01
      2.3745e+00    1.512000e-01
      2.3750e+00    1.457000e-01
      2.3755e+00    1.469000e-01
      2.3760e+00    1.445000e-01
      2.3765e+00    1.302000e-01
      2.3770e+00    1.256000e-01
      2.3775e+00    1.360000e-01
      2.3780e+00    1.261000e-01
      2.3785e+00    1.296000e-01
      2.3790e+00    1.340000e-01
      2.3795e+00    1.306000e-01
      2.3800e+00    1.184000e-01
      2.3805e+00    1.140000e-01
      2.3810e+00    1.248000e-01
      2.3815e+00    1.237000e-01
      2.3820e+00    1.221000e-01
      2.3825e+00    1.183000e-01
      2.3830e+00    1.018000e-01
      2.3835e+00    9.790000e-02
      2.3840e+00    7.790000e-02
      2.3845e+00    1.033000e-01
      2.3850e+00    1.088000e-01
      2.3855e+00    1.062000e-01
      2.3860e+00    8.450000e-02
      2.3865e+00    9.220000e-02
      2.3870e+00    1.002000e-01
      2.3875e+00    9.010000e-02
      2.3880e+00    8.230000e-02
      2.3885e+00    9.390000e-02
      2.3890e+00    9.380000e-02
      2.3895e+00    9.030000e-02
      2.3900e+00    8.220000e-02
      2.3905e+00    8.760000e-02
      2.3910e+00    7.980000e-02
      2.3915e+00    5.040000e-02
      2.3920e+00    8.230000e-02
      2.3925e+00    8.020000e-02
      2.3930e+00    7.780000e-02
      2.3935e+00    7.500000e-02
      2.3940e+00    7.530000e-02
      2.3945e+00    7.100000e-02
      2.3950e+00    6.990000e-02
      2.3955e+00    6.750000e-02
      2.3960e+00    6.930000e-02
      2.3965e+00    5.960000e-02
      2.3970e+00    5.990000e-02
      2.3975e+00    6.190000e-02
      2.3980e+00    6.200000e-02
      2.3985e+00    6.200000e-02
      2.3990e+00    5.920000e-02
      2.3995e+00    5.800000e-02
      2.4000e+00    5.770000e-02
      2.4005e+00    4.950000e-02
      2.4010e+00    5.570000e-02
      2.4015e+00    5.470000e-02
      2.4020e+00    5.230000e-02
      2.4025e+00    5.180000e-02
      2.4030e+00    5.040000e-02
      2.4035e+00    4.950000e-02
      2.4040e+00    4.280000e-02
      2.4045e+00    4.020000e-02
      2.4050e+00    4.620000e-02
      2.4055e+00    4.350000e-02
      2.4060e+00    4.230000e-02
      2.4065e+00    4.280000e-02
      2.4070e+00    3.200000e-02
      2.4075e+00    3.730000e-02
      2.4080e+00    3.850000e-02
      2.4085e+00    3.930000e-02
      2.4090e+00    3.740000e-02
      2.4095e+00    3.600000e-02
      2.4100e+00    2.850000e-02
      2.4105e+00    3.510000e-02
      2.4110e+00    3.470000e-02
      2.4115e+00    3.260000e-02
      2.4120e+00    3.130000e-02
      2.4125e+00    3.180000e-02
      2.4130e+00    3.130000e-02
      2.4135e+00    3.000000e-02
      2.4140e+00    2.800000e-02
      2.4145e+00    2.410000e-02
      2.4150e+00    2.800000e-02
      2.4155e+00    2.630000e-02
      2.4160e+00    1.460000e-02
      2.4165e+00    2.370000e-02
      2.4170e+00    2.510000e-02
      2.4175e+00    2.420000e-02
      2.4180e+00    2.360000e-02
      2.4185e+00    1.360000e-02
      2.4190e+00    1.520000e-02
      2.4195e+00    1.610000e-02
      2.4200e+00    2.110000e-02
      2.4205e+00    2.090000e-02
      2.4210e+00    2.030000e-02
      2.4215e+00    1.980000e-02
      2.4220e+00    1.800000e-02
      2.4225e+00    1.860000e-02
      2.4230e+00    1.810000e-02
      2.4235e+00    1.770000e-02
      2.4240e+00    1.350000e-02
      2.4245e+00    1.640000e-02
      2.4250e+00    1.570000e-02
      2.4255e+00    1.560000e-02
      2.4260e+00    1.510000e-02
      2.4265e+00    1.170000e-02
      2.4270e+00    1.450000e-02
      2.4275e+00    1.400000e-02
      2.4280e+00    1.370000e-02
      2.4285e+00    1.350000e-02
      2.4290e+00    1.300000e-02
      2.4295e+00    1.260000e-02
      2.4300e+00    1.220000e-02
      2.4305e+00    1.200000e-02
      2.4310e+00    1.160000e-02
      2.4315e+00    1.130000e-02
      2.4320e+00    1.100000e-02
      2.4325e+00    1.060000e-02
      2.4330e+00    9.900000e-03
      2.4335e+00    8.100000e-03
      2.4340e+00    9.700000e-03
      2.4345e+00    9.100000e-03
      2.4350e+00    7.400000e-03
