#  wavelength_um     transmission
#
      9.6350e-01    4.400000e-03
      9.6400e-01    4.400000e-03
      9.6450e-01    5.300000e-03
      9.6500e-01    5.800000e-03
      9.6550e-01    6.700000e-03
      9.6600e-01    7.400000e-03
      9.6650e-01    7.700000e-03
      9.6700e-01    9.100000e-03
      9.6750e-01    1.030000e-02
      9.6800e-01    1.160000e-02
      9.6850e-01    1.270000e-02
      9.6900e-01    1.450000e-02
      9.6950e-01    1.620000e-02
      9.7000e-01    1.810000e-02
      9.7050e-01    1.990000e-02
      9.7100e-01    2.280000e-02
      9.7150e-01    2.560000e-02
      9.7200e-01    2.830000e-02
      9.7250e-01    3.140000e-02
      9.7300e-01    3.540000e-02
      9.7350e-01    3.920000e-02
      9.7400e-01    4.220000e-02
      9.7450e-01    4.700000e-02
      9.7500e-01    5.250000e-02
      9.7550e-01    5.780000e-02
      9.7600e-01    6.160000e-02
      9.7650e-01    6.790000e-02
      9.7700e-01    7.520000e-02
      9.7750e-01    8.120000e-02
      9.7800e-01    8.670000e-02
      9.7850e-01    9.030000e-02
      9.7900e-01    9.830000e-02
      9.7950e-01    1.011000e-01
      9.8000e-01    1.088000e-01
      9.8050e-01    1.111000e-01
      9.8100e-01    1.181000e-01
      9.8150e-01    1.216000e-01
      9.8200e-01    1.250000e-01
      9.8250e-01    1.278000e-01
      9.8300e-01    1.306000e-01
      9.8350e-01    1.332000e-01
      9.8400e-01    1.360000e-01
      9.8450e-01    1.373000e-01
      9.8500e-01    1.389000e-01
      9.8550e-01    1.409000e-01
      9.8600e-01    1.422000e-01
      9.8650e-01    1.434000e-01
      9.8700e-01    1.442000e-01
      9.8750e-01    1.451000e-01
      9.8800e-01    1.463000e-01
      9.8850e-01    1.474000e-01
      9.8900e-01    1.483000e-01
      9.8950e-01    1.491000e-01
      9.9000e-01    1.500000e-01
      9.9050e-01    1.512000e-01
      9.9100e-01    1.522000e-01
      9.9150e-01    1.532000e-01
      9.9200e-01    1.543000e-01
      9.9250e-01    1.554000e-01
      9.9300e-01    1.562000e-01
      9.9350e-01    1.576000e-01
      9.9400e-01    1.588000e-01
      9.9450e-01    1.599000e-01
      9.9500e-01    1.611000e-01
      9.9550e-01    1.622000e-01
      9.9600e-01    1.634000e-01
      9.9650e-01    1.646000e-01
      9.9700e-01    1.656000e-01
      9.9750e-01    1.668000e-01
      9.9800e-01    1.677000e-01
      9.9850e-01    1.688000e-01
      9.9900e-01    1.697000e-01
      9.9950e-01    1.705000e-01
      1.0000e+00    1.714000e-01
      1.0005e+00    1.723000e-01
      1.0010e+00    1.730000e-01
      1.0015e+00    1.736000e-01
      1.0020e+00    1.739000e-01
      1.0025e+00    1.747000e-01
      1.0030e+00    1.753000e-01
      1.0035e+00    1.757000e-01
      1.0040e+00    1.759000e-01
      1.0045e+00    1.763000e-01
      1.0050e+00    1.766000e-01
      1.0055e+00    1.768000e-01
      1.0060e+00    1.770000e-01
      1.0065e+00    1.771000e-01
      1.0070e+00    1.772000e-01
      1.0075e+00    1.773000e-01
      1.0080e+00    1.772000e-01
      1.0085e+00    1.773000e-01
      1.0090e+00    1.772000e-01
      1.0095e+00    1.770000e-01
      1.0100e+00    1.772000e-01
      1.0105e+00    1.772000e-01
      1.0110e+00    1.771000e-01
      1.0115e+00    1.771000e-01
      1.0120e+00    1.769000e-01
      1.0125e+00    1.769000e-01
      1.0130e+00    1.769000e-01
      1.0135e+00    1.768000e-01
      1.0140e+00    1.768000e-01
      1.0145e+00    1.767000e-01
      1.0150e+00    1.767000e-01
      1.0155e+00    1.766000e-01
      1.0160e+00    1.767000e-01
      1.0165e+00    1.767000e-01
      1.0170e+00    1.767000e-01
      1.0175e+00    1.767000e-01
      1.0180e+00    1.768000e-01
      1.0185e+00    1.769000e-01
      1.0190e+00    1.769000e-01
      1.0195e+00    1.768000e-01
      1.0200e+00    1.771000e-01
      1.0205e+00    1.771000e-01
      1.0210e+00    1.773000e-01
      1.0215e+00    1.774000e-01
      1.0220e+00    1.775000e-01
      1.0225e+00    1.776000e-01
      1.0230e+00    1.777000e-01
      1.0235e+00    1.778000e-01
      1.0240e+00    1.778000e-01
      1.0245e+00    1.781000e-01
      1.0250e+00    1.783000e-01
      1.0255e+00    1.784000e-01
      1.0260e+00    1.785000e-01
      1.0265e+00    1.787000e-01
      1.0270e+00    1.788000e-01
      1.0275e+00    1.788000e-01
      1.0280e+00    1.791000e-01
      1.0285e+00    1.792000e-01
      1.0290e+00    1.793000e-01
      1.0295e+00    1.794000e-01
      1.0300e+00    1.795000e-01
      1.0305e+00    1.797000e-01
      1.0310e+00    1.798000e-01
      1.0315e+00    1.799000e-01
      1.0320e+00    1.801000e-01
      1.0325e+00    1.802000e-01
      1.0330e+00    1.803000e-01
      1.0335e+00    1.804000e-01
      1.0340e+00    1.805000e-01
      1.0345e+00    1.807000e-01
      1.0350e+00    1.808000e-01
      1.0355e+00    1.809000e-01
      1.0360e+00    1.811000e-01
      1.0365e+00    1.812000e-01
      1.0370e+00    1.813000e-01
      1.0375e+00    1.815000e-01
      1.0380e+00    1.816000e-01
      1.0385e+00    1.818000e-01
      1.0390e+00    1.819000e-01
      1.0395e+00    1.821000e-01
      1.0400e+00    1.822000e-01
      1.0405e+00    1.824000e-01
      1.0410e+00    1.826000e-01
      1.0415e+00    1.827000e-01
      1.0420e+00    1.829000e-01
      1.0425e+00    1.831000e-01
      1.0430e+00    1.832000e-01
      1.0435e+00    1.834000e-01
      1.0440e+00    1.835000e-01
      1.0445e+00    1.837000e-01
      1.0450e+00    1.838000e-01
      1.0455e+00    1.840000e-01
      1.0460e+00    1.841000e-01
      1.0465e+00    1.842000e-01
      1.0470e+00    1.844000e-01
      1.0475e+00    1.845000e-01
      1.0480e+00    1.846000e-01
      1.0485e+00    1.846000e-01
      1.0490e+00    1.847000e-01
      1.0495e+00    1.847000e-01
      1.0500e+00    1.847000e-01
      1.0505e+00    1.848000e-01
      1.0510e+00    1.849000e-01
      1.0515e+00    1.848000e-01
      1.0520e+00    1.848000e-01
      1.0525e+00    1.848000e-01
      1.0530e+00    1.848000e-01
      1.0535e+00    1.847000e-01
      1.0540e+00    1.847000e-01
      1.0545e+00    1.846000e-01
      1.0550e+00    1.845000e-01
      1.0555e+00    1.845000e-01
      1.0560e+00    1.844000e-01
      1.0565e+00    1.843000e-01
      1.0570e+00    1.842000e-01
      1.0575e+00    1.841000e-01
      1.0580e+00    1.841000e-01
      1.0585e+00    1.840000e-01
      1.0590e+00    1.839000e-01
      1.0595e+00    1.839000e-01
      1.0600e+00    1.839000e-01
      1.0605e+00    1.839000e-01
      1.0610e+00    1.839000e-01
      1.0615e+00    1.840000e-01
      1.0620e+00    1.840000e-01
      1.0625e+00    1.841000e-01
      1.0630e+00    1.842000e-01
      1.0635e+00    1.843000e-01
      1.0640e+00    1.844000e-01
      1.0645e+00    1.846000e-01
      1.0650e+00    1.848000e-01
      1.0655e+00    1.850000e-01
      1.0660e+00    1.852000e-01
      1.0665e+00    1.854000e-01
      1.0670e+00    1.856000e-01
      1.0675e+00    1.857000e-01
      1.0680e+00    1.856000e-01
      1.0685e+00    1.859000e-01
      1.0690e+00    1.860000e-01
      1.0695e+00    1.858000e-01
      1.0700e+00    1.856000e-01
      1.0705e+00    1.854000e-01
      1.0710e+00    1.848000e-01
      1.0715e+00    1.841000e-01
      1.0720e+00    1.830000e-01
      1.0725e+00    1.819000e-01
      1.0730e+00    1.803000e-01
      1.0735e+00    1.787000e-01
      1.0740e+00    1.762000e-01
      1.0745e+00    1.734000e-01
      1.0750e+00    1.704000e-01
      1.0755e+00    1.674000e-01
      1.0760e+00    1.634000e-01
      1.0765e+00    1.592000e-01
      1.0770e+00    1.544000e-01
      1.0775e+00    1.486000e-01
      1.0780e+00    1.441000e-01
      1.0785e+00    1.386000e-01
      1.0790e+00    1.326000e-01
      1.0795e+00    1.263000e-01
      1.0800e+00    1.197000e-01
      1.0805e+00    1.133000e-01
      1.0810e+00    1.069000e-01
      1.0815e+00    1.002000e-01
      1.0820e+00    9.430000e-02
      1.0825e+00    8.840000e-02
      1.0830e+00    8.260000e-02
      1.0835e+00    7.600000e-02
      1.0840e+00    7.120000e-02
      1.0845e+00    6.580000e-02
      1.0850e+00    6.120000e-02
      1.0855e+00    5.650000e-02
      1.0860e+00    5.180000e-02
      1.0865e+00    4.770000e-02
      1.0870e+00    4.410000e-02
      1.0875e+00    4.060000e-02
      1.0880e+00    3.740000e-02
      1.0885e+00    3.440000e-02
      1.0890e+00    3.160000e-02
      1.0895e+00    2.900000e-02
      1.0900e+00    2.680000e-02
      1.0905e+00    2.440000e-02
      1.0910e+00    2.270000e-02
      1.0915e+00    2.100000e-02
      1.0920e+00    1.930000e-02
      1.0925e+00    1.750000e-02
      1.0930e+00    1.630000e-02
      1.0935e+00    1.510000e-02
      1.0940e+00    1.390000e-02
      1.0945e+00    1.280000e-02
      1.0950e+00    1.180000e-02
      1.0955e+00    1.100000e-02
      1.0960e+00    1.000000e-02
      1.0965e+00    9.400000e-03
      1.0970e+00    8.800000e-03
      1.0975e+00    8.100000e-03
      1.0980e+00    7.500000e-03
      1.0985e+00    7.000000e-03
      1.0990e+00    6.500000e-03
      1.0995e+00    6.000000e-03
      1.1000e+00    5.600000e-03
      1.1005e+00    5.200000e-03
      1.1010e+00    4.800000e-03
      1.1015e+00    4.600000e-03
      1.1020e+00    4.200000e-03
      1.1025e+00    4.000000e-03
