#  wavelength_um     transmission
#
      1.4240e+00    2.791899e-04
      1.4245e+00    5.506026e-04
      1.4250e+00    7.246582e-04
      1.4255e+00    7.203314e-04
      1.4260e+00    7.922165e-04
      1.4265e+00    1.135967e-03
      1.4270e+00    1.106375e-03
      1.4275e+00    8.929516e-04
      1.4280e+00    8.748597e-04
      1.4285e+00    8.865097e-04
      1.4290e+00    1.054723e-03
      1.4295e+00    1.040992e-03
      1.4300e+00    1.189675e-03
      1.4305e+00    1.167152e-03
      1.4310e+00    7.537011e-04
      1.4315e+00    5.689549e-04
      1.4320e+00    5.167320e-04
      1.4325e+00    5.576597e-04
      1.4330e+00    7.107661e-04
      1.4335e+00    9.854022e-04
      1.4340e+00    6.975786e-04
      1.4345e+00    6.098640e-04
      1.4350e+00    8.923537e-04
      1.4355e+00    1.032983e-03
      1.4360e+00    1.025015e-03
      1.4365e+00    1.046183e-03
      1.4370e+00    1.123967e-03
      1.4375e+00    8.508414e-04
      1.4380e+00    1.031850e-03
      1.4385e+00    1.544419e-03
      1.4390e+00    1.486748e-03
      1.4395e+00    1.148470e-03
      1.4400e+00    1.248366e-03
      1.4405e+00    1.338106e-03
      1.4410e+00    1.151957e-03
      1.4415e+00    1.097499e-03
      1.4420e+00    1.254456e-03
      1.4425e+00    1.133926e-03
      1.4430e+00    1.200824e-03
      1.4435e+00    1.781706e-03
      1.4440e+00    1.832437e-03
      1.4445e+00    1.803128e-03
      1.4450e+00    1.695257e-03
      1.4455e+00    1.113905e-03
      1.4460e+00    1.249985e-03
      1.4465e+00    1.870498e-03
      1.4470e+00    2.031392e-03
      1.4475e+00    2.120282e-03
      1.4480e+00    2.464089e-03
      1.4485e+00    2.450193e-03
      1.4490e+00    2.573710e-03
      1.4495e+00    2.344196e-03
      1.4500e+00    1.872186e-03
      1.4505e+00    1.326389e-03
      1.4510e+00    1.436465e-03
      1.4515e+00    2.208834e-03
      1.4520e+00    2.371126e-03
      1.4525e+00    2.506116e-03
      1.4530e+00    2.774106e-03
      1.4535e+00    3.327237e-03
      1.4540e+00    3.481434e-03
      1.4545e+00    3.312335e-03
      1.4550e+00    2.965260e-03
      1.4555e+00    2.917977e-03
      1.4560e+00    3.416268e-03
      1.4565e+00    3.942681e-03
      1.4570e+00    3.841169e-03
      1.4575e+00    3.819964e-03
      1.4580e+00    4.166147e-03
      1.4585e+00    4.690563e-03
      1.4590e+00    5.309453e-03
      1.4595e+00    5.476267e-03
      1.4600e+00    5.256276e-03
      1.4605e+00    5.208212e-03
      1.4610e+00    6.036746e-03
      1.4615e+00    6.595864e-03
      1.4620e+00    7.649034e-03
      1.4625e+00    8.116574e-03
      1.4630e+00    7.239683e-03
      1.4635e+00    8.114133e-03
      1.4640e+00    1.066766e-02
      1.4645e+00    1.192934e-02
      1.4650e+00    1.086469e-02
      1.4655e+00    1.113233e-02
      1.4660e+00    1.262242e-02
      1.4665e+00    1.300827e-02
      1.4670e+00    1.462821e-02
      1.4675e+00    1.790671e-02
      1.4680e+00    2.193196e-02
      1.4685e+00    2.660315e-02
      1.4690e+00    2.757953e-02
      1.4695e+00    2.590417e-02
      1.4700e+00    2.874538e-02
      1.4705e+00    2.831167e-02
      1.4710e+00    2.937700e-02
      1.4715e+00    4.086386e-02
      1.4720e+00    4.514729e-02
      1.4725e+00    4.672901e-02
      1.4730e+00    5.885966e-02
      1.4735e+00    6.815723e-02
      1.4740e+00    8.144112e-02
      1.4745e+00    1.006505e-01
      1.4750e+00    1.114801e-01
      1.4755e+00    1.087019e-01
      1.4760e+00    1.105129e-01
      1.4765e+00    1.270481e-01
      1.4770e+00    1.326244e-01
      1.4775e+00    1.372147e-01
      1.4780e+00    1.469292e-01
      1.4785e+00    1.833951e-01
      1.4790e+00    2.016665e-01
      1.4795e+00    2.003531e-01
      1.4800e+00    1.986886e-01
      1.4805e+00    2.034154e-01
      1.4810e+00    2.474732e-01
      1.4815e+00    2.572025e-01
      1.4820e+00    2.600877e-01
      1.4825e+00    3.158232e-01
      1.4830e+00    3.608964e-01
      1.4835e+00    3.854056e-01
      1.4840e+00    3.871191e-01
      1.4845e+00    3.844087e-01
      1.4850e+00    4.217875e-01
      1.4855e+00    4.506332e-01
      1.4860e+00    4.589346e-01
      1.4865e+00    4.434381e-01
      1.4870e+00    4.631084e-01
      1.4875e+00    5.050077e-01
      1.4880e+00    5.307455e-01
      1.4885e+00    5.831820e-01
      1.4890e+00    6.267015e-01
      1.4895e+00    6.268376e-01
      1.4900e+00    6.634364e-01
      1.4905e+00    7.173151e-01
      1.4910e+00    7.063254e-01
      1.4915e+00    6.803586e-01
      1.4920e+00    7.234960e-01
      1.4925e+00    7.633996e-01
      1.4930e+00    7.875970e-01
      1.4935e+00    8.167388e-01
      1.4940e+00    8.272203e-01
      1.4945e+00    8.252891e-01
      1.4950e+00    8.154724e-01
      1.4955e+00    8.209055e-01
      1.4960e+00    8.316374e-01
      1.4965e+00    8.410944e-01
      1.4970e+00    8.830190e-01
      1.4975e+00    8.997740e-01
      1.4980e+00    8.874086e-01
      1.4985e+00    9.021678e-01
      1.4990e+00    9.158157e-01
      1.4995e+00    9.194775e-01
      1.5000e+00    9.355395e-01
      1.5005e+00    9.495715e-01
      1.5010e+00    9.531462e-01
      1.5015e+00    9.450046e-01
      1.5020e+00    9.372928e-01
      1.5025e+00    9.348310e-01
      1.5030e+00    9.244528e-01
      1.5035e+00    9.046409e-01
      1.5040e+00    8.863691e-01
      1.5045e+00    8.981704e-01
      1.5050e+00    9.263935e-01
      1.5055e+00    9.556095e-01
      1.5060e+00    9.681371e-01
      1.5065e+00    9.736515e-01
      1.5070e+00    9.692332e-01
      1.5075e+00    9.654657e-01
      1.5080e+00    9.527014e-01
      1.5085e+00    9.231132e-01
      1.5090e+00    9.250532e-01
      1.5095e+00    9.596195e-01
      1.5100e+00    9.737479e-01
      1.5105e+00    9.738105e-01
      1.5110e+00    9.750755e-01
      1.5115e+00    9.782458e-01
      1.5120e+00    9.765596e-01
      1.5125e+00    9.692931e-01
      1.5130e+00    9.678877e-01
      1.5135e+00    9.658458e-01
      1.5140e+00    9.646339e-01
      1.5145e+00    9.711995e-01
      1.5150e+00    9.769163e-01
      1.5155e+00    9.804409e-01
      1.5160e+00    9.745352e-01
      1.5165e+00    9.677548e-01
      1.5170e+00    9.682236e-01
      1.5175e+00    9.686133e-01
      1.5180e+00    9.729297e-01
      1.5185e+00    9.729517e-01
      1.5190e+00    9.688555e-01
      1.5195e+00    9.719830e-01
      1.5200e+00    9.758528e-01
      1.5205e+00    9.766059e-01
      1.5210e+00    9.790420e-01
      1.5215e+00    9.779409e-01
      1.5220e+00    9.770083e-01
      1.5225e+00    9.801288e-01
      1.5230e+00    9.804872e-01
      1.5235e+00    9.793875e-01
      1.5240e+00    9.785098e-01
      1.5245e+00    9.757787e-01
      1.5250e+00    9.752676e-01
      1.5255e+00    9.745055e-01
      1.5260e+00    9.735687e-01
      1.5265e+00    9.725656e-01
      1.5270e+00    9.720280e-01
      1.5275e+00    9.739214e-01
      1.5280e+00    9.766462e-01
      1.5285e+00    9.766923e-01
      1.5290e+00    9.767824e-01
      1.5295e+00    9.771952e-01
      1.5300e+00    9.769960e-01
      1.5305e+00    9.778141e-01
      1.5310e+00    9.771921e-01
      1.5315e+00    9.764347e-01
      1.5320e+00    9.783336e-01
      1.5325e+00    9.784846e-01
      1.5330e+00    9.773981e-01
      1.5335e+00    9.757890e-01
      1.5340e+00    9.743099e-01
      1.5345e+00    9.729799e-01
      1.5350e+00    9.719436e-01
      1.5355e+00    9.726555e-01
      1.5360e+00    9.747441e-01
      1.5365e+00    9.766103e-01
      1.5370e+00    9.780124e-01
      1.5375e+00    9.799857e-01
      1.5380e+00    9.811859e-01
      1.5385e+00    9.802605e-01
      1.5390e+00    9.785650e-01
      1.5395e+00    9.778988e-01
      1.5400e+00    9.776737e-01
      1.5405e+00    9.777196e-01
      1.5410e+00    9.785989e-01
      1.5415e+00    9.795607e-01
      1.5420e+00    9.798027e-01
      1.5425e+00    9.808820e-01
      1.5430e+00    9.819128e-01
      1.5435e+00    9.824217e-01
      1.5440e+00    9.827443e-01
      1.5445e+00    9.835723e-01
      1.5450e+00    9.846047e-01
      1.5455e+00    9.849536e-01
      1.5460e+00    9.855745e-01
      1.5465e+00    9.862858e-01
      1.5470e+00    9.870398e-01
      1.5475e+00    9.873658e-01
      1.5480e+00    9.874113e-01
      1.5485e+00    9.873127e-01
      1.5490e+00    9.871128e-01
      1.5495e+00    9.868683e-01
      1.5500e+00    9.865762e-01
      1.5505e+00    9.862929e-01
      1.5510e+00    9.857400e-01
      1.5515e+00    9.854641e-01
      1.5520e+00    9.849836e-01
      1.5525e+00    9.851963e-01
      1.5530e+00    9.856494e-01
      1.5535e+00    9.856687e-01
      1.5540e+00    9.854329e-01
      1.5545e+00    9.855960e-01
      1.5550e+00    9.856967e-01
      1.5555e+00    9.857848e-01
      1.5560e+00    9.853013e-01
      1.5565e+00    9.850215e-01
      1.5570e+00    9.845979e-01
      1.5575e+00    9.846383e-01
      1.5580e+00    9.844189e-01
      1.5585e+00    9.835968e-01
      1.5590e+00    9.834253e-01
      1.5595e+00    9.832203e-01
      1.5600e+00    9.834253e-01
      1.5605e+00    9.836062e-01
      1.5610e+00    9.838343e-01
      1.5615e+00    9.833039e-01
      1.5620e+00    9.828054e-01
      1.5625e+00    9.826814e-01
      1.5630e+00    9.832979e-01
      1.5635e+00    9.835516e-01
      1.5640e+00    9.836311e-01
      1.5645e+00    9.838978e-01
      1.5650e+00    9.845308e-01
      1.5655e+00    9.849245e-01
      1.5660e+00    9.851713e-01
      1.5665e+00    9.858800e-01
      1.5670e+00    9.857860e-01
      1.5675e+00    9.849036e-01
      1.5680e+00    9.828433e-01
      1.5685e+00    9.789925e-01
      1.5690e+00    9.727875e-01
      1.5695e+00    9.640668e-01
      1.5700e+00    9.534212e-01
      1.5705e+00    9.424176e-01
      1.5710e+00    9.324276e-01
      1.5715e+00    9.251662e-01
      1.5720e+00    9.208477e-01
      1.5725e+00    9.204850e-01
      1.5730e+00    9.239248e-01
      1.5735e+00    9.312117e-01
      1.5740e+00    9.423786e-01
      1.5745e+00    9.571374e-01
      1.5750e+00    9.720601e-01
      1.5755e+00    9.759107e-01
      1.5760e+00    9.667707e-01
      1.5765e+00    9.557815e-01
      1.5770e+00    9.486989e-01
      1.5775e+00    9.451337e-01
      1.5780e+00    9.447985e-01
      1.5785e+00    9.462143e-01
      1.5790e+00    9.494849e-01
      1.5795e+00    9.537967e-01
      1.5800e+00    9.585787e-01
      1.5805e+00    9.639071e-01
      1.5810e+00    9.684408e-01
      1.5815e+00    9.730505e-01
      1.5820e+00    9.771982e-01
      1.5825e+00    9.809595e-01
      1.5830e+00    9.837607e-01
      1.5835e+00    9.866851e-01
      1.5840e+00    9.896012e-01
      1.5845e+00    9.909303e-01
      1.5850e+00    9.924754e-01
      1.5855e+00    9.937719e-01
      1.5860e+00    9.945301e-01
      1.5865e+00    9.950462e-01
      1.5870e+00    9.956475e-01
      1.5875e+00    9.960876e-01
      1.5880e+00    9.964382e-01
      1.5885e+00    9.969319e-01
      1.5890e+00    9.973181e-01
      1.5895e+00    9.974000e-01
      1.5900e+00    9.972624e-01
      1.5905e+00    9.973353e-01
      1.5910e+00    9.975576e-01
      1.5915e+00    9.977752e-01
      1.5920e+00    9.978957e-01
      1.5925e+00    9.982449e-01
      1.5930e+00    9.983931e-01
      1.5935e+00    9.983821e-01
      1.5940e+00    9.984407e-01
      1.5945e+00    9.986436e-01
      1.5950e+00    9.990559e-01
      1.5955e+00    9.993306e-01
      1.5960e+00    9.990775e-01
      1.5965e+00    9.986106e-01
      1.5970e+00    9.981030e-01
      1.5975e+00    9.969548e-01
      1.5980e+00    9.948804e-01
      1.5985e+00    9.908211e-01
      1.5990e+00    9.845848e-01
      1.5995e+00    9.761543e-01
      1.6000e+00    9.658333e-01
      1.6005e+00    9.549502e-01
      1.6010e+00    9.446416e-01
      1.6015e+00    9.361527e-01
      1.6020e+00    9.297840e-01
      1.6025e+00    9.268073e-01
      1.6030e+00    9.271347e-01
      1.6035e+00    9.308945e-01
      1.6040e+00    9.387347e-01
      1.6045e+00    9.501473e-01
      1.6050e+00    9.649304e-01
      1.6055e+00    9.765297e-01
      1.6060e+00    9.747373e-01
      1.6065e+00    9.626557e-01
      1.6070e+00    9.518796e-01
      1.6075e+00    9.440612e-01
      1.6080e+00    9.396187e-01
      1.6085e+00    9.380093e-01
      1.6090e+00    9.379201e-01
      1.6095e+00    9.398188e-01
      1.6100e+00    9.421384e-01
      1.6105e+00    9.460489e-01
      1.6110e+00    9.501092e-01
      1.6115e+00    9.550174e-01
      1.6120e+00    9.591654e-01
      1.6125e+00    9.630407e-01
      1.6130e+00    9.665844e-01
      1.6135e+00    9.696280e-01
      1.6140e+00    9.728144e-01
      1.6145e+00    9.746267e-01
      1.6150e+00    9.758215e-01
      1.6155e+00    9.762600e-01
      1.6160e+00    9.768036e-01
      1.6165e+00    9.773499e-01
      1.6170e+00    9.777915e-01
      1.6175e+00    9.788175e-01
      1.6180e+00    9.791544e-01
      1.6185e+00    9.795958e-01
      1.6190e+00    9.800420e-01
      1.6195e+00    9.814008e-01
      1.6200e+00    9.819918e-01
      1.6205e+00    9.821416e-01
      1.6210e+00    9.824563e-01
      1.6215e+00    9.827879e-01
      1.6220e+00    9.828874e-01
      1.6225e+00    9.831872e-01
      1.6230e+00    9.838912e-01
      1.6235e+00    9.831953e-01
      1.6240e+00    9.832418e-01
      1.6245e+00    9.839441e-01
      1.6250e+00    9.845742e-01
      1.6255e+00    9.839767e-01
      1.6260e+00    9.838450e-01
      1.6265e+00    9.838658e-01
      1.6270e+00    9.833028e-01
      1.6275e+00    9.834784e-01
      1.6280e+00    9.832010e-01
      1.6285e+00    9.831462e-01
      1.6290e+00    9.832265e-01
      1.6295e+00    9.834626e-01
      1.6300e+00    9.824794e-01
      1.6305e+00    9.803428e-01
      1.6310e+00    9.815193e-01
      1.6315e+00    9.829866e-01
      1.6320e+00    9.830066e-01
      1.6325e+00    9.810828e-01
      1.6330e+00    9.800380e-01
      1.6335e+00    9.818688e-01
      1.6340e+00    9.834398e-01
      1.6345e+00    9.830160e-01
      1.6350e+00    9.789356e-01
      1.6355e+00    9.755626e-01
      1.6360e+00    9.792622e-01
      1.6365e+00    9.808992e-01
      1.6370e+00    9.785160e-01
      1.6375e+00    9.707934e-01
      1.6380e+00    9.711903e-01
      1.6385e+00    9.785904e-01
      1.6390e+00    9.792148e-01
      1.6395e+00    9.755457e-01
      1.6400e+00    9.648610e-01
      1.6405e+00    9.609032e-01
      1.6410e+00    9.698969e-01
      1.6415e+00    9.731569e-01
      1.6420e+00    9.708702e-01
      1.6425e+00    9.590519e-01
      1.6430e+00    9.507598e-01
      1.6435e+00    9.636985e-01
      1.6440e+00    9.730652e-01
      1.6445e+00    9.743038e-01
      1.6450e+00    9.650994e-01
      1.6455e+00    9.508178e-01
      1.6460e+00    9.628206e-01
      1.6465e+00    9.763837e-01
      1.6470e+00    9.778902e-01
      1.6475e+00    9.719363e-01
      1.6480e+00    9.577506e-01
      1.6485e+00    9.579964e-01
      1.6490e+00    9.703479e-01
      1.6495e+00    9.750284e-01
      1.6500e+00    9.755407e-01
      1.6505e+00    9.643488e-01
      1.6510e+00    9.545669e-01
      1.6515e+00    9.685377e-01
      1.6520e+00    9.794597e-01
      1.6525e+00    9.818377e-01
      1.6530e+00    9.777961e-01
      1.6535e+00    9.643600e-01
      1.6540e+00    9.656882e-01
      1.6545e+00    9.784947e-01
      1.6550e+00    9.802339e-01
      1.6555e+00    9.794268e-01
      1.6560e+00    9.761664e-01
      1.6565e+00    9.716106e-01
      1.6570e+00    9.763945e-01
      1.6575e+00    9.818467e-01
      1.6580e+00    9.835248e-01
      1.6585e+00    9.831104e-01
      1.6590e+00    9.807694e-01
      1.6595e+00    9.783559e-01
      1.6600e+00    9.811914e-01
      1.6605e+00    9.831198e-01
      1.6610e+00    9.819019e-01
      1.6615e+00    9.804095e-01
      1.6620e+00    9.780195e-01
      1.6625e+00    9.772823e-01
      1.6630e+00    9.806612e-01
      1.6635e+00    9.822161e-01
      1.6640e+00    9.823136e-01
      1.6645e+00    9.789093e-01
      1.6650e+00    9.551335e-01
      1.6655e+00    9.115172e-01
      1.6660e+00    9.073224e-01
      1.6665e+00    9.354620e-01
      1.6670e+00    9.580986e-01
      1.6675e+00    9.718664e-01
      1.6680e+00    9.769107e-01
      1.6685e+00    9.781978e-01
      1.6690e+00    9.791042e-01
      1.6695e+00    9.806469e-01
      1.6700e+00    9.809656e-01
      1.6705e+00    9.802155e-01
      1.6710e+00    9.785516e-01
      1.6715e+00    9.784051e-01
      1.6720e+00    9.812390e-01
      1.6725e+00    9.826150e-01
      1.6730e+00    9.833653e-01
      1.6735e+00    9.822984e-01
      1.6740e+00    9.773996e-01
      1.6745e+00    9.733100e-01
      1.6750e+00    9.795828e-01
      1.6755e+00    9.834813e-01
      1.6760e+00    9.847228e-01
      1.6765e+00    9.849622e-01
      1.6770e+00    9.804829e-01
      1.6775e+00    9.721841e-01
      1.6780e+00    9.770206e-01
      1.6785e+00    9.852650e-01
      1.6790e+00    9.872495e-01
      1.6795e+00    9.879010e-01
      1.6800e+00    9.867666e-01
      1.6805e+00    9.800660e-01
      1.6810e+00    9.786907e-01
      1.6815e+00    9.859624e-01
      1.6820e+00    9.897552e-01
      1.6825e+00    9.911366e-01
      1.6830e+00    9.911084e-01
      1.6835e+00    9.840225e-01
      1.6840e+00    9.746983e-01
      1.6845e+00    9.837796e-01
      1.6850e+00    9.928531e-01
      1.6855e+00    9.943228e-01
      1.6860e+00    9.945089e-01
      1.6865e+00    9.922472e-01
      1.6870e+00    9.852371e-01
      1.6875e+00    9.839200e-01
      1.6880e+00    9.914420e-01
      1.6885e+00    9.945600e-01
      1.6890e+00    9.943222e-01
      1.6895e+00    9.941018e-01
      1.6900e+00    9.906701e-01
      1.6905e+00    9.829687e-01
      1.6910e+00    9.844802e-01
      1.6915e+00    9.900404e-01
      1.6920e+00    9.919832e-01
      1.6925e+00    9.937985e-01
      1.6930e+00    9.954945e-01
      1.6935e+00    9.929300e-01
      1.6940e+00    9.885770e-01
      1.6945e+00    9.901422e-01
      1.6950e+00    9.930658e-01
      1.6955e+00    9.950096e-01
      1.6960e+00    9.948590e-01
      1.6965e+00    9.893298e-01
      1.6970e+00    9.807087e-01
      1.6975e+00    9.820805e-01
      1.6980e+00    9.911061e-01
      1.6985e+00    9.945975e-01
      1.6990e+00    9.951925e-01
      1.6995e+00    9.923544e-01
      1.7000e+00    9.900630e-01
      1.7005e+00    9.878924e-01
      1.7010e+00    9.856651e-01
      1.7015e+00    9.899681e-01
      1.7020e+00    9.914327e-01
      1.7025e+00    9.885814e-01
      1.7030e+00    9.866304e-01
      1.7035e+00    9.872315e-01
      1.7040e+00    9.888089e-01
      1.7045e+00    9.890189e-01
      1.7050e+00    9.857928e-01
      1.7055e+00    9.826976e-01
      1.7060e+00    9.818990e-01
      1.7065e+00    9.795394e-01
      1.7070e+00    9.780767e-01
      1.7075e+00    9.766218e-01
      1.7080e+00    9.717647e-01
      1.7085e+00    9.627362e-01
      1.7090e+00    9.671249e-01
      1.7095e+00    9.791854e-01
      1.7100e+00    9.818677e-01
      1.7105e+00    9.798017e-01
      1.7110e+00    9.818025e-01
      1.7115e+00    9.852244e-01
      1.7120e+00    9.848775e-01
      1.7125e+00    9.840850e-01
      1.7130e+00    9.835261e-01
      1.7135e+00    9.783284e-01
      1.7140e+00    9.669778e-01
      1.7145e+00    9.638293e-01
      1.7150e+00    9.749110e-01
      1.7155e+00    9.770711e-01
      1.7160e+00    9.715221e-01
      1.7165e+00    9.746659e-01
      1.7170e+00    9.800504e-01
      1.7175e+00    9.817459e-01
      1.7180e+00    9.812838e-01
      1.7185e+00    9.808481e-01
      1.7190e+00    9.805487e-01
      1.7195e+00    9.796688e-01
      1.7200e+00    9.773327e-01
      1.7205e+00    9.693541e-01
      1.7210e+00    9.475964e-01
      1.7215e+00    9.406774e-01
      1.7220e+00    9.602098e-01
      1.7225e+00    9.670506e-01
      1.7230e+00    9.607603e-01
      1.7235e+00    9.490453e-01
      1.7240e+00    9.470348e-01
      1.7245e+00    9.458909e-01
      1.7250e+00    9.547350e-01
      1.7255e+00    9.642426e-01
      1.7260e+00    9.619413e-01
      1.7265e+00    9.623353e-01
      1.7270e+00    9.653078e-01
      1.7275e+00    9.665587e-01
      1.7280e+00    9.648185e-01
      1.7285e+00    9.563428e-01
      1.7290e+00    9.565534e-01
      1.7295e+00    9.664252e-01
      1.7300e+00    9.705626e-01
      1.7305e+00    9.683550e-01
      1.7310e+00    9.661935e-01
      1.7315e+00    9.516829e-01
      1.7320e+00    9.156054e-01
      1.7325e+00    9.177158e-01
      1.7330e+00    9.560840e-01
      1.7335e+00    9.709283e-01
      1.7340e+00    9.720372e-01
      1.7345e+00    9.709259e-01
      1.7350e+00    9.654011e-01
      1.7355e+00    9.503483e-01
      1.7360e+00    9.393515e-01
      1.7365e+00    9.389581e-01
      1.7370e+00    9.490941e-01
      1.7375e+00    9.661416e-01
      1.7380e+00    9.692472e-01
      1.7385e+00    9.689824e-01
      1.7390e+00    9.671731e-01
      1.7395e+00    9.538211e-01
      1.7400e+00    9.470986e-01
      1.7405e+00    9.505562e-01
      1.7410e+00    9.237522e-01
      1.7415e+00    9.124985e-01
      1.7420e+00    9.440047e-01
      1.7425e+00    9.627398e-01
      1.7430e+00    9.647492e-01
      1.7435e+00    9.615262e-01
      1.7440e+00    9.424544e-01
      1.7445e+00    9.258119e-01
      1.7450e+00    9.469476e-01
      1.7455e+00    9.601320e-01
      1.7460e+00    9.442474e-01
      1.7465e+00    8.858474e-01
      1.7470e+00    8.461105e-01
      1.7475e+00    8.892907e-01
      1.7480e+00    9.421816e-01
      1.7485e+00    9.589598e-01
      1.7490e+00    9.597345e-01
      1.7495e+00    9.591083e-01
      1.7500e+00    9.594203e-01
      1.7505e+00    9.554021e-01
      1.7510e+00    9.309207e-01
      1.7515e+00    8.993509e-01
      1.7520e+00    9.247187e-01
      1.7525e+00    9.515188e-01
      1.7530e+00    9.563911e-01
      1.7535e+00    9.593704e-01
      1.7540e+00    9.584404e-01
      1.7545e+00    9.407982e-01
      1.7550e+00    9.028119e-01
      1.7555e+00    9.142125e-01
      1.7560e+00    9.447247e-01
      1.7565e+00    9.238973e-01
      1.7570e+00    8.913058e-01
      1.7575e+00    8.973588e-01
      1.7580e+00    9.424103e-01
      1.7585e+00    9.687983e-01
      1.7590e+00    9.739748e-01
      1.7595e+00    9.756320e-01
      1.7600e+00    9.733113e-01
      1.7605e+00    9.553559e-01
      1.7610e+00    9.318590e-01
      1.7615e+00    9.490874e-01
      1.7620e+00    9.537882e-01
      1.7625e+00    9.267494e-01
      1.7630e+00    9.168850e-01
      1.7635e+00    9.413395e-01
      1.7640e+00    9.601580e-01
      1.7645e+00    9.565786e-01
      1.7650e+00    9.181520e-01
      1.7655e+00    7.921591e-01
      1.7660e+00    7.269261e-01
      1.7665e+00    8.396296e-01
      1.7670e+00    9.016029e-01
      1.7675e+00    8.984044e-01
      1.7680e+00    8.807594e-01
      1.7685e+00    8.637483e-01
      1.7690e+00    8.421344e-01
      1.7695e+00    8.096898e-01
      1.7700e+00    7.792989e-01
      1.7705e+00    7.431451e-01
      1.7710e+00    7.297585e-01
      1.7715e+00    7.389938e-01
      1.7720e+00    7.236262e-01
      1.7725e+00    6.988864e-01
      1.7730e+00    6.725657e-01
      1.7735e+00    6.263635e-01
      1.7740e+00    5.664878e-01
      1.7745e+00    5.513144e-01
      1.7750e+00    5.536063e-01
      1.7755e+00    5.206382e-01
      1.7760e+00    4.626790e-01
      1.7765e+00    4.426285e-01
      1.7770e+00    4.466714e-01
      1.7775e+00    4.277798e-01
      1.7780e+00    3.858754e-01
      1.7785e+00    3.269706e-01
      1.7790e+00    3.018658e-01
      1.7795e+00    3.149684e-01
      1.7800e+00    3.087481e-01
      1.7805e+00    2.793120e-01
      1.7810e+00    2.319674e-01
      1.7815e+00    2.124383e-01
      1.7820e+00    2.208253e-01
      1.7825e+00    2.147908e-01
      1.7830e+00    1.995220e-01
      1.7835e+00    1.804262e-01
      1.7840e+00    1.550643e-01
      1.7845e+00    1.224520e-01
      1.7850e+00    1.104871e-01
      1.7855e+00    1.144068e-01
      1.7860e+00    1.093830e-01
      1.7865e+00    1.051585e-01
      1.7870e+00    9.561788e-02
      1.7875e+00    9.162566e-02
      1.7880e+00    9.046201e-02
      1.7885e+00    8.260953e-02
      1.7890e+00    7.617896e-02
      1.7895e+00    7.296343e-02
      1.7900e+00    6.515479e-02
      1.7905e+00    5.472122e-02
      1.7910e+00    4.885579e-02
      1.7915e+00    4.788798e-02
      1.7920e+00    4.468940e-02
      1.7925e+00    4.093936e-02
      1.7930e+00    3.738557e-02
      1.7935e+00    3.147974e-02
      1.7940e+00    3.008089e-02
      1.7945e+00    3.189904e-02
      1.7950e+00    3.007720e-02
      1.7955e+00    2.741006e-02
      1.7960e+00    2.593497e-02
      1.7965e+00    2.311783e-02
      1.7970e+00    2.137088e-02
      1.7975e+00    2.183351e-02
      1.7980e+00    1.990139e-02
      1.7985e+00    1.974737e-02
      1.7990e+00    1.962738e-02
      1.7995e+00    1.575906e-02
      1.8000e+00    1.095090e-02
      1.8005e+00    9.208524e-03
      1.8010e+00    7.981885e-03
      1.8015e+00    8.124091e-03
      1.8020e+00    8.851732e-03
      1.8025e+00    8.864376e-03
      1.8030e+00    9.620208e-03
      1.8035e+00    9.600831e-03
      1.8040e+00    9.841970e-03
      1.8045e+00    1.052521e-02
      1.8050e+00    1.033048e-02
      1.8055e+00    8.366102e-03
      1.8060e+00    5.184931e-03
      1.8065e+00    4.799040e-03
      1.8070e+00    6.450903e-03
      1.8075e+00    6.493792e-03
      1.8080e+00    7.662449e-03
      1.8085e+00    7.871409e-03
      1.8090e+00    6.830200e-03
      1.8095e+00    6.349491e-03
      1.8100e+00    5.855077e-03
      1.8105e+00    3.640814e-03
      1.8110e+00    2.454566e-03
      1.8115e+00    3.093738e-03
      1.8120e+00    2.842126e-03
      1.8125e+00    1.894432e-03
      1.8130e+00    1.945819e-03
      1.8135e+00    3.038994e-03
      1.8140e+00    3.759019e-03
      1.8145e+00    3.866153e-03
      1.8150e+00    3.221168e-03
      1.8155e+00    1.687998e-03
      1.8160e+00    1.867536e-03
      1.8165e+00    2.346848e-03
      1.8170e+00    2.319122e-03
      1.8175e+00    2.279198e-03
      1.8180e+00    1.878422e-03
      1.8185e+00    1.730794e-03
      1.8190e+00    2.014107e-03
      1.8195e+00    2.612232e-03
      1.8200e+00    1.067899e-03
      1.8205e+00    4.509533e-04
      1.8210e+00    6.792650e-04
      1.8215e+00    1.071516e-03
      1.8220e+00    9.131094e-04
      1.8225e+00    9.225071e-04
      1.8230e+00    1.232457e-03
      1.8235e+00    1.607842e-03
      1.8240e+00    2.955633e-03
      1.8245e+00    2.972494e-03
      1.8250e+00    2.017957e-03
      1.8255e+00    1.535152e-03
      1.8260e+00    9.382763e-04
      1.8265e+00    7.906031e-04
      1.8270e+00    1.955470e-03
      1.8275e+00    2.599113e-03
      1.8280e+00    1.606417e-03
      1.8285e+00    9.203784e-04
      1.8290e+00    1.154579e-03
      1.8295e+00    1.684436e-03
      1.8300e+00    1.321188e-03
      1.8305e+00    1.099982e-03
      1.8310e+00    7.879297e-04
      1.8315e+00    1.019128e-03
      1.8320e+00    1.571497e-03
      1.8325e+00    1.016151e-03
      1.8330e+00    9.151731e-04
      1.8335e+00    1.569979e-03
      1.8340e+00    1.458749e-03
      1.8345e+00    6.253196e-04
      1.8350e+00    2.745617e-04
      1.8355e+00    2.230161e-04
      1.8360e+00    1.575784e-04
      1.8365e+00    1.741285e-04
      1.8370e+00    3.352699e-04
      1.8375e+00    1.812340e-04
