#  wavelength_um     transmission
#
      3.1800e-01    3.063829e-06
      3.1850e-01    6.127657e-06
      3.1900e-01    6.127657e-06
      3.1950e-01    6.127657e-06
      3.2000e-01    1.531914e-05
      3.2050e-01    1.838297e-05
      3.2100e-01    1.838297e-05
      3.2150e-01    3.063829e-05
      3.2200e-01    3.370212e-05
      3.2250e-01    4.902126e-05
      3.2300e-01    6.434040e-05
      3.2350e-01    8.578721e-05
      3.2400e-01    1.041702e-04
      3.2450e-01    1.286808e-04
      3.2500e-01    1.562553e-04
      3.2550e-01    2.022127e-04
      3.2600e-01    2.328510e-04
      3.2650e-01    2.879999e-04
      3.2700e-01    3.737871e-04
      3.2750e-01    4.657020e-04
      3.2800e-01    5.913190e-04
      3.2850e-01    7.537019e-04
      3.2900e-01    9.896167e-04
      3.2950e-01    1.338893e-03
      3.3000e-01    1.835233e-03
      3.3050e-01    2.555233e-03
      3.3100e-01    3.554041e-03
      3.3150e-01    5.073700e-03
      3.3200e-01    7.350125e-03
      3.3250e-01    1.064068e-02
      3.3300e-01    1.562246e-02
      3.3350e-01    2.273667e-02
      3.3400e-01    3.276458e-02
      3.3450e-01    4.696849e-02
      3.3500e-01    6.511555e-02
      3.3550e-01    8.809427e-02
      3.3600e-01    1.160119e-01
      3.3650e-01    1.468187e-01
      3.3700e-01    1.808456e-01
      3.3750e-01    2.148112e-01
      3.3800e-01    2.465095e-01
      3.3850e-01    2.742372e-01
      3.3900e-01    2.967808e-01
      3.3950e-01    3.124493e-01
      3.4000e-01    3.241378e-01
      3.4050e-01    3.296649e-01
      3.4100e-01    3.316441e-01
      3.4150e-01    3.317728e-01
      3.4200e-01    3.310957e-01
      3.4250e-01    3.315430e-01
      3.4300e-01    3.330658e-01
      3.4350e-01    3.348397e-01
      3.4400e-01    3.373275e-01
      3.4450e-01    3.414024e-01
      3.4500e-01    3.494450e-01
      3.4550e-01    3.641575e-01
      3.4600e-01    3.845718e-01
      3.4650e-01    4.080897e-01
      3.4700e-01    4.296560e-01
      3.4750e-01    4.460567e-01
      3.4800e-01    4.538051e-01
      3.4850e-01    4.543658e-01
      3.4900e-01    4.499141e-01
      3.4950e-01    4.392765e-01
      3.5000e-01    4.436975e-01
      3.5050e-01    4.529810e-01
      3.5100e-01    4.666640e-01
      3.5150e-01    4.829421e-01
      3.5200e-01    4.982521e-01
      3.5250e-01    5.097414e-01
      3.5300e-01    5.180444e-01
      3.5350e-01    5.242487e-01
      3.5400e-01    5.309646e-01
      3.5450e-01    5.386088e-01
      3.5500e-01    5.477145e-01
      3.5550e-01    5.561738e-01
      3.5600e-01    5.623045e-01
      3.5650e-01    5.642776e-01
      3.5700e-01    5.626201e-01
      3.5750e-01    5.571879e-01
      3.5800e-01    5.473193e-01
      3.5850e-01    5.326620e-01
      3.5900e-01    5.161724e-01
      3.5950e-01    5.011872e-01
      3.6000e-01    4.935399e-01
      3.6050e-01    4.975382e-01
      3.6100e-01    5.139818e-01
      3.6150e-01    5.379256e-01
      3.6200e-01    5.632175e-01
      3.6250e-01    5.851331e-01
      3.6300e-01    6.006207e-01
      3.6350e-01    6.117884e-01
      3.6400e-01    6.204406e-01
      3.6450e-01    6.279654e-01
      3.6500e-01    6.338020e-01
      3.6550e-01    6.351194e-01
      3.6600e-01    6.318810e-01
      3.6650e-01    6.251038e-01
      3.6700e-01    6.188352e-01
      3.6750e-01    6.140035e-01
      3.6800e-01    6.101799e-01
      3.6850e-01    6.030871e-01
      3.6900e-01    5.873176e-01
      3.6950e-01    5.621973e-01
      3.7000e-01    5.339365e-01
      3.7050e-01    5.104768e-01
      3.7100e-01    5.026089e-01
      3.7150e-01    5.125019e-01
      3.7200e-01    5.345676e-01
      3.7250e-01    5.582357e-01
      3.7300e-01    5.748815e-01
      3.7350e-01    5.803382e-01
      3.7400e-01    5.800624e-01
      3.7450e-01    5.791647e-01
      3.7500e-01    5.810612e-01
      3.7550e-01    5.833223e-01
      3.7600e-01    5.826146e-01
      3.7650e-01    5.792260e-01
      3.7700e-01    5.794864e-01
      3.7750e-01    5.912607e-01
      3.7800e-01    6.180417e-01
      3.7850e-01    6.565050e-01
      3.7900e-01    6.938163e-01
      3.7950e-01    7.205819e-01
      3.8000e-01    7.324266e-01
      3.8050e-01    7.353587e-01
      3.8100e-01    7.395286e-01
      3.8150e-01    7.524763e-01
      3.8200e-01    7.768797e-01
      3.8250e-01    8.082043e-01
      3.8300e-01    8.384014e-01
      3.8350e-01    8.636137e-01
      3.8400e-01    8.834336e-01
      3.8450e-01    8.993747e-01
      3.8500e-01    9.119425e-01
      3.8550e-01    9.207234e-01
      3.8600e-01    9.244245e-01
      3.8650e-01    9.223044e-01
      3.8700e-01    9.173042e-01
      3.8750e-01    9.094945e-01
      3.8800e-01    8.985781e-01
      3.8850e-01    8.837829e-01
      3.8900e-01    8.644654e-01
      3.8950e-01    8.434598e-01
      3.9000e-01    8.268171e-01
      3.9050e-01    8.197304e-01
      3.9100e-01    8.244059e-01
      3.9150e-01    8.386220e-01
      3.9200e-01    8.561410e-01
      3.9250e-01    8.703847e-01
      3.9300e-01    8.780198e-01
      3.9350e-01    8.795364e-01
      3.9400e-01    8.788072e-01
      3.9450e-01    8.811357e-01
      3.9500e-01    8.895214e-01
      3.9550e-01    9.039857e-01
      3.9600e-01    9.223258e-01
      3.9650e-01    9.407272e-01
      3.9700e-01    9.571033e-01
      3.9750e-01    9.700511e-01
      3.9800e-01    9.792824e-01
      3.9850e-01    9.852323e-01
      3.9900e-01    9.891969e-01
      3.9950e-01    9.918441e-01
      4.0000e-01    9.939459e-01
      4.0050e-01    9.931217e-01
      4.0100e-01    9.927847e-01
      4.0150e-01    9.916940e-01
      4.0200e-01    9.884218e-01
      4.0250e-01    9.816630e-01
      4.0300e-01    9.722417e-01
      4.0350e-01    9.642206e-01
      4.0400e-01    9.595942e-01
      4.0450e-01    9.611231e-01
      4.0500e-01    9.698734e-01
      4.0550e-01    9.826036e-01
      4.0600e-01    9.946751e-01
      4.0650e-01    1.000000e+00
      4.0700e-01    9.959037e-01
      4.0750e-01    9.822420e-01
      4.0800e-01    9.600722e-01
      4.0850e-01    9.331197e-01
      4.0900e-01    9.019544e-01
      4.0950e-01    8.675997e-01
      4.1000e-01    8.287013e-01
      4.1050e-01    7.818523e-01
      4.1100e-01    7.290779e-01
      4.1150e-01    6.691708e-01
      4.1200e-01    6.041104e-01
      4.1250e-01    5.397823e-01
      4.1300e-01    4.766337e-01
      4.1350e-01    4.175600e-01
      4.1400e-01    3.638726e-01
      4.1450e-01    3.144438e-01
      4.1500e-01    2.720649e-01
      4.1550e-01    2.341837e-01
      4.1600e-01    2.009535e-01
      4.1650e-01    1.728367e-01
      4.1700e-01    1.485651e-01
      4.1750e-01    1.280129e-01
      4.1800e-01    1.104664e-01
      4.1850e-01    9.535554e-02
      4.1900e-01    8.254567e-02
      4.1950e-01    7.161087e-02
      4.2000e-01    6.211606e-02
      4.2050e-01    5.406126e-02
      4.2100e-01    4.701445e-02
      4.2150e-01    4.098484e-02
      4.2200e-01    3.597548e-02
      4.2250e-01    3.139199e-02
      4.2300e-01    2.754688e-02
      4.2350e-01    2.413684e-02
      4.2400e-01    2.116799e-02
      4.2450e-01    1.863727e-02
      4.2500e-01    1.639761e-02
      4.2550e-01    1.445821e-02
      4.2600e-01    1.281293e-02
      4.2650e-01    1.146178e-02
      4.2700e-01    1.010757e-02
      4.2750e-01    9.056678e-03
      4.2800e-01    8.152848e-03
      4.2850e-01    7.399146e-03
      4.2900e-01    6.645444e-03
      4.2950e-01    6.195062e-03
      4.3000e-01    5.744679e-03
      4.3050e-01    5.291232e-03
      4.3100e-01    4.834722e-03
      4.3150e-01    4.531403e-03
      4.3200e-01    4.231147e-03
      4.3250e-01    4.084084e-03
      4.3300e-01    3.777701e-03
      4.3350e-01    3.627573e-03
      4.3400e-01    3.480510e-03
      4.3450e-01    3.330382e-03
      4.3500e-01    3.177190e-03
      4.3550e-01    3.027063e-03
      4.3600e-01    2.873871e-03
      4.3650e-01    2.561361e-03
      4.3700e-01    2.405106e-03
      4.3750e-01    2.251914e-03
      4.3800e-01    2.095659e-03
      4.3850e-01    1.936340e-03
      4.3900e-01    1.780085e-03
      4.3950e-01    1.786212e-03
      4.4000e-01    1.626893e-03
      4.4050e-01    1.467574e-03
      4.4100e-01    1.308255e-03
      4.4150e-01    1.311319e-03
      4.4200e-01    1.148936e-03
      4.4250e-01    1.152000e-03
      4.4300e-01    1.155063e-03
      4.4350e-01    9.926805e-04
      4.4400e-01    9.957443e-04
      4.4450e-01    9.988082e-04
      4.4500e-01    8.333614e-04
      4.4550e-01    8.364252e-04
      4.4600e-01    8.364252e-04
      4.4650e-01    8.394891e-04
      4.4700e-01    6.740423e-04
      4.4750e-01    6.740423e-04
      4.4800e-01    6.771061e-04
      4.4850e-01    5.085956e-04
      4.4900e-01    5.085956e-04
      4.4950e-01    5.116594e-04
      4.5000e-01    3.400850e-04
      4.5050e-01    3.431488e-04
      4.5100e-01    3.431488e-04
      4.5150e-01    1.715744e-04
      4.5200e-01    1.715744e-04
      4.5250e-01    1.715744e-04
      4.5300e-01    1.715744e-04
      4.5350e-01    1.715744e-04
      4.5400e-01    1.715744e-04
