#  wavelength_um     transmission
#
      1.9050e+00    0.000000e+00
      1.9070e+00    8.004654e-05
      1.9090e+00    9.842342e-04
      1.9110e+00    8.365427e-04
      1.9130e+00    4.295455e-04
      1.9150e+00    1.261579e-03
      1.9170e+00    1.634753e-03
      1.9190e+00    2.680995e-03
      1.9210e+00    8.895313e-04
      1.9230e+00    3.304457e-03
      1.9250e+00    4.806175e-03
      1.9270e+00    2.607713e-03
      1.9290e+00    5.319149e-03
      1.9310e+00    4.288691e-03
      1.9330e+00    7.464622e-03
      1.9350e+00    9.403778e-03
      1.9370e+00    9.173785e-03
      1.9390e+00    1.013322e-02
      1.9410e+00    1.272965e-02
      1.9430e+00    1.522237e-02
      1.9450e+00    1.451548e-02
      1.9470e+00    1.988198e-02
      1.9490e+00    2.142654e-02
      1.9510e+00    2.552245e-02
      1.9530e+00    2.368814e-02
      1.9550e+00    2.401960e-02
      1.9570e+00    2.675922e-02
      1.9590e+00    3.170745e-02
      1.9610e+00    4.975175e-02
      1.9630e+00    4.976076e-02
      1.9650e+00    5.839227e-02
      1.9670e+00    7.357405e-02
      1.9690e+00    8.815943e-02
      1.9710e+00    1.049004e-01
      1.9730e+00    1.304026e-01
      1.9750e+00    1.547266e-01
      1.9770e+00    1.886483e-01
      1.9790e+00    2.176849e-01
      1.9810e+00    2.441487e-01
      1.9830e+00    2.839522e-01
      1.9850e+00    3.184105e-01
      1.9870e+00    3.391538e-01
      1.9890e+00    4.240234e-01
      1.9910e+00    4.603150e-01
      1.9930e+00    5.188448e-01
      1.9950e+00    5.538522e-01
      1.9970e+00    5.532389e-01
      1.9990e+00    4.848599e-01
      2.0010e+00    3.963014e-01
      2.0030e+00    3.282619e-01
      2.0050e+00    3.340027e-01
      2.0070e+00    4.346933e-01
      2.0090e+00    6.255750e-01
      2.0110e+00    4.685519e-01
      2.0130e+00    4.696849e-01
      2.0150e+00    5.103463e-01
      2.0170e+00    5.534813e-01
      2.0190e+00    6.141081e-01
      2.0210e+00    6.812570e-01
      2.0230e+00    7.591670e-01
      2.0250e+00    8.218390e-01
      2.0270e+00    8.602298e-01
      2.0290e+00    8.665343e-01
      2.0310e+00    8.876643e-01
      2.0330e+00    8.958910e-01
      2.0350e+00    8.975416e-01
      2.0370e+00    8.833778e-01
      2.0390e+00    8.838818e-01
      2.0410e+00    8.829787e-01
      2.0430e+00    8.864162e-01
      2.0450e+00    8.820260e-01
      2.0470e+00    8.647563e-01
      2.0490e+00    8.108433e-01
      2.0510e+00    7.499752e-01
      2.0530e+00    6.960430e-01
      2.0550e+00    6.724687e-01
      2.0570e+00    6.953755e-01
      2.0590e+00    7.774210e-01
      2.0610e+00    8.233193e-01
      2.0630e+00    7.444103e-01
      2.0650e+00    7.462299e-01
      2.0670e+00    7.601062e-01
      2.0690e+00    7.854696e-01
      2.0710e+00    8.261107e-01
      2.0730e+00    8.652546e-01
      2.0750e+00    8.810632e-01
      2.0770e+00    9.060457e-01
      2.0790e+00    9.444477e-01
      2.0810e+00    9.517251e-01
      2.0830e+00    9.329673e-01
      2.0850e+00    9.305331e-01
      2.0870e+00    9.543577e-01
      2.0890e+00    9.538413e-01
      2.0910e+00    9.517399e-01
      2.0930e+00    9.645337e-01
      2.0950e+00    9.763886e-01
      2.0970e+00    9.684369e-01
      2.0990e+00    9.610793e-01
      2.1010e+00    9.767538e-01
      2.1030e+00    9.780988e-01
      2.1050e+00    9.707447e-01
      2.1070e+00    9.786028e-01
      2.1090e+00    9.838442e-01
      2.1110e+00    9.693963e-01
      2.1130e+00    9.748485e-01
      2.1150e+00    9.853808e-01
      2.1170e+00    9.783525e-01
      2.1190e+00    9.648528e-01
      2.1210e+00    9.840742e-01
      2.1230e+00    9.846468e-01
      2.1250e+00    9.726004e-01
      2.1270e+00    9.824078e-01
      2.1290e+00    9.899333e-01
      2.1310e+00    9.782409e-01
      2.1330e+00    9.822297e-01
      2.1350e+00    9.928895e-01
      2.1370e+00    9.807967e-01
      2.1390e+00    9.819365e-01
      2.1410e+00    9.894192e-01
      2.1430e+00    9.790503e-01
      2.1450e+00    9.775577e-01
      2.1470e+00    9.900359e-01
      2.1490e+00    9.797392e-01
      2.1510e+00    9.683433e-01
      2.1530e+00    9.792612e-01
      2.1550e+00    9.770560e-01
      2.1570e+00    9.728811e-01
      2.1590e+00    9.815026e-01
      2.1610e+00    9.732791e-01
      2.1630e+00    9.639137e-01
      2.1650e+00    9.834066e-01
      2.1670e+00    9.735903e-01
      2.1690e+00    9.681144e-01
      2.1710e+00    9.844326e-01
      2.1730e+00    9.740322e-01
      2.1750e+00    9.721438e-01
      2.1770e+00    9.857326e-01
      2.1790e+00    9.745745e-01
      2.1810e+00    9.791654e-01
      2.1830e+00    9.773738e-01
      2.1850e+00    9.708867e-01
      2.1870e+00    9.794077e-01
      2.1890e+00    9.941826e-01
      2.1910e+00    9.867946e-01
      2.1930e+00    9.845183e-01
      2.1950e+00    9.825227e-01
      2.1970e+00    9.889885e-01
      2.1990e+00    9.661539e-01
      2.2010e+00    9.681122e-01
      2.2030e+00    9.762453e-01
      2.2050e+00    9.669385e-01
      2.2070e+00    9.943821e-01
      2.2090e+00    9.908195e-01
      2.2110e+00    9.858171e-01
      2.2130e+00    1.000000e+00
      2.2150e+00    9.851295e-01
      2.2170e+00    9.825600e-01
      2.2190e+00    9.885567e-01
      2.2210e+00    9.721957e-01
      2.2230e+00    9.901465e-01
      2.2250e+00    9.806625e-01
      2.2270e+00    9.633635e-01
      2.2290e+00    9.856176e-01
      2.2310e+00    9.695011e-01
      2.2330e+00    9.668968e-01
      2.2350e+00    9.747358e-01
      2.2370e+00    9.616217e-01
      2.2390e+00    9.754483e-01
      2.2410e+00    9.574795e-01
      2.2430e+00    9.650512e-01
      2.2450e+00    9.712611e-01
      2.2470e+00    9.369809e-01
      2.2490e+00    9.657446e-01
      2.2510e+00    9.607681e-01
      2.2530e+00    9.567432e-01
      2.2550e+00    9.613466e-01
      2.2570e+00    9.355817e-01
      2.2590e+00    9.653522e-01
      2.2610e+00    9.352999e-01
      2.2630e+00    9.616509e-01
      2.2650e+00    9.477950e-01
      2.2670e+00    9.741766e-01
      2.2690e+00    9.321138e-01
      2.2710e+00    9.648799e-01
      2.2730e+00    9.548785e-01
      2.2750e+00    9.254147e-01
      2.2770e+00    9.243617e-01
      2.2790e+00    9.445785e-01
      2.2810e+00    8.897624e-01
      2.2830e+00    8.346588e-01
      2.2850e+00    8.506230e-01
      2.2870e+00    8.347783e-01
      2.2890e+00    7.825541e-01
      2.2910e+00    7.463325e-01
      2.2930e+00    6.944263e-01
      2.2950e+00    6.255592e-01
      2.2970e+00    5.990819e-01
      2.2990e+00    5.192540e-01
      2.3010e+00    4.777031e-01
      2.3030e+00    4.347610e-01
      2.3050e+00    3.822211e-01
      2.3070e+00    3.423162e-01
      2.3090e+00    3.099876e-01
      2.3110e+00    2.786781e-01
      2.3130e+00    2.434757e-01
      2.3150e+00    2.116600e-01
      2.3170e+00    1.512891e-01
      2.3190e+00    1.517220e-01
      2.3210e+00    1.375154e-01
      2.3230e+00    1.211634e-01
      2.3250e+00    1.072500e-01
      2.3270e+00    9.660264e-02
      2.3290e+00    8.200261e-02
      2.3310e+00    7.303401e-02
      2.3330e+00    6.449609e-02
      2.3350e+00    5.497055e-02
      2.3370e+00    4.976076e-02
      2.3390e+00    4.173582e-02
      2.3410e+00    3.668386e-02
      2.3430e+00    3.441889e-02
      2.3450e+00    3.083145e-02
      2.3470e+00    2.760704e-02
      2.3490e+00    2.548073e-02
      2.3510e+00    2.141639e-02
      2.3530e+00    1.914578e-02
      2.3550e+00    1.815365e-02
      2.3570e+00    1.556849e-02
      2.3590e+00    1.340498e-02
      2.3610e+00    1.381310e-02
      2.3630e+00    1.164057e-02
      2.3650e+00    1.063943e-02
      2.3670e+00    9.744257e-03
      2.3690e+00    8.632625e-03
      2.3710e+00    6.854690e-03
      2.3730e+00    8.257195e-03
      2.3750e+00    5.847907e-03
      2.3770e+00    4.660738e-03
      2.3790e+00    4.525448e-03
      2.3810e+00    3.552488e-03
      2.3830e+00    4.400305e-03
      2.3850e+00    3.864782e-03
      2.3870e+00    3.710326e-03
      2.3890e+00    4.702452e-03
      2.3910e+00    3.297692e-03
      2.3930e+00    2.374338e-03
      2.3950e+00    1.808375e-03
      2.3970e+00    1.764406e-03
      2.3990e+00    1.476915e-03
      2.4010e+00    2.861382e-03
      2.4030e+00    1.885040e-03
      2.4050e+00    2.237921e-03
      2.4070e+00    2.419435e-03
      2.4090e+00    1.927881e-03
      2.4110e+00    1.519757e-03
      2.4130e+00    7.858090e-04
      2.4150e+00    2.514138e-04
      2.4170e+00    6.414997e-04
      2.4190e+00    4.532213e-04
      2.4210e+00    0.000000e+00
