#  wavelength_um     transmission
#
      3.0130e-01    1.010000e-03
      3.0140e-01    1.100000e-03
      3.0150e-01    1.190000e-03
      3.0160e-01    1.290000e-03
      3.0170e-01    1.400000e-03
      3.0180e-01    1.520000e-03
      3.0190e-01    1.660000e-03
      3.0200e-01    1.800000e-03
      3.0210e-01    1.950000e-03
      3.0220e-01    2.120000e-03
      3.0230e-01    2.300000e-03
      3.0240e-01    2.480000e-03
      3.0250e-01    2.680000e-03
      3.0260e-01    2.880000e-03
      3.0270e-01    3.100000e-03
      3.0280e-01    3.320000e-03
      3.0290e-01    3.560000e-03
      3.0300e-01    3.800000e-03
      3.0310e-01    4.050000e-03
      3.0320e-01    4.310000e-03
      3.0330e-01    4.580000e-03
      3.0340e-01    4.870000e-03
      3.0350e-01    5.160000e-03
      3.0360e-01    5.470000e-03
      3.0370e-01    5.800000e-03
      3.0380e-01    6.150000e-03
      3.0390e-01    6.510000e-03
      3.0400e-01    6.900000e-03
      3.0410e-01    7.310000e-03
      3.0420e-01    7.740000e-03
      3.0430e-01    8.190000e-03
      3.0440e-01    8.670000e-03
      3.0450e-01    9.160000e-03
      3.0460e-01    9.680000e-03
      3.0470e-01    1.023000e-02
      3.0480e-01    1.079000e-02
      3.0490e-01    1.139000e-02
      3.0500e-01    1.200000e-02
      3.0510e-01    1.264000e-02
      3.0520e-01    1.330000e-02
      3.0530e-01    1.399000e-02
      3.0540e-01    1.471000e-02
      3.0550e-01    1.545000e-02
      3.0560e-01    1.622000e-02
      3.0570e-01    1.702000e-02
      3.0580e-01    1.785000e-02
      3.0590e-01    1.871000e-02
      3.0600e-01    1.960000e-02
      3.0610e-01    2.052000e-02
      3.0620e-01    2.148000e-02
      3.0630e-01    2.247000e-02
      3.0640e-01    2.349000e-02
      3.0650e-01    2.456000e-02
      3.0660e-01    2.566000e-02
      3.0670e-01    2.681000e-02
      3.0680e-01    2.799000e-02
      3.0690e-01    2.922000e-02
      3.0700e-01    3.050000e-02
      3.0710e-01    3.182000e-02
      3.0720e-01    3.320000e-02
      3.0730e-01    3.461000e-02
      3.0740e-01    3.608000e-02
      3.0750e-01    3.760000e-02
      3.0760e-01    3.916000e-02
      3.0770e-01    4.077000e-02
      3.0780e-01    4.243000e-02
      3.0790e-01    4.414000e-02
      3.0800e-01    4.590000e-02
      3.0810e-01    4.771000e-02
      3.0820e-01    4.956000e-02
      3.0830e-01    5.147000e-02
      3.0840e-01    5.341000e-02
      3.0850e-01    5.540000e-02
      3.0860e-01    5.742000e-02
      3.0870e-01    5.949000e-02
      3.0880e-01    6.159000e-02
      3.0890e-01    6.373000e-02
      3.0900e-01    6.590000e-02
      3.0910e-01    6.810000e-02
      3.0920e-01    7.033000e-02
      3.0930e-01    7.259000e-02
      3.0940e-01    7.488000e-02
      3.0950e-01    7.720000e-02
      3.0960e-01    7.955000e-02
      3.0970e-01    8.192000e-02
      3.0980e-01    8.432000e-02
      3.0990e-01    8.675000e-02
      3.1000e-01    8.920000e-02
      3.1010e-01    9.168000e-02
      3.1020e-01    9.418000e-02
      3.1030e-01    9.670000e-02
      3.1040e-01    9.925000e-02
      3.1050e-01    1.018100e-01
      3.1060e-01    1.044000e-01
      3.1070e-01    1.070000e-01
      3.1080e-01    1.096200e-01
      3.1090e-01    1.122500e-01
      3.1100e-01    1.149000e-01
      3.1110e-01    1.175600e-01
      3.1120e-01    1.202400e-01
      3.1130e-01    1.229200e-01
      3.1140e-01    1.256200e-01
      3.1150e-01    1.283400e-01
      3.1160e-01    1.310600e-01
      3.1170e-01    1.338000e-01
      3.1180e-01    1.365600e-01
      3.1190e-01    1.393200e-01
      3.1200e-01    1.421000e-01
      3.1210e-01    1.448900e-01
      3.1220e-01    1.477000e-01
      3.1230e-01    1.505200e-01
      3.1240e-01    1.533600e-01
      3.1250e-01    1.562100e-01
      3.1260e-01    1.590700e-01
      3.1270e-01    1.619500e-01
      3.1280e-01    1.648500e-01
      3.1290e-01    1.677700e-01
      3.1300e-01    1.707000e-01
      3.1310e-01    1.736500e-01
      3.1320e-01    1.766200e-01
      3.1330e-01    1.796000e-01
      3.1340e-01    1.826100e-01
      3.1350e-01    1.856300e-01
      3.1360e-01    1.886700e-01
      3.1370e-01    1.917200e-01
      3.1380e-01    1.948000e-01
      3.1390e-01    1.978900e-01
      3.1400e-01    2.010000e-01
      3.1410e-01    2.041300e-01
      3.1420e-01    2.072800e-01
      3.1430e-01    2.104500e-01
      3.1440e-01    2.136400e-01
      3.1450e-01    2.168600e-01
      3.1460e-01    2.201100e-01
      3.1470e-01    2.233800e-01
      3.1480e-01    2.266900e-01
      3.1490e-01    2.300300e-01
      3.1500e-01    2.334000e-01
      3.1510e-01    2.368100e-01
      3.1520e-01    2.402500e-01
      3.1530e-01    2.437300e-01
      3.1540e-01    2.472400e-01
      3.1550e-01    2.507900e-01
      3.1560e-01    2.543700e-01
      3.1570e-01    2.579800e-01
      3.1580e-01    2.616200e-01
      3.1590e-01    2.653000e-01
      3.1600e-01    2.690000e-01
      3.1610e-01    2.727300e-01
      3.1620e-01    2.764900e-01
      3.1630e-01    2.802700e-01
      3.1640e-01    2.840500e-01
      3.1650e-01    2.878500e-01
      3.1660e-01    2.916600e-01
      3.1670e-01    2.954600e-01
      3.1680e-01    2.992500e-01
      3.1690e-01    3.030300e-01
      3.1700e-01    3.068000e-01
      3.1710e-01    3.105400e-01
      3.1720e-01    3.142600e-01
      3.1730e-01    3.179300e-01
      3.1740e-01    3.215700e-01
      3.1750e-01    3.251500e-01
      3.1760e-01    3.286700e-01
      3.1770e-01    3.321200e-01
      3.1780e-01    3.355000e-01
      3.1790e-01    3.387900e-01
      3.1800e-01    3.420000e-01
      3.1810e-01    3.451100e-01
      3.1820e-01    3.481200e-01
      3.1830e-01    3.510400e-01
      3.1840e-01    3.538500e-01
      3.1850e-01    3.565700e-01
      3.1860e-01    3.591900e-01
      3.1870e-01    3.617200e-01
      3.1880e-01    3.641400e-01
      3.1890e-01    3.664700e-01
      3.1900e-01    3.687000e-01
      3.1910e-01    3.708300e-01
      3.1920e-01    3.728800e-01
      3.1930e-01    3.748400e-01
      3.1940e-01    3.767300e-01
      3.1950e-01    3.785500e-01
      3.1960e-01    3.803200e-01
      3.1970e-01    3.820400e-01
      3.1980e-01    3.837200e-01
      3.1990e-01    3.853700e-01
      3.2000e-01    3.870000e-01
      3.2010e-01    3.886100e-01
      3.2020e-01    3.902200e-01
      3.2030e-01    3.918300e-01
      3.2040e-01    3.934600e-01
      3.2050e-01    3.951100e-01
      3.2060e-01    3.967900e-01
      3.2070e-01    3.985100e-01
      3.2080e-01    4.002700e-01
      3.2090e-01    4.021000e-01
      3.2100e-01    4.040000e-01
      3.2110e-01    4.059700e-01
      3.2120e-01    4.080200e-01
      3.2130e-01    4.101500e-01
      3.2140e-01    4.123600e-01
      3.2150e-01    4.146600e-01
      3.2160e-01    4.170300e-01
      3.2170e-01    4.194900e-01
      3.2180e-01    4.220400e-01
      3.2190e-01    4.246800e-01
      3.2200e-01    4.274000e-01
      3.2210e-01    4.302100e-01
      3.2220e-01    4.331100e-01
      3.2230e-01    4.360800e-01
      3.2240e-01    4.391200e-01
      3.2250e-01    4.422300e-01
      3.2260e-01    4.453900e-01
      3.2270e-01    4.486100e-01
      3.2280e-01    4.518700e-01
      3.2290e-01    4.551700e-01
      3.2300e-01    4.585000e-01
      3.2310e-01    4.618600e-01
      3.2320e-01    4.652300e-01
      3.2330e-01    4.686100e-01
      3.2340e-01    4.720000e-01
      3.2350e-01    4.753700e-01
      3.2360e-01    4.787300e-01
      3.2370e-01    4.820600e-01
      3.2380e-01    4.853500e-01
      3.2390e-01    4.886000e-01
      3.2400e-01    4.918000e-01
      3.2410e-01    4.949400e-01
      3.2420e-01    4.980100e-01
      3.2430e-01    5.010100e-01
      3.2440e-01    5.039300e-01
      3.2450e-01    5.067700e-01
      3.2460e-01    5.095100e-01
      3.2470e-01    5.121700e-01
      3.2480e-01    5.147200e-01
      3.2490e-01    5.171700e-01
      3.2500e-01    5.195000e-01
      3.2510e-01    5.217200e-01
      3.2520e-01    5.238200e-01
      3.2530e-01    5.258200e-01
      3.2540e-01    5.277000e-01
      3.2550e-01    5.294800e-01
      3.2560e-01    5.311600e-01
      3.2570e-01    5.327300e-01
      3.2580e-01    5.342200e-01
      3.2590e-01    5.356000e-01
      3.2600e-01    5.369000e-01
      3.2610e-01    5.381100e-01
      3.2620e-01    5.392400e-01
      3.2630e-01    5.403100e-01
      3.2640e-01    5.413200e-01
      3.2650e-01    5.422900e-01
      3.2660e-01    5.432100e-01
      3.2670e-01    5.441200e-01
      3.2680e-01    5.450100e-01
      3.2690e-01    5.459000e-01
      3.2700e-01    5.468000e-01
      3.2710e-01    5.477100e-01
      3.2720e-01    5.486500e-01
      3.2730e-01    5.496200e-01
      3.2740e-01    5.506300e-01
      3.2750e-01    5.516900e-01
      3.2760e-01    5.528000e-01
      3.2770e-01    5.539700e-01
      3.2780e-01    5.552000e-01
      3.2790e-01    5.565100e-01
      3.2800e-01    5.579000e-01
      3.2810e-01    5.593700e-01
      3.2820e-01    5.609400e-01
      3.2830e-01    5.625800e-01
      3.2840e-01    5.643100e-01
      3.2850e-01    5.661300e-01
      3.2860e-01    5.680200e-01
      3.2870e-01    5.700000e-01
      3.2880e-01    5.720500e-01
      3.2890e-01    5.741900e-01
      3.2900e-01    5.764000e-01
      3.2910e-01    5.786900e-01
      3.2920e-01    5.810500e-01
      3.2930e-01    5.834800e-01
      3.2940e-01    5.859700e-01
      3.2950e-01    5.885300e-01
      3.2960e-01    5.911400e-01
      3.2970e-01    5.938100e-01
      3.2980e-01    5.965300e-01
      3.2990e-01    5.992900e-01
      3.3000e-01    6.021000e-01
      3.3010e-01    6.049500e-01
      3.3020e-01    6.078200e-01
      3.3030e-01    6.107200e-01
      3.3040e-01    6.136300e-01
      3.3050e-01    6.165400e-01
      3.3060e-01    6.194400e-01
      3.3070e-01    6.223300e-01
      3.3080e-01    6.251900e-01
      3.3090e-01    6.280200e-01
      3.3100e-01    6.308000e-01
      3.3110e-01    6.335300e-01
      3.3120e-01    6.362000e-01
      3.3130e-01    6.388100e-01
      3.3140e-01    6.413600e-01
      3.3150e-01    6.438300e-01
      3.3160e-01    6.462300e-01
      3.3170e-01    6.485500e-01
      3.3180e-01    6.507900e-01
      3.3190e-01    6.529400e-01
      3.3200e-01    6.550000e-01
      3.3210e-01    6.569600e-01
      3.3220e-01    6.588300e-01
      3.3230e-01    6.606100e-01
      3.3240e-01    6.623100e-01
      3.3250e-01    6.639100e-01
      3.3260e-01    6.654400e-01
      3.3270e-01    6.668900e-01
      3.3280e-01    6.682700e-01
      3.3290e-01    6.695700e-01
      3.3300e-01    6.708000e-01
      3.3310e-01    6.719700e-01
      3.3320e-01    6.730700e-01
      3.3330e-01    6.741200e-01
      3.3340e-01    6.751100e-01
      3.3350e-01    6.760600e-01
      3.3360e-01    6.769600e-01
      3.3370e-01    6.778200e-01
      3.3380e-01    6.786400e-01
      3.3390e-01    6.794400e-01
      3.3400e-01    6.802000e-01
      3.3410e-01    6.809400e-01
      3.3420e-01    6.816600e-01
      3.3430e-01    6.823700e-01
      3.3440e-01    6.830600e-01
      3.3450e-01    6.837300e-01
      3.3460e-01    6.844000e-01
      3.3470e-01    6.850500e-01
      3.3480e-01    6.857000e-01
      3.3490e-01    6.863500e-01
      3.3500e-01    6.870000e-01
      3.3510e-01    6.876500e-01
      3.3520e-01    6.883000e-01
      3.3530e-01    6.889500e-01
      3.3540e-01    6.896000e-01
      3.3550e-01    6.902400e-01
      3.3560e-01    6.908900e-01
      3.3570e-01    6.915200e-01
      3.3580e-01    6.921600e-01
      3.3590e-01    6.927800e-01
      3.3600e-01    6.934000e-01
      3.3610e-01    6.940100e-01
      3.3620e-01    6.946100e-01
      3.3630e-01    6.952000e-01
      3.3640e-01    6.957800e-01
      3.3650e-01    6.963500e-01
      3.3660e-01    6.969100e-01
      3.3670e-01    6.974500e-01
      3.3680e-01    6.979800e-01
      3.3690e-01    6.985000e-01
      3.3700e-01    6.990000e-01
      3.3710e-01    6.994900e-01
      3.3720e-01    6.999600e-01
      3.3730e-01    7.004300e-01
      3.3740e-01    7.008800e-01
      3.3750e-01    7.013400e-01
      3.3760e-01    7.017900e-01
      3.3770e-01    7.022300e-01
      3.3780e-01    7.026800e-01
      3.3790e-01    7.031400e-01
      3.3800e-01    7.036000e-01
      3.3810e-01    7.040700e-01
      3.3820e-01    7.045500e-01
      3.3830e-01    7.050500e-01
      3.3840e-01    7.055700e-01
      3.3850e-01    7.061100e-01
      3.3860e-01    7.066700e-01
      3.3870e-01    7.072600e-01
      3.3880e-01    7.078700e-01
      3.3890e-01    7.085200e-01
      3.3900e-01    7.092000e-01
      3.3910e-01    7.099200e-01
      3.3920e-01    7.106800e-01
      3.3930e-01    7.114700e-01
      3.3940e-01    7.123000e-01
      3.3950e-01    7.131700e-01
      3.3960e-01    7.140800e-01
      3.3970e-01    7.150300e-01
      3.3980e-01    7.160100e-01
      3.3990e-01    7.170400e-01
      3.4000e-01    7.181000e-01
      3.4010e-01    7.192000e-01
      3.4020e-01    7.203400e-01
      3.4030e-01    7.215200e-01
      3.4040e-01    7.227300e-01
      3.4050e-01    7.239800e-01
      3.4060e-01    7.252600e-01
      3.4070e-01    7.265700e-01
      3.4080e-01    7.279200e-01
      3.4090e-01    7.293000e-01
      3.4100e-01    7.307000e-01
      3.4110e-01    7.321300e-01
      3.4120e-01    7.335900e-01
      3.4130e-01    7.350600e-01
      3.4140e-01    7.365400e-01
      3.4150e-01    7.380200e-01
      3.4160e-01    7.395100e-01
      3.4170e-01    7.409800e-01
      3.4180e-01    7.424400e-01
      3.4190e-01    7.438800e-01
      3.4200e-01    7.453000e-01
      3.4210e-01    7.466800e-01
      3.4220e-01    7.480300e-01
      3.4230e-01    7.493300e-01
      3.4240e-01    7.505700e-01
      3.4250e-01    7.517500e-01
      3.4260e-01    7.528700e-01
      3.4270e-01    7.539100e-01
      3.4280e-01    7.548600e-01
      3.4290e-01    7.557300e-01
      3.4300e-01    7.565000e-01
      3.4310e-01    7.571700e-01
      3.4320e-01    7.577200e-01
      3.4330e-01    7.581700e-01
      3.4340e-01    7.585100e-01
      3.4350e-01    7.587400e-01
      3.4360e-01    7.588500e-01
      3.4370e-01    7.588400e-01
      3.4380e-01    7.587100e-01
      3.4390e-01    7.584700e-01
      3.4400e-01    7.581000e-01
      3.4410e-01    7.576100e-01
      3.4420e-01    7.569900e-01
      3.4430e-01    7.562600e-01
      3.4440e-01    7.554200e-01
      3.4450e-01    7.544800e-01
      3.4460e-01    7.534300e-01
      3.4470e-01    7.522800e-01
      3.4480e-01    7.510400e-01
      3.4490e-01    7.497100e-01
      3.4500e-01    7.483000e-01
      3.4510e-01    7.468100e-01
      3.4520e-01    7.452500e-01
      3.4530e-01    7.436300e-01
      3.4540e-01    7.419600e-01
      3.4550e-01    7.402400e-01
      3.4560e-01    7.385000e-01
      3.4570e-01    7.367300e-01
      3.4580e-01    7.349600e-01
      3.4590e-01    7.331700e-01
      3.4600e-01    7.314000e-01
      3.4610e-01    7.296400e-01
      3.4620e-01    7.279100e-01
      3.4630e-01    7.262100e-01
      3.4640e-01    7.245600e-01
      3.4650e-01    7.229500e-01
      3.4660e-01    7.214100e-01
      3.4670e-01    7.199300e-01
      3.4680e-01    7.185300e-01
      3.4690e-01    7.172200e-01
      3.4700e-01    7.160000e-01
      3.4710e-01    7.148800e-01
      3.4720e-01    7.138700e-01
      3.4730e-01    7.129800e-01
      3.4740e-01    7.121900e-01
      3.4750e-01    7.115300e-01
      3.4760e-01    7.109800e-01
      3.4770e-01    7.105600e-01
      3.4780e-01    7.102700e-01
      3.4790e-01    7.101200e-01
      3.4800e-01    7.101000e-01
      3.4810e-01    7.102200e-01
      3.4820e-01    7.104800e-01
      3.4830e-01    7.108800e-01
      3.4840e-01    7.114100e-01
      3.4850e-01    7.120800e-01
      3.4860e-01    7.128800e-01
      3.4870e-01    7.138200e-01
      3.4880e-01    7.148800e-01
      3.4890e-01    7.160800e-01
      3.4900e-01    7.174000e-01
      3.4910e-01    7.188500e-01
      3.4920e-01    7.204200e-01
      3.4930e-01    7.221000e-01
      3.4940e-01    7.238800e-01
      3.4950e-01    7.257500e-01
      3.4960e-01    7.277200e-01
      3.4970e-01    7.297600e-01
      3.4980e-01    7.318800e-01
      3.4990e-01    7.340600e-01
      3.5000e-01    7.363000e-01
      3.5010e-01    7.385900e-01
      3.5020e-01    7.409100e-01
      3.5030e-01    7.432600e-01
      3.5040e-01    7.456200e-01
      3.5050e-01    7.479800e-01
      3.5060e-01    7.503300e-01
      3.5070e-01    7.526600e-01
      3.5080e-01    7.549600e-01
      3.5090e-01    7.572100e-01
      3.5100e-01    7.594000e-01
      3.5110e-01    7.615200e-01
      3.5120e-01    7.635700e-01
      3.5130e-01    7.655200e-01
      3.5140e-01    7.673700e-01
      3.5150e-01    7.691100e-01
      3.5160e-01    7.707300e-01
      3.5170e-01    7.722200e-01
      3.5180e-01    7.735700e-01
      3.5190e-01    7.747700e-01
      3.5200e-01    7.758000e-01
      3.5210e-01    7.766600e-01
      3.5220e-01    7.773600e-01
      3.5230e-01    7.778900e-01
      3.5240e-01    7.782500e-01
      3.5250e-01    7.784600e-01
      3.5260e-01    7.785000e-01
      3.5270e-01    7.784000e-01
      3.5280e-01    7.781500e-01
      3.5290e-01    7.777500e-01
      3.5300e-01    7.772000e-01
      3.5310e-01    7.765200e-01
      3.5320e-01    7.757000e-01
      3.5330e-01    7.747600e-01
      3.5340e-01    7.737000e-01
      3.5350e-01    7.725400e-01
      3.5360e-01    7.712800e-01
      3.5370e-01    7.699200e-01
      3.5380e-01    7.684900e-01
      3.5390e-01    7.669800e-01
      3.5400e-01    7.654000e-01
      3.5410e-01    7.637600e-01
      3.5420e-01    7.620800e-01
      3.5430e-01    7.603600e-01
      3.5440e-01    7.586000e-01
      3.5450e-01    7.568200e-01
      3.5460e-01    7.550300e-01
      3.5470e-01    7.532300e-01
      3.5480e-01    7.514400e-01
      3.5490e-01    7.496600e-01
      3.5500e-01    7.479000e-01
      3.5510e-01    7.461700e-01
      3.5520e-01    7.444800e-01
      3.5530e-01    7.428400e-01
      3.5540e-01    7.412500e-01
      3.5550e-01    7.397200e-01
      3.5560e-01    7.382700e-01
      3.5570e-01    7.368900e-01
      3.5580e-01    7.356000e-01
      3.5590e-01    7.344000e-01
      3.5600e-01    7.333000e-01
      3.5610e-01    7.323100e-01
      3.5620e-01    7.314400e-01
      3.5630e-01    7.306900e-01
      3.5640e-01    7.300600e-01
      3.5650e-01    7.295700e-01
      3.5660e-01    7.292200e-01
      3.5670e-01    7.290100e-01
      3.5680e-01    7.289500e-01
      3.5690e-01    7.290400e-01
      3.5700e-01    7.293000e-01
      3.5710e-01    7.297200e-01
      3.5720e-01    7.303000e-01
      3.5730e-01    7.310200e-01
      3.5740e-01    7.318900e-01
      3.5750e-01    7.328900e-01
      3.5760e-01    7.340000e-01
      3.5770e-01    7.352300e-01
      3.5780e-01    7.365600e-01
      3.5790e-01    7.379900e-01
      3.5800e-01    7.395000e-01
      3.5810e-01    7.410800e-01
      3.5820e-01    7.427300e-01
      3.5830e-01    7.444300e-01
      3.5840e-01    7.461600e-01
      3.5850e-01    7.479100e-01
      3.5860e-01    7.496700e-01
      3.5870e-01    7.514200e-01
      3.5880e-01    7.531500e-01
      3.5890e-01    7.548500e-01
      3.5900e-01    7.565000e-01
      3.5910e-01    7.580900e-01
      3.5920e-01    7.596100e-01
      3.5930e-01    7.610600e-01
      3.5940e-01    7.624200e-01
      3.5950e-01    7.636900e-01
      3.5960e-01    7.648600e-01
      3.5970e-01    7.659300e-01
      3.5980e-01    7.668800e-01
      3.5990e-01    7.677000e-01
      3.6000e-01    7.684000e-01
      3.6010e-01    7.689600e-01
      3.6020e-01    7.693700e-01
      3.6030e-01    7.696200e-01
      3.6040e-01    7.697100e-01
      3.6050e-01    7.696300e-01
      3.6060e-01    7.693600e-01
      3.6070e-01    7.689100e-01
      3.6080e-01    7.682500e-01
      3.6090e-01    7.673800e-01
      3.6100e-01    7.663000e-01
      3.6110e-01    7.649900e-01
      3.6120e-01    7.634700e-01
      3.6130e-01    7.617300e-01
      3.6140e-01    7.597900e-01
      3.6150e-01    7.576600e-01
      3.6160e-01    7.553500e-01
      3.6170e-01    7.528600e-01
      3.6180e-01    7.501900e-01
      3.6190e-01    7.473700e-01
      3.6200e-01    7.444000e-01
      3.6210e-01    7.412800e-01
      3.6220e-01    7.380400e-01
      3.6230e-01    7.346700e-01
      3.6240e-01    7.311900e-01
      3.6250e-01    7.276200e-01
      3.6260e-01    7.239600e-01
      3.6270e-01    7.202200e-01
      3.6280e-01    7.164300e-01
      3.6290e-01    7.125800e-01
      3.6300e-01    7.087000e-01
      3.6310e-01    7.047900e-01
      3.6320e-01    7.008600e-01
      3.6330e-01    6.969300e-01
      3.6340e-01    6.929900e-01
      3.6350e-01    6.890700e-01
      3.6360e-01    6.851700e-01
      3.6370e-01    6.813100e-01
      3.6380e-01    6.774800e-01
      3.6390e-01    6.737100e-01
      3.6400e-01    6.700000e-01
      3.6410e-01    6.663600e-01
      3.6420e-01    6.628000e-01
      3.6430e-01    6.593200e-01
      3.6440e-01    6.559400e-01
      3.6450e-01    6.526600e-01
      3.6460e-01    6.494800e-01
      3.6470e-01    6.464200e-01
      3.6480e-01    6.434800e-01
      3.6490e-01    6.406700e-01
      3.6500e-01    6.380000e-01
      3.6510e-01    6.354700e-01
      3.6520e-01    6.330800e-01
      3.6530e-01    6.308400e-01
      3.6540e-01    6.287500e-01
      3.6550e-01    6.268000e-01
      3.6560e-01    6.250000e-01
      3.6570e-01    6.233500e-01
      3.6580e-01    6.218500e-01
      3.6590e-01    6.205000e-01
      3.6600e-01    6.193000e-01
      3.6610e-01    6.182500e-01
      3.6620e-01    6.173500e-01
      3.6630e-01    6.166000e-01
      3.6640e-01    6.159900e-01
      3.6650e-01    6.155100e-01
      3.6660e-01    6.151600e-01
      3.6670e-01    6.149400e-01
      3.6680e-01    6.148400e-01
      3.6690e-01    6.148600e-01
      3.6700e-01    6.150000e-01
      3.6710e-01    6.152500e-01
      3.6720e-01    6.156000e-01
      3.6730e-01    6.160600e-01
      3.6740e-01    6.166100e-01
      3.6750e-01    6.172600e-01
      3.6760e-01    6.180000e-01
      3.6770e-01    6.188300e-01
      3.6780e-01    6.197400e-01
      3.6790e-01    6.207300e-01
      3.6800e-01    6.218000e-01
      3.6810e-01    6.229400e-01
      3.6820e-01    6.241400e-01
      3.6830e-01    6.254000e-01
      3.6840e-01    6.267100e-01
      3.6850e-01    6.280500e-01
      3.6860e-01    6.294300e-01
      3.6870e-01    6.308300e-01
      3.6880e-01    6.322500e-01
      3.6890e-01    6.336800e-01
      3.6900e-01    6.351000e-01
      3.6910e-01    6.365200e-01
      3.6920e-01    6.379100e-01
      3.6930e-01    6.392700e-01
      3.6940e-01    6.406000e-01
      3.6950e-01    6.418600e-01
      3.6960e-01    6.430700e-01
      3.6970e-01    6.441900e-01
      3.6980e-01    6.452300e-01
      3.6990e-01    6.461700e-01
      3.7000e-01    6.470000e-01
      3.7010e-01    6.477100e-01
      3.7020e-01    6.482900e-01
      3.7030e-01    6.487500e-01
      3.7040e-01    6.490600e-01
      3.7050e-01    6.492400e-01
      3.7060e-01    6.492800e-01
      3.7070e-01    6.491700e-01
      3.7080e-01    6.489000e-01
      3.7090e-01    6.484800e-01
      3.7100e-01    6.479000e-01
      3.7110e-01    6.471500e-01
      3.7120e-01    6.462500e-01
      3.7130e-01    6.451800e-01
      3.7140e-01    6.439500e-01
      3.7150e-01    6.425700e-01
      3.7160e-01    6.410300e-01
      3.7170e-01    6.393500e-01
      3.7180e-01    6.375100e-01
      3.7190e-01    6.355300e-01
      3.7200e-01    6.334000e-01
      3.7210e-01    6.311300e-01
      3.7220e-01    6.287300e-01
      3.7230e-01    6.262000e-01
      3.7240e-01    6.235500e-01
      3.7250e-01    6.207800e-01
      3.7260e-01    6.179100e-01
      3.7270e-01    6.149400e-01
      3.7280e-01    6.118700e-01
      3.7290e-01    6.087300e-01
      3.7300e-01    6.055000e-01
      3.7310e-01    6.022000e-01
      3.7320e-01    5.988400e-01
      3.7330e-01    5.954200e-01
      3.7340e-01    5.919500e-01
      3.7350e-01    5.884300e-01
      3.7360e-01    5.848700e-01
      3.7370e-01    5.812900e-01
      3.7380e-01    5.776700e-01
      3.7390e-01    5.740400e-01
      3.7400e-01    5.704000e-01
      3.7410e-01    5.667500e-01
      3.7420e-01    5.631000e-01
      3.7430e-01    5.594500e-01
      3.7440e-01    5.558200e-01
      3.7450e-01    5.522000e-01
      3.7460e-01    5.486000e-01
      3.7470e-01    5.450200e-01
      3.7480e-01    5.414800e-01
      3.7490e-01    5.379700e-01
      3.7500e-01    5.345000e-01
      3.7510e-01    5.310800e-01
      3.7520e-01    5.277000e-01
      3.7530e-01    5.243800e-01
      3.7540e-01    5.211000e-01
      3.7550e-01    5.178900e-01
      3.7560e-01    5.147300e-01
      3.7570e-01    5.116200e-01
      3.7580e-01    5.085800e-01
      3.7590e-01    5.056100e-01
      3.7600e-01    5.027000e-01
      3.7610e-01    4.998600e-01
      3.7620e-01    4.970900e-01
      3.7630e-01    4.943800e-01
      3.7640e-01    4.917400e-01
      3.7650e-01    4.891600e-01
      3.7660e-01    4.866500e-01
      3.7670e-01    4.841900e-01
      3.7680e-01    4.818000e-01
      3.7690e-01    4.794700e-01
      3.7700e-01    4.772000e-01
      3.7710e-01    4.749900e-01
      3.7720e-01    4.728300e-01
      3.7730e-01    4.707200e-01
      3.7740e-01    4.686600e-01
      3.7750e-01    4.666500e-01
      3.7760e-01    4.646800e-01
      3.7770e-01    4.627600e-01
      3.7780e-01    4.608700e-01
      3.7790e-01    4.590200e-01
      3.7800e-01    4.572000e-01
      3.7810e-01    4.554100e-01
      3.7820e-01    4.536500e-01
      3.7830e-01    4.519100e-01
      3.7840e-01    4.502000e-01
      3.7850e-01    4.485000e-01
      3.7860e-01    4.468200e-01
      3.7870e-01    4.451500e-01
      3.7880e-01    4.435000e-01
      3.7890e-01    4.418500e-01
      3.7900e-01    4.402000e-01
      3.7910e-01    4.385600e-01
      3.7920e-01    4.369100e-01
      3.7930e-01    4.352600e-01
      3.7940e-01    4.336000e-01
      3.7950e-01    4.319200e-01
      3.7960e-01    4.302300e-01
      3.7970e-01    4.285100e-01
      3.7980e-01    4.267700e-01
      3.7990e-01    4.250000e-01
      3.8000e-01    4.232000e-01
      3.8010e-01    4.213600e-01
      3.8020e-01    4.194900e-01
      3.8030e-01    4.175700e-01
      3.8040e-01    4.156100e-01
      3.8050e-01    4.136100e-01
      3.8060e-01    4.115600e-01
      3.8070e-01    4.094700e-01
      3.8080e-01    4.073300e-01
      3.8090e-01    4.051400e-01
      3.8100e-01    4.029000e-01
      3.8110e-01    4.006100e-01
      3.8120e-01    3.982600e-01
      3.8130e-01    3.958600e-01
      3.8140e-01    3.934200e-01
      3.8150e-01    3.909100e-01
      3.8160e-01    3.883500e-01
      3.8170e-01    3.857500e-01
      3.8180e-01    3.830800e-01
      3.8190e-01    3.803700e-01
      3.8200e-01    3.776000e-01
      3.8210e-01    3.747800e-01
      3.8220e-01    3.719000e-01
      3.8230e-01    3.689800e-01
      3.8240e-01    3.660100e-01
      3.8250e-01    3.629800e-01
      3.8260e-01    3.599100e-01
      3.8270e-01    3.568000e-01
      3.8280e-01    3.536400e-01
      3.8290e-01    3.504400e-01
      3.8300e-01    3.472000e-01
      3.8310e-01    3.439200e-01
      3.8320e-01    3.406000e-01
      3.8330e-01    3.372400e-01
      3.8340e-01    3.338500e-01
      3.8350e-01    3.304300e-01
      3.8360e-01    3.269700e-01
      3.8370e-01    3.234900e-01
      3.8380e-01    3.199900e-01
      3.8390e-01    3.164500e-01
      3.8400e-01    3.129000e-01
      3.8410e-01    3.093300e-01
      3.8420e-01    3.057300e-01
      3.8430e-01    3.021200e-01
      3.8440e-01    2.985000e-01
      3.8450e-01    2.948700e-01
      3.8460e-01    2.912200e-01
      3.8470e-01    2.875700e-01
      3.8480e-01    2.839200e-01
      3.8490e-01    2.802600e-01
      3.8500e-01    2.766000e-01
      3.8510e-01    2.729400e-01
      3.8520e-01    2.692900e-01
      3.8530e-01    2.656400e-01
      3.8540e-01    2.620000e-01
      3.8550e-01    2.583700e-01
      3.8560e-01    2.547400e-01
      3.8570e-01    2.511300e-01
      3.8580e-01    2.475400e-01
      3.8590e-01    2.439600e-01
      3.8600e-01    2.404000e-01
      3.8610e-01    2.368600e-01
      3.8620e-01    2.333400e-01
      3.8630e-01    2.298400e-01
      3.8640e-01    2.263600e-01
      3.8650e-01    2.228900e-01
      3.8660e-01    2.194500e-01
      3.8670e-01    2.160300e-01
      3.8680e-01    2.126400e-01
      3.8690e-01    2.092600e-01
      3.8700e-01    2.059000e-01
      3.8710e-01    2.025600e-01
      3.8720e-01    1.992500e-01
      3.8730e-01    1.959600e-01
      3.8740e-01    1.926900e-01
      3.8750e-01    1.894400e-01
      3.8760e-01    1.862200e-01
      3.8770e-01    1.830300e-01
      3.8780e-01    1.798600e-01
      3.8790e-01    1.767200e-01
      3.8800e-01    1.736000e-01
      3.8810e-01    1.705100e-01
      3.8820e-01    1.674500e-01
      3.8830e-01    1.644200e-01
      3.8840e-01    1.614200e-01
      3.8850e-01    1.584500e-01
      3.8860e-01    1.555000e-01
      3.8870e-01    1.525800e-01
      3.8880e-01    1.496900e-01
      3.8890e-01    1.468300e-01
      3.8900e-01    1.440000e-01
      3.8910e-01    1.412000e-01
      3.8920e-01    1.384200e-01
      3.8930e-01    1.356700e-01
      3.8940e-01    1.329500e-01
      3.8950e-01    1.302600e-01
      3.8960e-01    1.276000e-01
      3.8970e-01    1.249600e-01
      3.8980e-01    1.223500e-01
      3.8990e-01    1.197600e-01
      3.9000e-01    1.172000e-01
      3.9010e-01    1.146700e-01
      3.9020e-01    1.121600e-01
      3.9030e-01    1.096800e-01
      3.9040e-01    1.072300e-01
      3.9050e-01    1.048100e-01
      3.9060e-01    1.024200e-01
      3.9070e-01    1.000700e-01
      3.9080e-01    9.774000e-02
      3.9090e-01    9.545000e-02
      3.9100e-01    9.320000e-02
      3.9110e-01    9.098000e-02
      3.9120e-01    8.880000e-02
      3.9130e-01    8.665000e-02
      3.9140e-01    8.454000e-02
      3.9150e-01    8.247000e-02
      3.9160e-01    8.043000e-02
      3.9170e-01    7.842000e-02
      3.9180e-01    7.644000e-02
      3.9190e-01    7.451000e-02
      3.9200e-01    7.260000e-02
      3.9210e-01    7.073000e-02
      3.9220e-01    6.889000e-02
      3.9230e-01    6.708000e-02
      3.9240e-01    6.530000e-02
      3.9250e-01    6.356000e-02
      3.9260e-01    6.185000e-02
      3.9270e-01    6.016000e-02
      3.9280e-01    5.851000e-02
      3.9290e-01    5.689000e-02
      3.9300e-01    5.530000e-02
      3.9310e-01    5.374000e-02
      3.9320e-01    5.221000e-02
      3.9330e-01    5.070000e-02
      3.9340e-01    4.923000e-02
      3.9350e-01    4.778000e-02
      3.9360e-01    4.637000e-02
      3.9370e-01    4.498000e-02
      3.9380e-01    4.363000e-02
      3.9390e-01    4.230000e-02
      3.9400e-01    4.100000e-02
      3.9410e-01    3.973000e-02
      3.9420e-01    3.849000e-02
      3.9430e-01    3.728000e-02
      3.9440e-01    3.610000e-02
      3.9450e-01    3.494000e-02
      3.9460e-01    3.382000e-02
      3.9470e-01    3.272000e-02
      3.9480e-01    3.165000e-02
      3.9490e-01    3.061000e-02
      3.9500e-01    2.960000e-02
      3.9510e-01    2.861000e-02
      3.9520e-01    2.766000e-02
      3.9530e-01    2.672000e-02
      3.9540e-01    2.582000e-02
      3.9550e-01    2.494000e-02
      3.9560e-01    2.408000e-02
      3.9570e-01    2.325000e-02
      3.9580e-01    2.245000e-02
      3.9590e-01    2.166000e-02
      3.9600e-01    2.090000e-02
      3.9610e-01    2.016000e-02
      3.9620e-01    1.944000e-02
      3.9630e-01    1.875000e-02
      3.9640e-01    1.807000e-02
      3.9650e-01    1.741000e-02
      3.9660e-01    1.678000e-02
      3.9670e-01    1.616000e-02
      3.9680e-01    1.555000e-02
      3.9690e-01    1.497000e-02
      3.9700e-01    1.440000e-02
      3.9710e-01    1.385000e-02
      3.9720e-01    1.331000e-02
      3.9730e-01    1.279000e-02
      3.9740e-01    1.229000e-02
      3.9750e-01    1.180000e-02
      3.9760e-01    1.133000e-02
      3.9770e-01    1.087000e-02
      3.9780e-01    1.043000e-02
      3.9790e-01    1.001000e-02
      3.9800e-01    9.600000e-03
      3.9810e-01    9.210000e-03
      3.9820e-01    8.830000e-03
      3.9830e-01    8.470000e-03
      3.9840e-01    8.130000e-03
      3.9850e-01    7.790000e-03
      3.9860e-01    7.470000e-03
      3.9870e-01    7.160000e-03
      3.9880e-01    6.870000e-03
      3.9890e-01    6.580000e-03
      3.9900e-01    6.300000e-03
      3.9910e-01    6.030000e-03
      3.9920e-01    5.770000e-03
      3.9930e-01    5.520000e-03
      3.9940e-01    5.270000e-03
      3.9950e-01    5.040000e-03
      3.9960e-01    4.820000e-03
      3.9970e-01    4.600000e-03
      3.9980e-01    4.390000e-03
      3.9990e-01    4.190000e-03
      4.0000e-01    4.000000e-03
      4.0010e-01    3.820000e-03
      4.0020e-01    3.650000e-03
      4.0030e-01    3.480000e-03
      4.0040e-01    3.320000e-03
      4.0050e-01    3.170000e-03
      4.0060e-01    3.020000e-03
      4.0070e-01    2.890000e-03
      4.0080e-01    2.750000e-03
      4.0090e-01    2.620000e-03
      4.0100e-01    2.500000e-03
      4.0110e-01    2.380000e-03
      4.0120e-01    2.270000e-03
      4.0130e-01    2.150000e-03
      4.0140e-01    2.050000e-03
      4.0150e-01    1.950000e-03
      4.0160e-01    1.850000e-03
      4.0170e-01    1.750000e-03
      4.0180e-01    1.660000e-03
      4.0190e-01    1.580000e-03
      4.0200e-01    1.500000e-03
      4.0210e-01    1.430000e-03
      4.0220e-01    1.350000e-03
      4.0230e-01    1.290000e-03
      4.0240e-01    1.220000e-03
      4.0250e-01    1.160000e-03
      4.0260e-01    1.110000e-03
      4.0270e-01    1.050000e-03
      4.0280e-01    1.000000e-03
      4.0290e-01    9.500000e-04
      4.0300e-01    9.000000e-04
      4.0310e-01    8.500000e-04
      4.0320e-01    8.100000e-04
      4.0330e-01    7.600000e-04
      4.0340e-01    7.100000e-04
      4.0350e-01    6.700000e-04
      4.0360e-01    6.300000e-04
      4.0370e-01    6.000000e-04
      4.0380e-01    5.600000e-04
      4.0390e-01    5.300000e-04
      4.0400e-01    5.000000e-04
      4.0410e-01    4.700000e-04
      4.0420e-01    4.500000e-04
      4.0430e-01    4.300000e-04
      4.0440e-01    4.100000e-04
      4.0450e-01    3.900000e-04
      4.0460e-01    3.700000e-04
      4.0470e-01    3.600000e-04
      4.0480e-01    3.400000e-04
      4.0490e-01    3.200000e-04
      4.0500e-01    3.000000e-04
      4.0510e-01    2.800000e-04
      4.0520e-01    2.500000e-04
      4.0530e-01    2.300000e-04
      4.0540e-01    2.100000e-04
      4.0550e-01    1.800000e-04
