#  wavelength_um     transmission
#
      1.9215e+00    7.939166e-06
      1.9220e+00    3.033867e-04
      1.9225e+00    2.573963e-04
      1.9230e+00    4.190496e-04
      1.9235e+00    1.098172e-04
      1.9240e+00    5.017133e-07
      1.9245e+00    9.279018e-06
      1.9250e+00    2.975885e-04
      1.9255e+00    5.904053e-04
      1.9260e+00    1.608933e-04
      1.9265e+00    2.018103e-04
      1.9270e+00    1.120556e-05
      1.9275e+00    4.872114e-05
      1.9280e+00    2.515786e-04
      1.9285e+00    1.552939e-05
      1.9290e+00    7.907036e-05
      1.9295e+00    3.258038e-04
      1.9300e+00    1.216686e-04
      1.9305e+00    9.951659e-05
      1.9310e+00    4.432152e-05
      1.9315e+00    1.274523e-04
      1.9320e+00    7.808095e-05
      1.9325e+00    6.177805e-04
      1.9330e+00    2.224455e-04
      1.9335e+00    3.091236e-04
      1.9340e+00    7.455099e-05
      1.9345e+00    2.484110e-04
      1.9350e+00    6.751995e-04
      1.9355e+00    8.533072e-04
      1.9360e+00    3.641050e-04
      1.9365e+00    5.801883e-06
      1.9370e+00    5.964730e-04
      1.9375e+00    5.465658e-04
      1.9380e+00    5.347548e-05
      1.9385e+00    2.956668e-04
      1.9390e+00    1.140129e-04
      1.9395e+00    2.652191e-04
      1.9400e+00    2.224881e-04
      1.9405e+00    5.827674e-04
      1.9410e+00    2.927725e-04
      1.9415e+00    3.632981e-04
      1.9420e+00    6.590020e-04
      1.9425e+00    1.493907e-03
      1.9430e+00    1.175691e-03
      1.9435e+00    6.450528e-04
      1.9440e+00    1.179631e-03
      1.9445e+00    4.204315e-04
      1.9450e+00    7.640852e-04
      1.9455e+00    1.113924e-03
      1.9460e+00    9.175740e-04
      1.9465e+00    1.072330e-03
      1.9470e+00    6.149784e-04
      1.9475e+00    1.028190e-03
      1.9480e+00    1.049413e-03
      1.9485e+00    7.072454e-04
      1.9490e+00    1.269463e-03
      1.9495e+00    1.305673e-03
      1.9500e+00    1.519771e-03
      1.9505e+00    1.265802e-03
      1.9510e+00    1.293115e-03
      1.9515e+00    2.199918e-03
      1.9520e+00    2.599412e-03
      1.9525e+00    1.302016e-03
      1.9530e+00    1.034254e-03
      1.9535e+00    6.058806e-04
      1.9540e+00    1.938336e-03
      1.9545e+00    1.449228e-03
      1.9550e+00    1.836990e-03
      1.9555e+00    1.567340e-03
      1.9560e+00    1.644606e-03
      1.9565e+00    1.064454e-03
      1.9570e+00    2.140112e-03
      1.9575e+00    1.202525e-03
      1.9580e+00    2.257811e-03
      1.9585e+00    2.071664e-03
      1.9590e+00    1.944585e-03
      1.9595e+00    1.548054e-03
      1.9600e+00    3.763230e-03
      1.9605e+00    5.440114e-03
      1.9610e+00    3.270435e-03
      1.9615e+00    4.221642e-03
      1.9620e+00    3.839944e-03
      1.9625e+00    4.467418e-03
      1.9630e+00    5.704731e-03
      1.9635e+00    1.696580e-03
      1.9640e+00    4.480084e-03
      1.9645e+00    5.575638e-03
      1.9650e+00    1.031528e-02
      1.9655e+00    5.683543e-03
      1.9660e+00    7.372540e-03
      1.9665e+00    8.454370e-03
      1.9670e+00    1.417519e-02
      1.9675e+00    1.200226e-02
      1.9680e+00    8.097986e-03
      1.9685e+00    1.660773e-02
      1.9690e+00    1.293849e-02
      1.9695e+00    1.718558e-02
      1.9700e+00    1.795383e-02
      1.9705e+00    2.285300e-02
      1.9710e+00    1.902845e-02
      1.9715e+00    1.213806e-02
      1.9720e+00    2.406289e-02
      1.9725e+00    2.143520e-02
      1.9730e+00    3.154372e-02
      1.9735e+00    3.377706e-02
      1.9740e+00    2.664732e-02
      1.9745e+00    3.007774e-02
      1.9750e+00    4.563219e-02
      1.9755e+00    4.303141e-02
      1.9760e+00    4.360624e-02
      1.9765e+00    5.431023e-02
      1.9770e+00    6.264128e-02
      1.9775e+00    6.047033e-02
      1.9780e+00    7.173009e-02
      1.9785e+00    7.248832e-02
      1.9790e+00    8.699235e-02
      1.9795e+00    7.282551e-02
      1.9800e+00    5.455823e-02
      1.9805e+00    6.518120e-02
      1.9810e+00    1.139834e-01
      1.9815e+00    1.256190e-01
      1.9820e+00    1.347993e-01
      1.9825e+00    1.423702e-01
      1.9830e+00    1.261811e-01
      1.9835e+00    1.714701e-01
      1.9840e+00    1.836015e-01
      1.9845e+00    1.933469e-01
      1.9850e+00    1.978553e-01
      1.9855e+00    1.981541e-01
      1.9860e+00    2.449465e-01
      1.9865e+00    2.505372e-01
      1.9870e+00    1.635124e-01
      1.9875e+00    2.382422e-01
      1.9880e+00    3.094067e-01
      1.9885e+00    3.468169e-01
      1.9890e+00    3.684181e-01
      1.9895e+00    3.604954e-01
      1.9900e+00    2.450653e-01
      1.9905e+00    3.835451e-01
      1.9910e+00    4.182134e-01
      1.9915e+00    5.066275e-01
      1.9920e+00    5.151501e-01
      1.9925e+00    5.603654e-01
      1.9930e+00    5.916307e-01
      1.9935e+00    6.157878e-01
      1.9940e+00    4.313601e-01
      1.9945e+00    6.503402e-01
      1.9950e+00    6.624611e-01
      1.9955e+00    5.796120e-01
      1.9960e+00    7.187636e-01
      1.9965e+00    6.529028e-01
      1.9970e+00    6.398056e-01
      1.9975e+00    6.819860e-01
      1.9980e+00    4.933600e-01
      1.9985e+00    5.783194e-01
      1.9990e+00    6.160992e-01
      1.9995e+00    5.737089e-01
      2.0000e+00    5.291957e-01
      2.0005e+00    4.818727e-01
      2.0010e+00    4.019501e-01
      2.0015e+00    3.735516e-01
      2.0020e+00    3.422507e-01
      2.0025e+00    2.621492e-01
      2.0030e+00    4.878097e-01
      2.0035e+00    4.085343e-01
      2.0040e+00    2.593363e-01
      2.0045e+00    3.001417e-01
      2.0050e+00    4.669599e-01
      2.0055e+00    2.560964e-01
      2.0060e+00    2.357488e-01
      2.0065e+00    5.776755e-01
      2.0070e+00    3.133901e-01
      2.0075e+00    6.769597e-01
      2.0080e+00    4.773934e-01
      2.0085e+00    6.138635e-01
      2.0090e+00    7.874607e-01
      2.0095e+00    5.736613e-01
      2.0100e+00    4.465301e-01
      2.0105e+00    6.883913e-01
      2.0110e+00    4.705459e-01
      2.0115e+00    5.343978e-01
      2.0120e+00    3.098651e-01
      2.0125e+00    7.347416e-01
      2.0130e+00    3.910442e-01
      2.0135e+00    4.779552e-01
      2.0140e+00    5.939380e-01
      2.0145e+00    3.023798e-01
      2.0150e+00    3.801069e-01
      2.0155e+00    5.364456e-01
      2.0160e+00    6.246492e-01
      2.0165e+00    3.671897e-01
      2.0170e+00    5.146228e-01
      2.0175e+00    4.981206e-01
      2.0180e+00    5.190264e-01
      2.0185e+00    6.575489e-01
      2.0190e+00    4.535662e-01
      2.0195e+00    6.887937e-01
      2.0200e+00    6.117611e-01
      2.0205e+00    5.637437e-01
      2.0210e+00    7.945603e-01
      2.0215e+00    6.196526e-01
      2.0220e+00    7.247094e-01
      2.0225e+00    7.608920e-01
      2.0230e+00    7.033228e-01
      2.0235e+00    7.751601e-01
      2.0240e+00    7.296403e-01
      2.0245e+00    7.918929e-01
      2.0250e+00    8.347126e-01
      2.0255e+00    7.670118e-01
      2.0260e+00    9.160548e-01
      2.0265e+00    8.698572e-01
      2.0270e+00    8.585149e-01
      2.0275e+00    8.394365e-01
      2.0280e+00    7.878897e-01
      2.0285e+00    8.335247e-01
      2.0290e+00    8.357640e-01
      2.0295e+00    9.085622e-01
      2.0300e+00    9.311139e-01
      2.0305e+00    8.533331e-01
      2.0310e+00    8.984187e-01
      2.0315e+00    9.152864e-01
      2.0320e+00    9.229977e-01
      2.0325e+00    9.242979e-01
      2.0330e+00    8.914914e-01
      2.0335e+00    8.481306e-01
      2.0340e+00    9.234346e-01
      2.0345e+00    9.336534e-01
      2.0350e+00    9.225631e-01
      2.0355e+00    9.228979e-01
      2.0360e+00    9.275852e-01
      2.0365e+00    9.331767e-01
      2.0370e+00    9.365036e-01
      2.0375e+00    9.200390e-01
      2.0380e+00    9.100165e-01
      2.0385e+00    8.975644e-01
      2.0390e+00    9.442241e-01
      2.0395e+00    9.230270e-01
      2.0400e+00    8.292867e-01
      2.0405e+00    8.328289e-01
      2.0410e+00    9.175781e-01
      2.0415e+00    9.112038e-01
      2.0420e+00    8.943000e-01
      2.0425e+00    8.835355e-01
      2.0430e+00    9.150368e-01
      2.0435e+00    8.859403e-01
      2.0440e+00    8.764584e-01
      2.0445e+00    8.772519e-01
      2.0450e+00    8.844488e-01
      2.0455e+00    9.118306e-01
      2.0460e+00    9.040481e-01
      2.0465e+00    9.106066e-01
      2.0470e+00    8.866246e-01
      2.0475e+00    8.363402e-01
      2.0480e+00    8.208577e-01
      2.0485e+00    8.024442e-01
      2.0490e+00    7.707426e-01
      2.0495e+00    8.489839e-01
      2.0500e+00    7.244514e-01
      2.0505e+00    6.802615e-01
      2.0510e+00    7.332607e-01
      2.0515e+00    7.699190e-01
      2.0520e+00    6.348250e-01
      2.0525e+00    6.088957e-01
      2.0530e+00    8.941629e-01
      2.0535e+00    5.663084e-01
      2.0540e+00    5.589926e-01
      2.0545e+00    7.324597e-01
      2.0550e+00    6.270682e-01
      2.0555e+00    5.505921e-01
      2.0560e+00    7.885514e-01
      2.0565e+00    5.368772e-01
      2.0570e+00    6.915438e-01
      2.0575e+00    6.396566e-01
      2.0580e+00    5.825299e-01
      2.0585e+00    8.792233e-01
      2.0590e+00    6.489179e-01
      2.0595e+00    8.010751e-01
      2.0600e+00    8.422849e-01
      2.0605e+00    8.233447e-01
      2.0610e+00    7.032963e-01
      2.0615e+00    8.534451e-01
      2.0620e+00    6.633891e-01
      2.0625e+00    7.378573e-01
      2.0630e+00    6.509586e-01
      2.0635e+00    5.831857e-01
      2.0640e+00    8.870601e-01
      2.0645e+00    6.614116e-01
      2.0650e+00    7.539282e-01
      2.0655e+00    5.753462e-01
      2.0660e+00    7.697424e-01
      2.0665e+00    6.016191e-01
      2.0670e+00    8.839642e-01
      2.0675e+00    6.048543e-01
      2.0680e+00    7.220396e-01
      2.0685e+00    7.605170e-01
      2.0690e+00    8.264895e-01
      2.0695e+00    6.524792e-01
      2.0700e+00    8.689954e-01
      2.0705e+00    7.227136e-01
      2.0710e+00    7.978801e-01
      2.0715e+00    7.149728e-01
      2.0720e+00    8.322260e-01
      2.0725e+00    7.375242e-01
      2.0730e+00    9.263553e-01
      2.0735e+00    7.815247e-01
      2.0740e+00    8.464534e-01
      2.0745e+00    8.481295e-01
      2.0750e+00    7.894135e-01
      2.0755e+00    8.532519e-01
      2.0760e+00    8.367246e-01
      2.0765e+00    8.844847e-01
      2.0770e+00    8.498879e-01
      2.0775e+00    8.436491e-01
      2.0780e+00    8.573322e-01
      2.0785e+00    8.926115e-01
      2.0790e+00    9.205453e-01
      2.0795e+00    9.061660e-01
      2.0800e+00    9.214446e-01
      2.0805e+00    9.249987e-01
      2.0810e+00    9.125215e-01
      2.0815e+00    9.076152e-01
      2.0820e+00    8.950806e-01
      2.0825e+00    9.123807e-01
      2.0830e+00    8.912357e-01
      2.0835e+00    8.899561e-01
      2.0840e+00    9.003680e-01
      2.0845e+00    8.436539e-01
      2.0850e+00    8.844555e-01
      2.0855e+00    8.833702e-01
      2.0860e+00    9.040671e-01
      2.0865e+00    8.958299e-01
      2.0870e+00    9.121995e-01
      2.0875e+00    9.015055e-01
      2.0880e+00    9.267910e-01
      2.0885e+00    8.924313e-01
      2.0890e+00    9.100238e-01
      2.0895e+00    9.073822e-01
      2.0900e+00    8.903499e-01
      2.0905e+00    9.076582e-01
      2.0910e+00    9.162438e-01
      2.0915e+00    9.066919e-01
      2.0920e+00    9.244438e-01
      2.0925e+00    8.993481e-01
      2.0930e+00    9.230106e-01
      2.0935e+00    8.878693e-01
      2.0940e+00    8.758679e-01
      2.0945e+00    9.226805e-01
      2.0950e+00    9.225970e-01
      2.0955e+00    9.217338e-01
      2.0960e+00    9.167274e-01
      2.0965e+00    9.278829e-01
      2.0970e+00    9.257843e-01
      2.0975e+00    9.214829e-01
      2.0980e+00    9.226137e-01
      2.0985e+00    8.170985e-01
      2.0990e+00    8.923022e-01
      2.0995e+00    9.309802e-01
      2.1000e+00    9.195355e-01
      2.1005e+00    8.950544e-01
      2.1010e+00    9.228369e-01
      2.1015e+00    8.606228e-01
      2.1020e+00    8.782596e-01
      2.1025e+00    9.243050e-01
      2.1030e+00    9.206975e-01
      2.1035e+00    9.273560e-01
      2.1040e+00    9.268507e-01
      2.1045e+00    9.257901e-01
      2.1050e+00    9.161592e-01
      2.1055e+00    9.194581e-01
      2.1060e+00    9.244053e-01
      2.1065e+00    9.191195e-01
      2.1070e+00    9.278528e-01
      2.1075e+00    9.208419e-01
      2.1080e+00    9.207853e-01
      2.1085e+00    9.205870e-01
      2.1090e+00    9.231860e-01
      2.1095e+00    9.076330e-01
      2.1100e+00    9.103732e-01
      2.1105e+00    9.189131e-01
      2.1110e+00    9.187959e-01
      2.1115e+00    9.242371e-01
      2.1120e+00    8.670295e-01
      2.1125e+00    9.047196e-01
      2.1130e+00    9.199081e-01
      2.1135e+00    9.220915e-01
      2.1140e+00    9.251024e-01
      2.1145e+00    9.221777e-01
      2.1150e+00    9.168714e-01
      2.1155e+00    9.105895e-01
      2.1160e+00    9.221474e-01
      2.1165e+00    9.095780e-01
      2.1170e+00    9.146215e-01
      2.1175e+00    9.151510e-01
      2.1180e+00    9.144620e-01
      2.1185e+00    8.408661e-01
      2.1190e+00    8.976235e-01
      2.1195e+00    9.176202e-01
      2.1200e+00    8.774774e-01
      2.1205e+00    8.980294e-01
      2.1210e+00    9.119963e-01
      2.1215e+00    9.146293e-01
      2.1220e+00    9.201773e-01
      2.1225e+00    9.173707e-01
      2.1230e+00    9.168392e-01
      2.1235e+00    9.158705e-01
      2.1240e+00    9.202750e-01
      2.1245e+00    8.572435e-01
      2.1250e+00    8.919717e-01
      2.1255e+00    9.177857e-01
      2.1260e+00    9.224708e-01
      2.1265e+00    9.227776e-01
      2.1270e+00    9.185757e-01
      2.1275e+00    8.502026e-01
      2.1280e+00    8.905529e-01
      2.1285e+00    9.227012e-01
      2.1290e+00    9.245843e-01
      2.1295e+00    9.233689e-01
      2.1300e+00    9.219894e-01
      2.1305e+00    9.230148e-01
      2.1310e+00    9.273529e-01
      2.1315e+00    9.278350e-01
      2.1320e+00    9.266935e-01
      2.1325e+00    9.248254e-01
      2.1330e+00    9.272758e-01
      2.1335e+00    9.308352e-01
      2.1340e+00    9.322693e-01
      2.1345e+00    9.313075e-01
      2.1350e+00    9.296656e-01
      2.1355e+00    9.240108e-01
      2.1360e+00    9.142775e-01
      2.1365e+00    9.335641e-01
      2.1370e+00    9.360251e-01
      2.1375e+00    9.356928e-01
      2.1380e+00    9.380797e-01
      2.1385e+00    9.403406e-01
      2.1390e+00    9.400869e-01
      2.1395e+00    9.388679e-01
      2.1400e+00    9.394670e-01
      2.1405e+00    9.440043e-01
      2.1410e+00    9.478831e-01
      2.1415e+00    9.481704e-01
      2.1420e+00    9.464108e-01
      2.1425e+00    9.452622e-01
      2.1430e+00    9.470317e-01
      2.1435e+00    9.515476e-01
      2.1440e+00    9.534033e-01
      2.1445e+00    9.465352e-01
      2.1450e+00    9.518149e-01
      2.1455e+00    9.536202e-01
      2.1460e+00    9.542171e-01
      2.1465e+00    9.567530e-01
      2.1470e+00    9.538631e-01
      2.1475e+00    9.529480e-01
      2.1480e+00    9.502043e-01
      2.1485e+00    9.527543e-01
      2.1490e+00    9.566879e-01
      2.1495e+00    9.533927e-01
      2.1500e+00    9.338186e-01
      2.1505e+00    9.501813e-01
      2.1510e+00    9.564346e-01
      2.1515e+00    8.852939e-01
      2.1520e+00    9.126743e-01
      2.1525e+00    9.262344e-01
      2.1530e+00    9.188355e-01
      2.1535e+00    9.449063e-01
      2.1540e+00    9.472524e-01
      2.1545e+00    9.399583e-01
      2.1550e+00    9.491448e-01
      2.1555e+00    9.529188e-01
      2.1560e+00    9.614915e-01
      2.1565e+00    9.593557e-01
      2.1570e+00    9.616359e-01
      2.1575e+00    9.591639e-01
      2.1580e+00    9.517304e-01
      2.1585e+00    9.503808e-01
      2.1590e+00    9.179172e-01
      2.1595e+00    9.534489e-01
      2.1600e+00    9.425339e-01
      2.1605e+00    9.534078e-01
      2.1610e+00    9.422827e-01
      2.1615e+00    9.504514e-01
      2.1620e+00    9.566622e-01
      2.1625e+00    9.420727e-01
      2.1630e+00    9.466464e-01
      2.1635e+00    8.142619e-01
      2.1640e+00    9.523312e-01
      2.1645e+00    9.543570e-01
      2.1650e+00    9.515594e-01
      2.1655e+00    9.516316e-01
      2.1660e+00    9.504421e-01
      2.1665e+00    9.432050e-01
      2.1670e+00    9.392420e-01
      2.1675e+00    9.386547e-01
      2.1680e+00    9.461949e-01
      2.1685e+00    8.981260e-01
      2.1690e+00    9.091947e-01
      2.1695e+00    9.485851e-01
      2.1700e+00    9.439688e-01
      2.1705e+00    9.462700e-01
      2.1710e+00    9.494410e-01
      2.1715e+00    9.516934e-01
      2.1720e+00    9.514056e-01
      2.1725e+00    9.200645e-01
      2.1730e+00    9.272392e-01
      2.1735e+00    9.430250e-01
      2.1740e+00    9.182562e-01
      2.1745e+00    8.921247e-01
      2.1750e+00    9.393055e-01
      2.1755e+00    9.366167e-01
      2.1760e+00    9.130848e-01
      2.1765e+00    9.008763e-01
      2.1770e+00    9.467542e-01
      2.1775e+00    9.441585e-01
      2.1780e+00    9.350241e-01
      2.1785e+00    9.169845e-01
      2.1790e+00    8.855450e-01
      2.1795e+00    9.247512e-01
      2.1800e+00    9.413194e-01
      2.1805e+00    9.391017e-01
      2.1810e+00    9.390026e-01
      2.1815e+00    9.430190e-01
      2.1820e+00    9.436897e-01
      2.1825e+00    9.392726e-01
      2.1830e+00    8.868198e-01
      2.1835e+00    8.164790e-01
      2.1840e+00    9.171617e-01
      2.1845e+00    8.913626e-01
      2.1850e+00    8.293762e-01
      2.1855e+00    9.237431e-01
      2.1860e+00    9.309500e-01
      2.1865e+00    9.347743e-01
      2.1870e+00    9.147216e-01
      2.1875e+00    8.936144e-01
      2.1880e+00    8.828861e-01
      2.1885e+00    9.058935e-01
      2.1890e+00    9.278921e-01
      2.1895e+00    9.221678e-01
      2.1900e+00    9.276476e-01
      2.1905e+00    8.777121e-01
      2.1910e+00    9.097224e-01
      2.1915e+00    9.226425e-01
      2.1920e+00    9.262087e-01
      2.1925e+00    9.254498e-01
      2.1930e+00    9.216367e-01
      2.1935e+00    9.170841e-01
      2.1940e+00    9.004117e-01
      2.1945e+00    8.518542e-01
      2.1950e+00    8.672472e-01
      2.1955e+00    9.159353e-01
      2.1960e+00    9.076620e-01
      2.1965e+00    8.916234e-01
      2.1970e+00    8.945343e-01
      2.1975e+00    9.058606e-01
      2.1980e+00    8.498426e-01
      2.1985e+00    8.113288e-01
      2.1990e+00    8.708156e-01
      2.1995e+00    8.462766e-01
      2.2000e+00    8.152764e-01
      2.2005e+00    8.227140e-01
      2.2010e+00    8.695957e-01
      2.2015e+00    8.713186e-01
      2.2020e+00    8.643469e-01
      2.2025e+00    8.712823e-01
      2.2030e+00    8.801453e-01
      2.2035e+00    8.898312e-01
      2.2040e+00    8.560401e-01
      2.2045e+00    8.653249e-01
      2.2050e+00    7.990505e-01
      2.2055e+00    8.629800e-01
      2.2060e+00    8.787551e-01
      2.2065e+00    8.529434e-01
      2.2070e+00    8.842282e-01
      2.2075e+00    8.525165e-01
      2.2080e+00    8.846133e-01
      2.2085e+00    8.868943e-01
      2.2090e+00    8.861463e-01
      2.2095e+00    8.780417e-01
      2.2100e+00    8.784951e-01
      2.2105e+00    8.698802e-01
      2.2110e+00    8.808011e-01
      2.2115e+00    8.777865e-01
      2.2120e+00    8.802808e-01
      2.2125e+00    8.789969e-01
      2.2130e+00    8.808032e-01
      2.2135e+00    8.839544e-01
      2.2140e+00    8.810924e-01
      2.2145e+00    8.632808e-01
      2.2150e+00    8.543297e-01
      2.2155e+00    8.505297e-01
      2.2160e+00    8.297447e-01
      2.2165e+00    8.604823e-01
      2.2170e+00    8.679262e-01
      2.2175e+00    8.761008e-01
      2.2180e+00    8.725378e-01
      2.2185e+00    8.760545e-01
      2.2190e+00    8.816198e-01
      2.2195e+00    8.783168e-01
      2.2200e+00    8.732160e-01
      2.2205e+00    8.736542e-01
      2.2210e+00    8.647786e-01
      2.2215e+00    8.544681e-01
      2.2220e+00    8.685243e-01
      2.2225e+00    8.751457e-01
      2.2230e+00    8.567432e-01
      2.2235e+00    8.651505e-01
      2.2240e+00    8.774611e-01
      2.2245e+00    8.772943e-01
      2.2250e+00    8.606163e-01
      2.2255e+00    8.593431e-01
      2.2260e+00    8.699300e-01
      2.2265e+00    8.545512e-01
      2.2270e+00    8.559418e-01
      2.2275e+00    8.683170e-01
      2.2280e+00    8.756626e-01
      2.2285e+00    8.770038e-01
      2.2290e+00    8.779389e-01
      2.2295e+00    8.828737e-01
      2.2300e+00    8.823778e-01
      2.2305e+00    8.769806e-01
      2.2310e+00    8.745404e-01
      2.2315e+00    8.473692e-01
      2.2320e+00    8.558087e-01
      2.2325e+00    8.615162e-01
      2.2330e+00    8.730652e-01
      2.2335e+00    8.589400e-01
      2.2340e+00    8.715650e-01
      2.2345e+00    8.785807e-01
      2.2350e+00    8.769957e-01
      2.2355e+00    8.769379e-01
      2.2360e+00    8.598006e-01
      2.2365e+00    8.573745e-01
      2.2370e+00    8.744091e-01
      2.2375e+00    8.675662e-01
      2.2380e+00    8.589400e-01
      2.2385e+00    8.774089e-01
      2.2390e+00    8.794271e-01
      2.2395e+00    8.749384e-01
      2.2400e+00    8.646315e-01
      2.2405e+00    8.751710e-01
      2.2410e+00    8.759126e-01
      2.2415e+00    8.587886e-01
      2.2420e+00    8.755666e-01
      2.2425e+00    8.776385e-01
      2.2430e+00    8.768606e-01
      2.2435e+00    8.757780e-01
      2.2440e+00    8.521945e-01
      2.2445e+00    8.681677e-01
      2.2450e+00    8.868848e-01
      2.2455e+00    8.859042e-01
      2.2460e+00    8.680058e-01
      2.2465e+00    8.566786e-01
      2.2470e+00    8.386020e-01
      2.2475e+00    8.592517e-01
      2.2480e+00    8.850032e-01
      2.2485e+00    8.885678e-01
      2.2490e+00    8.869162e-01
      2.2495e+00    8.789916e-01
      2.2500e+00    8.767070e-01
      2.2505e+00    8.688181e-01
      2.2510e+00    8.756463e-01
      2.2515e+00    8.866307e-01
      2.2520e+00    8.772942e-01
      2.2525e+00    8.732238e-01
      2.2530e+00    8.801775e-01
      2.2535e+00    8.732580e-01
      2.2540e+00    8.578433e-01
      2.2545e+00    8.532131e-01
      2.2550e+00    8.776027e-01
      2.2555e+00    8.599383e-01
      2.2560e+00    8.604804e-01
      2.2565e+00    8.593188e-01
      2.2570e+00    8.414074e-01
      2.2575e+00    8.665019e-01
      2.2580e+00    8.682450e-01
      2.2585e+00    8.637923e-01
      2.2590e+00    8.852829e-01
      2.2595e+00    8.777069e-01
      2.2600e+00    8.728787e-01
      2.2605e+00    8.564364e-01
      2.2610e+00    8.313683e-01
      2.2615e+00    8.562305e-01
      2.2620e+00    8.093797e-01
      2.2625e+00    8.412230e-01
      2.2630e+00    8.875855e-01
      2.2635e+00    8.602393e-01
      2.2640e+00    8.487048e-01
      2.2645e+00    8.269587e-01
      2.2650e+00    8.475482e-01
      2.2655e+00    8.838447e-01
      2.2660e+00    8.809039e-01
      2.2665e+00    8.834300e-01
      2.2670e+00    8.771839e-01
      2.2675e+00    8.612517e-01
      2.2680e+00    8.369223e-01
      2.2685e+00    8.032040e-01
      2.2690e+00    8.405539e-01
      2.2695e+00    8.698850e-01
      2.2700e+00    8.558563e-01
      2.2705e+00    8.495122e-01
      2.2710e+00    8.707355e-01
      2.2715e+00    8.692898e-01
      2.2720e+00    8.397176e-01
      2.2725e+00    8.426363e-01
      2.2730e+00    8.732099e-01
      2.2735e+00    8.774184e-01
      2.2740e+00    8.763043e-01
      2.2745e+00    8.763641e-01
      2.2750e+00    8.414586e-01
      2.2755e+00    7.993487e-01
      2.2760e+00    8.016728e-01
      2.2765e+00    8.590487e-01
      2.2770e+00    8.739218e-01
      2.2775e+00    8.530445e-01
      2.2780e+00    8.893915e-01
      2.2785e+00    8.826687e-01
      2.2790e+00    8.967884e-01
      2.2795e+00    9.013514e-01
      2.2800e+00    9.037740e-01
      2.2805e+00    8.673796e-01
      2.2810e+00    8.072792e-01
      2.2815e+00    8.885313e-01
      2.2820e+00    8.944314e-01
      2.2825e+00    8.528437e-01
      2.2830e+00    8.017488e-01
      2.2835e+00    8.671085e-01
      2.2840e+00    8.216395e-01
      2.2845e+00    8.677460e-01
      2.2850e+00    8.464293e-01
      2.2855e+00    8.563128e-01
      2.2860e+00    8.848071e-01
      2.2865e+00    8.714455e-01
      2.2870e+00    8.666025e-01
      2.2875e+00    8.695245e-01
      2.2880e+00    8.567719e-01
      2.2885e+00    8.574761e-01
      2.2890e+00    8.422624e-01
      2.2895e+00    7.745384e-01
      2.2900e+00    7.550150e-01
      2.2905e+00    8.062288e-01
      2.2910e+00    8.110140e-01
      2.2915e+00    8.095551e-01
      2.2920e+00    7.948098e-01
      2.2925e+00    7.445392e-01
      2.2930e+00    7.823979e-01
      2.2935e+00    7.600108e-01
      2.2940e+00    7.479819e-01
      2.2945e+00    7.184432e-01
      2.2950e+00    7.065200e-01
      2.2955e+00    6.864690e-01
      2.2960e+00    6.780730e-01
      2.2965e+00    6.855097e-01
      2.2970e+00    6.855498e-01
      2.2975e+00    6.715536e-01
      2.2980e+00    6.255508e-01
      2.2985e+00    5.901746e-01
      2.2990e+00    6.014832e-01
      2.2995e+00    5.889115e-01
      2.3000e+00    5.757156e-01
      2.3005e+00    5.377241e-01
      2.3010e+00    5.246657e-01
      2.3015e+00    5.562112e-01
      2.3020e+00    5.248414e-01
      2.3025e+00    5.066681e-01
      2.3030e+00    5.042130e-01
      2.3035e+00    4.628993e-01
      2.3040e+00    4.489223e-01
      2.3045e+00    4.263874e-01
      2.3050e+00    4.288549e-01
      2.3055e+00    4.265640e-01
      2.3060e+00    4.088717e-01
      2.3065e+00    3.873524e-01
      2.3070e+00    3.648715e-01
      2.3075e+00    3.525833e-01
      2.3080e+00    3.524713e-01
      2.3085e+00    3.476286e-01
      2.3090e+00    3.252920e-01
      2.3095e+00    3.065806e-01
      2.3100e+00    3.004316e-01
      2.3105e+00    2.953642e-01
      2.3110e+00    2.823698e-01
      2.3115e+00    2.655877e-01
      2.3120e+00    2.466834e-01
      2.3125e+00    2.404117e-01
      2.3130e+00    2.337942e-01
      2.3135e+00    2.230042e-01
      2.3140e+00    2.121508e-01
      2.3145e+00    1.996380e-01
      2.3150e+00    1.871788e-01
      2.3155e+00    1.765189e-01
      2.3160e+00    1.557334e-01
      2.3165e+00    1.352817e-01
      2.3170e+00    1.124165e-01
      2.3175e+00    1.214170e-01
      2.3180e+00    1.078661e-01
      2.3185e+00    1.091732e-01
      2.3190e+00    1.121736e-01
      2.3195e+00    1.048659e-01
      2.3200e+00    9.957162e-02
      2.3205e+00    9.364960e-02
      2.3210e+00    8.886914e-02
      2.3215e+00    8.026113e-02
      2.3220e+00    7.300770e-02
      2.3225e+00    7.169161e-02
      2.3230e+00    6.412513e-02
      2.3235e+00    6.099897e-02
      2.3240e+00    5.945995e-02
      2.3245e+00    5.961723e-02
      2.3250e+00    5.519835e-02
      2.3255e+00    4.953721e-02
      2.3260e+00    4.810788e-02
      2.3265e+00    4.444135e-02
      2.3270e+00    4.270489e-02
      2.3275e+00    4.076265e-02
      2.3280e+00    3.555673e-02
      2.3285e+00    3.226627e-02
      2.3290e+00    3.237368e-02
      2.3295e+00    3.038612e-02
      2.3300e+00    2.946148e-02
      2.3305e+00    2.751102e-02
      2.3310e+00    2.437796e-02
      2.3315e+00    2.262683e-02
      2.3320e+00    2.198171e-02
      2.3325e+00    2.085617e-02
      2.3330e+00    1.969192e-02
      2.3335e+00    1.873776e-02
      2.3340e+00    1.727234e-02
      2.3345e+00    1.671623e-02
      2.3350e+00    1.505706e-02
      2.3355e+00    1.409621e-02
      2.3360e+00    1.359935e-02
      2.3365e+00    1.354025e-02
      2.3370e+00    1.327185e-02
      2.3375e+00    1.240495e-02
      2.3380e+00    1.070978e-02
      2.3385e+00    9.365471e-03
      2.3390e+00    9.825496e-03
      2.3395e+00    9.255797e-03
      2.3400e+00    7.783073e-03
      2.3405e+00    7.478601e-03
      2.3410e+00    7.566124e-03
      2.3415e+00    6.502030e-03
      2.3420e+00    6.238263e-03
      2.3425e+00    7.172823e-03
      2.3430e+00    6.937300e-03
      2.3435e+00    6.200879e-03
      2.3440e+00    6.190787e-03
      2.3445e+00    5.538771e-03
      2.3450e+00    5.218717e-03
      2.3455e+00    4.572876e-03
      2.3460e+00    5.196038e-03
      2.3465e+00    4.589028e-03
      2.3470e+00    5.099580e-03
      2.3475e+00    4.235639e-03
      2.3480e+00    3.695864e-03
      2.3485e+00    3.893099e-03
      2.3490e+00    3.803856e-03
      2.3495e+00    3.510882e-03
      2.3500e+00    3.343855e-03
      2.3505e+00    2.959196e-03
      2.3510e+00    3.265377e-03
      2.3515e+00    3.181247e-03
      2.3520e+00    2.440881e-03
      2.3525e+00    2.366270e-03
      2.3530e+00    2.636635e-03
      2.3535e+00    2.281055e-03
      2.3540e+00    2.368990e-03
      2.3545e+00    2.606783e-03
      2.3550e+00    2.456076e-03
      2.3555e+00    2.454431e-03
      2.3560e+00    2.536747e-03
      2.3565e+00    2.387307e-03
      2.3570e+00    1.837057e-03
      2.3575e+00    2.093204e-03
      2.3580e+00    1.948311e-03
      2.3585e+00    1.367668e-03
      2.3590e+00    1.773082e-03
      2.3595e+00    1.750684e-03
      2.3600e+00    1.447767e-03
      2.3605e+00    1.779755e-03
      2.3610e+00    1.727460e-03
      2.3615e+00    1.167495e-03
      2.3620e+00    1.583440e-03
      2.3625e+00    1.875368e-03
      2.3630e+00    1.399287e-03
      2.3635e+00    2.288007e-03
      2.3640e+00    1.225902e-03
      2.3645e+00    2.045090e-03
      2.3650e+00    1.439148e-03
      2.3655e+00    1.548195e-03
      2.3660e+00    1.529142e-03
      2.3665e+00    1.254491e-03
      2.3670e+00    1.096953e-03
      2.3675e+00    1.001028e-03
      2.3680e+00    1.048236e-03
      2.3685e+00    1.444116e-03
      2.3690e+00    8.171579e-04
      2.3695e+00    1.209117e-03
      2.3700e+00    6.345410e-04
      2.3705e+00    7.866663e-04
      2.3710e+00    7.260112e-04
      2.3715e+00    5.700142e-04
      2.3720e+00    9.327885e-04
      2.3725e+00    1.029080e-03
      2.3730e+00    3.999883e-04
      2.3735e+00    6.091064e-04
      2.3740e+00    1.232332e-03
      2.3745e+00    6.326644e-04
      2.3750e+00    7.501848e-04
      2.3755e+00    1.357150e-03
      2.3760e+00    1.065654e-03
      2.3765e+00    5.210801e-04
      2.3770e+00    9.446767e-04
      2.3775e+00    6.266640e-04
      2.3780e+00    4.069925e-04
      2.3785e+00    5.320317e-04
      2.3790e+00    4.052969e-04
      2.3795e+00    5.839794e-04
      2.3800e+00    9.492525e-04
      2.3805e+00    6.965086e-04
      2.3810e+00    9.862639e-04
      2.3815e+00    1.272757e-03
      2.3820e+00    9.840928e-04
      2.3825e+00    2.390509e-04
      2.3830e+00    2.979402e-04
      2.3835e+00    5.860959e-04
      2.3840e+00    5.598982e-04
      2.3845e+00    9.521829e-04
      2.3850e+00    1.271944e-03
      2.3855e+00    8.539125e-04
      2.3860e+00    2.755730e-04
      2.3865e+00    1.007913e-03
      2.3870e+00    1.004159e-03
      2.3875e+00    9.765545e-04
      2.3880e+00    6.230832e-04
      2.3885e+00    8.665118e-04
      2.3890e+00    8.836125e-04
      2.3895e+00    1.937131e-04
      2.3900e+00    8.692528e-04
      2.3905e+00    4.291674e-04
      2.3910e+00    3.905417e-04
      2.3915e+00    7.150146e-04
      2.3920e+00    1.531462e-04
      2.3925e+00    8.747267e-04
      2.3930e+00    1.351729e-03
      2.3935e+00    2.450271e-04
      2.3940e+00    1.127662e-03
      2.3945e+00    6.560078e-04
      2.3950e+00    7.559802e-04
      2.3955e+00    9.559986e-04
      2.3960e+00    1.402037e-03
      2.3965e+00    9.555812e-04
      2.3970e+00    7.077835e-04
      2.3975e+00    5.394419e-04
      2.3980e+00    8.667184e-04
      2.3985e+00    8.833487e-04
      2.3990e+00    1.081202e-03
      2.3995e+00    1.219649e-03
      2.4000e+00    1.024919e-03
      2.4005e+00    7.694377e-04
      2.4010e+00    1.066584e-03
      2.4015e+00    9.305528e-04
      2.4020e+00    1.079160e-03
      2.4025e+00    9.948446e-04
      2.4030e+00    1.275565e-03
      2.4035e+00    1.239172e-03
      2.4040e+00    8.328405e-04
      2.4045e+00    5.803575e-04
      2.4050e+00    8.385465e-04
      2.4055e+00    1.289379e-03
      2.4060e+00    1.019878e-03
      2.4065e+00    6.261868e-04
      2.4070e+00    5.524412e-04
      2.4075e+00    1.048467e-03
      2.4080e+00    7.252066e-04
      2.4085e+00    8.051158e-04
      2.4090e+00    1.275934e-03
      2.4095e+00    7.145817e-04
      2.4100e+00    1.197643e-03
      2.4105e+00    1.082283e-03
      2.4110e+00    1.665551e-03
      2.4115e+00    1.330422e-03
      2.4120e+00    7.788378e-04
      2.4125e+00    1.141542e-03
      2.4130e+00    1.375146e-03
      2.4135e+00    8.092062e-04
      2.4140e+00    7.630827e-04
      2.4145e+00    7.469947e-04
      2.4150e+00    1.579695e-03
      2.4155e+00    1.485190e-03
      2.4160e+00    2.102120e-04
      2.4165e+00    9.713185e-04
      2.4170e+00    1.099388e-03
      2.4175e+00    1.017074e-03
      2.4180e+00    9.883058e-04
      2.4185e+00    4.692261e-04
      2.4190e+00    3.239665e-04
      2.4195e+00    8.674541e-04
      2.4200e+00    1.454803e-03
      2.4205e+00    1.342196e-03
      2.4210e+00    1.173756e-03
      2.4215e+00    1.131406e-03
      2.4220e+00    1.447618e-03
      2.4225e+00    1.142011e-03
      2.4230e+00    8.138107e-04
      2.4235e+00    1.356406e-03
      2.4240e+00    6.952990e-04
      2.4245e+00    9.131729e-04
      2.4250e+00    1.101556e-03
      2.4255e+00    1.254550e-03
      2.4260e+00    9.970970e-04
      2.4265e+00    1.016988e-03
      2.4270e+00    9.226982e-04
      2.4275e+00    1.168391e-03
      2.4280e+00    1.107992e-03
      2.4285e+00    1.479893e-03
      2.4290e+00    1.336553e-03
      2.4295e+00    1.358948e-03
      2.4300e+00    1.001740e-03
      2.4305e+00    1.031063e-03
      2.4310e+00    1.283357e-03
      2.4315e+00    1.677152e-03
      2.4320e+00    1.573410e-03
      2.4325e+00    1.282191e-03
      2.4330e+00    7.590037e-04
      2.4335e+00    7.553012e-04
      2.4340e+00    1.582406e-03
      2.4345e+00    9.252629e-04
      2.4350e+00    5.298744e-04
      2.4355e+00    3.348198e-05
      2.4360e+00    2.347448e-04
      2.4365e+00    5.185947e-04
      2.4370e+00    9.812977e-04
      2.4375e+00    1.485332e-03
      2.4380e+00    1.838634e-03
      2.4385e+00    1.335491e-03
      2.4390e+00    1.714128e-03
      2.4395e+00    1.240562e-03
      2.4400e+00    1.132129e-03
      2.4405e+00    1.593470e-03
      2.4410e+00    1.661526e-03
      2.4415e+00    1.462687e-03
      2.4420e+00    1.411767e-03
      2.4425e+00    1.144238e-03
      2.4430e+00    1.154529e-03
      2.4435e+00    1.452253e-03
      2.4440e+00    1.185288e-03
      2.4445e+00    9.284990e-04
      2.4450e+00    8.563123e-04
      2.4455e+00    7.389523e-04
      2.4460e+00    2.861488e-04
      2.4465e+00    4.539622e-04
      2.4470e+00    5.085136e-04
      2.4475e+00    6.538450e-04
      2.4480e+00    8.533486e-04
      2.4485e+00    1.004425e-03
      2.4490e+00    7.993539e-04
      2.4495e+00    1.109563e-03
      2.4500e+00    8.161071e-04
      2.4505e+00    4.969298e-04
      2.4510e+00    6.221761e-04
      2.4515e+00    2.677675e-04
      2.4520e+00    3.896794e-04
      2.4525e+00    7.053082e-04
      2.4530e+00    1.000367e-03
      2.4535e+00    1.326965e-03
      2.4540e+00    4.465192e-04
      2.4545e+00    4.943853e-04
      2.4550e+00    7.675409e-04
      2.4555e+00    5.988817e-04
      2.4560e+00    7.325900e-04
      2.4565e+00    9.508664e-04
      2.4570e+00    6.387100e-04
      2.4575e+00    1.177695e-03
      2.4580e+00    1.147364e-03
      2.4585e+00    1.095252e-03
      2.4590e+00    1.141867e-03
      2.4595e+00    7.457074e-04
      2.4600e+00    1.147589e-03
      2.4605e+00    1.190690e-04
      2.4610e+00    7.311643e-04
      2.4615e+00    1.111048e-03
      2.4620e+00    8.162433e-04
      2.4625e+00    2.131248e-04
      2.4630e+00    1.223055e-04
      2.4635e+00    3.993258e-04
      2.4640e+00    7.502019e-04
      2.4645e+00    7.723484e-04
      2.4650e+00    7.838575e-04
      2.4655e+00    8.168923e-04
      2.4660e+00    8.547579e-04
      2.4665e+00    6.070498e-04
      2.4670e+00    1.104462e-03
      2.4675e+00    7.006246e-04
      2.4680e+00    4.674099e-04
      2.4685e+00    6.934582e-04
      2.4690e+00    8.357670e-04
      2.4695e+00    4.092833e-04
      2.4700e+00    5.236385e-04
      2.4705e+00    7.681121e-04
      2.4710e+00    8.911989e-04
      2.4715e+00    1.630928e-04
      2.4720e+00    9.947874e-05
      2.4725e+00    1.445433e-05
      2.4730e+00    1.945091e-04
      2.4735e+00    4.794330e-04
      2.4740e+00    1.015366e-03
      2.4745e+00    5.668952e-04
      2.4750e+00    7.711646e-04
      2.4755e+00    4.368518e-04
      2.4760e+00    5.656269e-04
      2.4765e+00    1.002188e-03
      2.4770e+00    7.608685e-04
      2.4775e+00    5.107178e-04
      2.4780e+00    5.944596e-04
      2.4785e+00    2.323118e-04
      2.4790e+00    7.886583e-04
      2.4795e+00    4.581269e-04
      2.4800e+00    7.247998e-04
      2.4805e+00    2.046654e-04
      2.4810e+00    2.038409e-04
      2.4815e+00    1.045222e-04
      2.4820e+00    3.743796e-04
      2.4825e+00    2.928543e-04
      2.4830e+00    2.309457e-04
      2.4835e+00    4.718473e-04
      2.4840e+00    1.086185e-04
      2.4845e+00    1.220849e-05
      2.4850e+00    2.878612e-04
      2.4855e+00    3.168657e-04
      2.4860e+00    3.633673e-04
      2.4865e+00    2.513763e-04
      2.4870e+00    8.506446e-05
      2.4875e+00    1.348041e-04
      2.4880e+00    2.915145e-05
      2.4885e+00    1.487760e-04
      2.4890e+00    3.344462e-04
      2.4895e+00    1.487072e-04
      2.4900e+00    4.108992e-04
      2.4905e+00    3.786564e-04
      2.4910e+00    2.326965e-04
      2.4915e+00    2.855819e-04
      2.4920e+00    5.718613e-05
      2.4925e+00    3.917032e-04
      2.4930e+00    3.029235e-04
      2.4935e+00    1.965300e-04
      2.4940e+00    1.400138e-04
      2.4945e+00    1.158163e-05
      2.4950e+00    7.086898e-05
      2.4955e+00    4.655957e-04
      2.4960e+00    4.920948e-04
      2.4965e+00    6.539542e-04
      2.4970e+00    3.284605e-04
      2.4975e+00    2.735245e-04
      2.4980e+00    2.857813e-04
      2.4985e+00    1.498008e-04
      2.4990e+00    2.148610e-04
      2.4995e+00    2.451574e-04
      2.5000e+00    9.132184e-04
