#  wavelength_um     transmission
#
      7.2000e+00    2.806200e-05
      7.2100e+00    1.720200e-03
      7.2200e+00    1.695300e-03
      7.2300e+00    2.120200e-03
      7.2400e+00    2.230500e-03
      7.2500e+00    2.055700e-03
      7.2600e+00    2.160100e-03
      7.2700e+00    1.917700e-03
      7.2800e+00    1.155300e-03
      7.2900e+00    1.644500e-03
      7.3000e+00    2.688900e-03
      7.3100e+00    3.371400e-03
      7.3200e+00    3.591800e-03
      7.3300e+00    3.521900e-03
      7.3400e+00    3.774400e-03
      7.3500e+00    3.684000e-03
      7.3600e+00    3.335100e-03
      7.3700e+00    3.333600e-03
      7.3800e+00    3.172800e-03
      7.3900e+00    3.379100e-03
      7.4000e+00    3.660300e-03
      7.4100e+00    4.278900e-03
      7.4200e+00    5.430700e-03
      7.4300e+00    7.114100e-03
      7.4400e+00    9.251600e-03
      7.4500e+00    1.171000e-02
      7.4600e+00    1.442100e-02
      7.4700e+00    1.742900e-02
      7.4800e+00    2.123300e-02
      7.4900e+00    2.620700e-02
      7.5000e+00    3.325700e-02
      7.5100e+00    4.313200e-02
      7.5200e+00    5.694600e-02
      7.5300e+00    7.568200e-02
      7.5400e+00    1.001000e-01
      7.5500e+00    1.297900e-01
      7.5600e+00    1.643200e-01
      7.5700e+00    2.000600e-01
      7.5800e+00    2.310200e-01
      7.5900e+00    2.548200e-01
      7.6000e+00    2.689300e-01
      7.6100e+00    2.730400e-01
      7.6200e+00    2.685000e-01
      7.6300e+00    2.588100e-01
      7.6400e+00    2.465700e-01
      7.6500e+00    2.355500e-01
      7.6600e+00    2.257700e-01
      7.6700e+00    2.184900e-01
      7.6800e+00    2.124500e-01
      7.6900e+00    2.089300e-01
      7.7000e+00    2.079300e-01
      7.7100e+00    2.082000e-01
      7.7200e+00    2.084700e-01
      7.7300e+00    2.100100e-01
      7.7400e+00    2.115600e-01
      7.7500e+00    2.118300e-01
      7.7600e+00    2.133800e-01
      7.7700e+00    2.149400e-01
      7.7800e+00    2.177800e-01
      7.7900e+00    2.219000e-01
      7.8000e+00    2.260400e-01
      7.8100e+00    2.301900e-01
      7.8200e+00    2.343500e-01
      7.8300e+00    2.385200e-01
      7.8400e+00    2.426900e-01
      7.8500e+00    2.455900e-01
      7.8600e+00    2.484900e-01
      7.8700e+00    2.501000e-01
      7.8800e+00    2.517200e-01
      7.8900e+00    2.533300e-01
      7.9000e+00    2.562600e-01
      7.9100e+00    2.578800e-01
      7.9200e+00    2.608200e-01
      7.9300e+00    2.663700e-01
      7.9400e+00    2.706300e-01
      7.9500e+00    2.762100e-01
      7.9600e+00    2.831100e-01
      7.9700e+00    2.913400e-01
      7.9800e+00    2.995900e-01
      7.9900e+00    3.065400e-01
      8.0000e+00    3.121900e-01
      8.0100e+00    3.165400e-01
      8.0200e+00    3.209000e-01
      8.0300e+00    3.239400e-01
      8.0400e+00    3.269900e-01
      8.0500e+00    3.287200e-01
      8.0600e+00    3.291300e-01
      8.0700e+00    3.308700e-01
      8.0800e+00    3.312800e-01
      8.0900e+00    3.343500e-01
      8.1000e+00    3.361000e-01
      8.1100e+00    3.365100e-01
      8.1200e+00    3.369300e-01
      8.1300e+00    3.360100e-01
      8.1400e+00    3.337400e-01
      8.1500e+00    3.314600e-01
      8.1600e+00    3.278400e-01
      8.1700e+00    3.242100e-01
      8.1800e+00    3.219100e-01
      8.1900e+00    3.209500e-01
      8.2000e+00    3.186500e-01
      8.2100e+00    3.176800e-01
      8.2200e+00    3.153600e-01
      8.2300e+00    3.143900e-01
      8.2400e+00    3.134200e-01
      8.2500e+00    3.110800e-01
      8.2600e+00    3.073800e-01
      8.2700e+00    3.023000e-01
      8.2800e+00    2.972100e-01
      8.2900e+00    2.921100e-01
      8.3000e+00    2.911000e-01
      8.3100e+00    2.914500e-01
      8.3200e+00    2.918000e-01
      8.3300e+00    2.935200e-01
      8.3400e+00    2.938700e-01
      8.3500e+00    2.928500e-01
      8.3600e+00    2.918300e-01
      8.3700e+00    2.921800e-01
      8.3800e+00    2.939000e-01
      8.3900e+00    2.970200e-01
      8.4000e+00    3.001400e-01
      8.4100e+00    3.018800e-01
      8.4200e+00    3.050100e-01
      8.4300e+00    3.081500e-01
      8.4400e+00    3.113000e-01
      8.4500e+00    3.144500e-01
      8.4600e+00    3.190000e-01
      8.4700e+00    3.235600e-01
      8.4800e+00    3.281300e-01
      8.4900e+00    3.327100e-01
      8.5000e+00    3.373000e-01
      8.5100e+00    3.419000e-01
      8.5200e+00    3.451100e-01
      8.5300e+00    3.483200e-01
      8.5400e+00    3.515400e-01
      8.5500e+00    3.547700e-01
      8.5600e+00    3.580100e-01
      8.5700e+00    3.598400e-01
      8.5800e+00    3.616700e-01
      8.5900e+00    3.620900e-01
      8.6000e+00    3.610900e-01
      8.6100e+00    3.601000e-01
      8.6200e+00    3.591000e-01
      8.6300e+00    3.580900e-01
      8.6400e+00    3.556600e-01
      8.6500e+00    3.546500e-01
      8.6600e+00    3.536300e-01
      8.6700e+00    3.526100e-01
      8.6800e+00    3.515900e-01
      8.6900e+00    3.491300e-01
      8.7000e+00    3.481000e-01
      8.7100e+00    3.456300e-01
      8.7200e+00    3.446000e-01
      8.7300e+00    3.435500e-01
      8.7400e+00    3.396300e-01
      8.7500e+00    3.328100e-01
      8.7600e+00    3.173300e-01
      8.7700e+00    2.902500e-01
      8.7800e+00    2.530000e-01
      8.7900e+00    2.171000e-01
      8.8000e+00    1.970600e-01
      8.8100e+00    2.030900e-01
      8.8200e+00    2.280100e-01
      8.8300e+00    2.617100e-01
      8.8400e+00    2.911200e-01
      8.8500e+00    3.118500e-01
      8.8600e+00    3.238700e-01
      8.8700e+00    3.315400e-01
      8.8800e+00    3.363000e-01
      8.8900e+00    3.410700e-01
      8.9000e+00    3.458500e-01
      8.9100e+00    3.506400e-01
      8.9200e+00    3.539700e-01
      8.9300e+00    3.573100e-01
      8.9400e+00    3.591800e-01
      8.9500e+00    3.595800e-01
      8.9600e+00    3.614600e-01
      8.9700e+00    3.633400e-01
      8.9800e+00    3.637400e-01
      8.9900e+00    3.656300e-01
      9.0000e+00    3.660300e-01
      9.0100e+00    3.649600e-01
      9.0200e+00    3.638800e-01
      9.0300e+00    3.627900e-01
      9.0400e+00    3.617100e-01
      9.0500e+00    3.606200e-01
      9.0600e+00    3.610200e-01
      9.0700e+00    3.629100e-01
      9.0800e+00    3.633100e-01
      9.0900e+00    3.652000e-01
      9.1000e+00    3.671000e-01
      9.1100e+00    3.705100e-01
      9.1200e+00    3.709100e-01
      9.1300e+00    3.728200e-01
      9.1400e+00    3.732300e-01
      9.1500e+00    3.721300e-01
      9.1600e+00    3.710300e-01
      9.1700e+00    3.684200e-01
      9.1800e+00    3.673100e-01
      9.1900e+00    3.646800e-01
      9.2000e+00    3.635600e-01
      9.2100e+00    3.639600e-01
      9.2200e+00    3.628400e-01
      9.2300e+00    3.632300e-01
      9.2400e+00    3.621000e-01
      9.2500e+00    3.624900e-01
      9.2600e+00    3.598400e-01
      9.2700e+00    3.602300e-01
      9.2800e+00    3.590900e-01
      9.2900e+00    3.594700e-01
      9.3000e+00    3.613900e-01
      9.3100e+00    3.617800e-01
      9.3200e+00    3.637000e-01
      9.3300e+00    3.640900e-01
      9.3400e+00    3.644800e-01
      9.3500e+00    3.664100e-01
      9.3600e+00    3.668000e-01
      9.3700e+00    3.656500e-01
      9.3800e+00    3.660400e-01
      9.3900e+00    3.664300e-01
      9.4000e+00    3.683700e-01
      9.4100e+00    3.687600e-01
      9.4200e+00    3.707100e-01
      9.4300e+00    3.711000e-01
      9.4400e+00    3.730500e-01
      9.4500e+00    3.750000e-01
      9.4600e+00    3.769500e-01
      9.4700e+00    3.789100e-01
      9.4800e+00    3.824300e-01
      9.4900e+00    3.859600e-01
      9.5000e+00    3.895000e-01
      9.5100e+00    3.930400e-01
      9.5200e+00    3.950200e-01
      9.5300e+00    3.954400e-01
      9.5400e+00    3.958500e-01
      9.5500e+00    3.946900e-01
      9.5600e+00    3.919600e-01
      9.5700e+00    3.907900e-01
      9.5800e+00    3.880500e-01
      9.5900e+00    3.852900e-01
      9.6000e+00    3.825300e-01
      9.6100e+00    3.797700e-01
      9.6200e+00    3.785800e-01
      9.6300e+00    3.773900e-01
      9.6400e+00    3.777800e-01
      9.6500e+00    3.797600e-01
      9.6600e+00    3.817400e-01
      9.6700e+00    3.853200e-01
      9.6800e+00    3.873100e-01
      9.6900e+00    3.909100e-01
      9.7000e+00    3.929100e-01
      9.7100e+00    3.933100e-01
      9.7200e+00    3.937200e-01
      9.7300e+00    3.941200e-01
      9.7400e+00    3.929200e-01
      9.7500e+00    3.917200e-01
      9.7600e+00    3.921200e-01
      9.7700e+00    3.925200e-01
      9.7800e+00    3.929300e-01
      9.7900e+00    3.949400e-01
      9.8000e+00    3.969600e-01
      9.8100e+00    3.989800e-01
      9.8200e+00    4.010000e-01
      9.8300e+00    4.030300e-01
      9.8400e+00    4.050600e-01
      9.8500e+00    4.070900e-01
      9.8600e+00    4.091300e-01
      9.8700e+00    4.111700e-01
      9.8800e+00    4.132100e-01
      9.8900e+00    4.152600e-01
      9.9000e+00    4.189400e-01
      9.9100e+00    4.226300e-01
      9.9200e+00    4.279500e-01
      9.9300e+00    4.316500e-01
      9.9400e+00    4.370000e-01
      9.9500e+00    4.407100e-01
      9.9600e+00    4.444400e-01
      9.9700e+00    4.481700e-01
      9.9800e+00    4.502600e-01
      9.9900e+00    4.540000e-01
      1.0000e+01    4.561000e-01
      1.0010e+01    4.598500e-01
      1.0020e+01    4.652600e-01
      1.0030e+01    4.690300e-01
      1.0040e+01    4.744600e-01
      1.0050e+01    4.815500e-01
      1.0060e+01    4.886600e-01
      1.0070e+01    4.957700e-01
      1.0080e+01    5.012400e-01
      1.0090e+01    5.083900e-01
      1.0100e+01    5.155400e-01
      1.0110e+01    5.210500e-01
      1.0120e+01    5.265600e-01
      1.0130e+01    5.320900e-01
      1.0140e+01    5.359500e-01
      1.0150e+01    5.398200e-01
      1.0160e+01    5.437000e-01
      1.0170e+01    5.475800e-01
      1.0180e+01    5.481200e-01
      1.0190e+01    5.486600e-01
      1.0200e+01    5.475200e-01
      1.0210e+01    5.446900e-01
      1.0220e+01    5.418600e-01
      1.0230e+01    5.390200e-01
      1.0240e+01    5.361800e-01
      1.0250e+01    5.350100e-01
      1.0260e+01    5.321600e-01
      1.0270e+01    5.276000e-01
      1.0280e+01    5.247300e-01
      1.0290e+01    5.201600e-01
      1.0300e+01    5.172700e-01
      1.0310e+01    5.126800e-01
      1.0320e+01    5.114800e-01
      1.0330e+01    5.102700e-01
      1.0340e+01    5.090700e-01
      1.0350e+01    5.095600e-01
      1.0360e+01    5.100500e-01
      1.0370e+01    5.105400e-01
      1.0380e+01    5.110400e-01
      1.0390e+01    5.098200e-01
      1.0400e+01    5.086000e-01
      1.0410e+01    5.073700e-01
      1.0420e+01    5.061400e-01
      1.0430e+01    5.049100e-01
      1.0440e+01    5.019600e-01
      1.0450e+01    5.024400e-01
      1.0460e+01    5.012000e-01
      1.0470e+01    5.016700e-01
      1.0480e+01    5.021500e-01
      1.0490e+01    5.043600e-01
      1.0500e+01    5.065700e-01
      1.0510e+01    5.087800e-01
      1.0520e+01    5.110000e-01
      1.0530e+01    5.114800e-01
      1.0540e+01    5.137100e-01
      1.0550e+01    5.159300e-01
      1.0560e+01    5.181600e-01
      1.0570e+01    5.203900e-01
      1.0580e+01    5.243700e-01
      1.0590e+01    5.266100e-01
      1.0600e+01    5.305900e-01
      1.0610e+01    5.328400e-01
      1.0620e+01    5.350900e-01
      1.0630e+01    5.373500e-01
      1.0640e+01    5.396000e-01
      1.0650e+01    5.418600e-01
      1.0660e+01    5.441300e-01
      1.0670e+01    5.464000e-01
      1.0680e+01    5.504200e-01
      1.0690e+01    5.527000e-01
      1.0700e+01    5.532200e-01
      1.0710e+01    5.555000e-01
      1.0720e+01    5.560200e-01
      1.0730e+01    5.547700e-01
      1.0740e+01    5.535200e-01
      1.0750e+01    5.522600e-01
      1.0760e+01    5.510000e-01
      1.0770e+01    5.497400e-01
      1.0780e+01    5.484800e-01
      1.0790e+01    5.472100e-01
      1.0800e+01    5.477200e-01
      1.0810e+01    5.482300e-01
      1.0820e+01    5.505100e-01
      1.0830e+01    5.528100e-01
      1.0840e+01    5.551000e-01
      1.0850e+01    5.574000e-01
      1.0860e+01    5.597000e-01
      1.0870e+01    5.602200e-01
      1.0880e+01    5.589400e-01
      1.0890e+01    5.576600e-01
      1.0900e+01    5.563800e-01
      1.0910e+01    5.533000e-01
      1.0920e+01    5.502100e-01
      1.0930e+01    5.489100e-01
      1.0940e+01    5.458100e-01
      1.0950e+01    5.427000e-01
      1.0960e+01    5.414000e-01
      1.0970e+01    5.400800e-01
      1.0980e+01    5.387700e-01
      1.0990e+01    5.392600e-01
      1.1000e+01    5.397500e-01
      1.1010e+01    5.402400e-01
      1.1020e+01    5.425400e-01
      1.1030e+01    5.448500e-01
      1.1040e+01    5.471600e-01
      1.1050e+01    5.476600e-01
      1.1060e+01    5.481600e-01
      1.1070e+01    5.468300e-01
      1.1080e+01    5.455000e-01
      1.1090e+01    5.459900e-01
      1.1100e+01    5.446600e-01
      1.1110e+01    5.451500e-01
      1.1120e+01    5.438100e-01
      1.1130e+01    5.442900e-01
      1.1140e+01    5.447800e-01
      1.1150e+01    5.434400e-01
      1.1160e+01    5.439200e-01
      1.1170e+01    5.407300e-01
      1.1180e+01    5.393800e-01
      1.1190e+01    5.361700e-01
      1.1200e+01    5.329600e-01
      1.1210e+01    5.297500e-01
      1.1220e+01    5.265300e-01
      1.1230e+01    5.233000e-01
      1.1240e+01    5.219100e-01
      1.1250e+01    5.205200e-01
      1.1260e+01    5.191300e-01
      1.1270e+01    5.195900e-01
      1.1280e+01    5.219100e-01
      1.1290e+01    5.223800e-01
      1.1300e+01    5.247000e-01
      1.1310e+01    5.270300e-01
      1.1320e+01    5.312200e-01
      1.1330e+01    5.335500e-01
      1.1340e+01    5.358900e-01
      1.1350e+01    5.382300e-01
      1.1360e+01    5.405800e-01
      1.1370e+01    5.410500e-01
      1.1380e+01    5.434000e-01
      1.1390e+01    5.438800e-01
      1.1400e+01    5.462400e-01
      1.1410e+01    5.467200e-01
      1.1420e+01    5.490700e-01
      1.1430e+01    5.514400e-01
      1.1440e+01    5.538000e-01
      1.1450e+01    5.561700e-01
      1.1460e+01    5.585500e-01
      1.1470e+01    5.628100e-01
      1.1480e+01    5.651900e-01
      1.1490e+01    5.694700e-01
      1.1500e+01    5.718600e-01
      1.1510e+01    5.761400e-01
      1.1520e+01    5.804400e-01
      1.1530e+01    5.847400e-01
      1.1540e+01    5.890500e-01
      1.1550e+01    5.933600e-01
      1.1560e+01    5.976800e-01
      1.1570e+01    6.001000e-01
      1.1580e+01    6.025300e-01
      1.1590e+01    6.049600e-01
      1.1600e+01    6.054800e-01
      1.1610e+01    6.079100e-01
      1.1620e+01    6.084400e-01
      1.1630e+01    6.108800e-01
      1.1640e+01    6.114000e-01
      1.1650e+01    6.138400e-01
      1.1660e+01    6.143700e-01
      1.1670e+01    6.168200e-01
      1.1680e+01    6.173500e-01
      1.1690e+01    6.178800e-01
      1.1700e+01    6.184100e-01
      1.1710e+01    6.170100e-01
      1.1720e+01    6.156000e-01
      1.1730e+01    6.122700e-01
      1.1740e+01    6.089200e-01
      1.1750e+01    6.075100e-01
      1.1760e+01    6.041500e-01
      1.1770e+01    6.007900e-01
      1.1780e+01    5.993600e-01
      1.1790e+01    5.979300e-01
      1.1800e+01    5.964900e-01
      1.1810e+01    5.970000e-01
      1.1820e+01    5.955500e-01
      1.1830e+01    5.960600e-01
      1.1840e+01    5.965600e-01
      1.1850e+01    5.951100e-01
      1.1860e+01    5.936600e-01
      1.1870e+01    5.922100e-01
      1.1880e+01    5.907500e-01
      1.1890e+01    5.892900e-01
      1.1900e+01    5.858700e-01
      1.1910e+01    5.844000e-01
      1.1920e+01    5.829300e-01
      1.1930e+01    5.814500e-01
      1.1940e+01    5.799700e-01
      1.1950e+01    5.804600e-01
      1.1960e+01    5.789800e-01
      1.1970e+01    5.794600e-01
      1.1980e+01    5.799400e-01
      1.1990e+01    5.784500e-01
      1.2000e+01    5.789400e-01
      1.2010e+01    5.774400e-01
      1.2020e+01    5.759400e-01
      1.2030e+01    5.744400e-01
      1.2040e+01    5.729400e-01
      1.2050e+01    5.714300e-01
      1.2060e+01    5.679300e-01
      1.2070e+01    5.664100e-01
      1.2080e+01    5.629100e-01
      1.2090e+01    5.633700e-01
      1.2100e+01    5.618500e-01
      1.2110e+01    5.623100e-01
      1.2120e+01    5.627700e-01
      1.2130e+01    5.652400e-01
      1.2140e+01    5.677000e-01
      1.2150e+01    5.701700e-01
      1.2160e+01    5.726400e-01
      1.2170e+01    5.751200e-01
      1.2180e+01    5.775900e-01
      1.2190e+01    5.800700e-01
      1.2200e+01    5.845700e-01
      1.2210e+01    5.850500e-01
      1.2220e+01    5.875400e-01
      1.2230e+01    5.900300e-01
      1.2240e+01    5.905200e-01
      1.2250e+01    5.930200e-01
      1.2260e+01    5.935000e-01
      1.2270e+01    5.939800e-01
      1.2280e+01    5.964900e-01
      1.2290e+01    5.969800e-01
      1.2300e+01    5.994900e-01
      1.2310e+01    6.020000e-01
      1.2320e+01    6.065500e-01
      1.2330e+01    6.111000e-01
      1.2340e+01    6.156600e-01
      1.2350e+01    6.202200e-01
      1.2360e+01    6.248000e-01
      1.2370e+01    6.293800e-01
      1.2380e+01    6.339600e-01
      1.2390e+01    6.405900e-01
      1.2400e+01    6.452000e-01
      1.2410e+01    6.518500e-01
      1.2420e+01    6.585100e-01
      1.2430e+01    6.631300e-01
      1.2440e+01    6.698100e-01
      1.2450e+01    6.744500e-01
      1.2460e+01    6.811400e-01
      1.2470e+01    6.858000e-01
      1.2480e+01    6.904600e-01
      1.2490e+01    6.930700e-01
      1.2500e+01    6.956800e-01
      1.2510e+01    6.983000e-01
      1.2520e+01    7.009200e-01
      1.2530e+01    6.994100e-01
      1.2540e+01    6.999700e-01
      1.2550e+01    6.984600e-01
      1.2560e+01    6.969500e-01
      1.2570e+01    6.954400e-01
      1.2580e+01    6.939200e-01
      1.2590e+01    6.924000e-01
      1.2600e+01    6.929500e-01
      1.2610e+01    6.935000e-01
      1.2620e+01    6.940500e-01
      1.2630e+01    6.966800e-01
      1.2640e+01    6.993100e-01
      1.2650e+01    7.019400e-01
      1.2660e+01    7.045800e-01
      1.2670e+01    7.049300e-01
      1.2680e+01    7.075800e-01
      1.2690e+01    7.081300e-01
      1.2700e+01    7.086900e-01
      1.2710e+01    7.092500e-01
      1.2720e+01    7.098100e-01
      1.2730e+01    7.105800e-01
      1.2740e+01    7.111300e-01
      1.2750e+01    7.116900e-01
      1.2760e+01    7.143500e-01
      1.2770e+01    7.149100e-01
      1.2780e+01    7.175800e-01
      1.2790e+01    7.202400e-01
      1.2800e+01    7.229100e-01
      1.2810e+01    7.255900e-01
      1.2820e+01    7.303800e-01
      1.2830e+01    7.351700e-01
      1.2840e+01    7.399700e-01
      1.2850e+01    7.447800e-01
      1.2860e+01    7.517100e-01
      1.2870e+01    7.565400e-01
      1.2880e+01    7.613600e-01
      1.2890e+01    7.683200e-01
      1.2900e+01    7.710400e-01
      1.2910e+01    7.758900e-01
      1.2920e+01    7.786200e-01
      1.2930e+01    7.813500e-01
      1.2940e+01    7.819600e-01
      1.2950e+01    7.846900e-01
      1.2960e+01    7.853000e-01
      1.2970e+01    7.837700e-01
      1.2980e+01    7.843700e-01
      1.2990e+01    7.849800e-01
      1.3000e+01    7.855800e-01
      1.3010e+01    7.861900e-01
      1.3020e+01    7.867900e-01
      1.3030e+01    7.895400e-01
      1.3040e+01    7.922900e-01
      1.3050e+01    7.950500e-01
      1.3060e+01    7.978100e-01
      1.3070e+01    8.027300e-01
      1.3080e+01    8.098000e-01
      1.3090e+01    8.147300e-01
      1.3100e+01    8.218200e-01
      1.3110e+01    8.289300e-01
      1.3120e+01    8.360400e-01
      1.3130e+01    8.431600e-01
      1.3140e+01    8.481300e-01
      1.3150e+01    8.552700e-01
      1.3160e+01    8.624300e-01
      1.3170e+01    8.674200e-01
      1.3180e+01    8.724200e-01
      1.3190e+01    8.774200e-01
      1.3200e+01    8.824300e-01
      1.3210e+01    8.874500e-01
      1.3220e+01    8.903000e-01
      1.3230e+01    8.931500e-01
      1.3240e+01    8.960100e-01
      1.3250e+01    8.988700e-01
      1.3260e+01    9.017300e-01
      1.3270e+01    9.045900e-01
      1.3280e+01    9.052800e-01
      1.3290e+01    9.059600e-01
      1.3300e+01    9.066400e-01
      1.3310e+01    9.073200e-01
      1.3320e+01    9.058100e-01
      1.3330e+01    9.042900e-01
      1.3340e+01    9.005800e-01
      1.3350e+01    8.990600e-01
      1.3360e+01    8.975300e-01
      1.3370e+01    8.938000e-01
      1.3380e+01    8.922600e-01
      1.3390e+01    8.907300e-01
      1.3400e+01    8.891900e-01
      1.3410e+01    8.898500e-01
      1.3420e+01    8.905100e-01
      1.3430e+01    8.911800e-01
      1.3440e+01    8.918400e-01
      1.3450e+01    8.947200e-01
      1.3460e+01    8.953800e-01
      1.3470e+01    8.982700e-01
      1.3480e+01    8.989300e-01
      1.3490e+01    9.018200e-01
      1.3500e+01    9.024900e-01
      1.3510e+01    9.031600e-01
      1.3520e+01    9.038300e-01
      1.3530e+01    9.045000e-01
      1.3540e+01    9.051600e-01
      1.3550e+01    9.058300e-01
      1.3560e+01    9.065000e-01
      1.3570e+01    9.094000e-01
      1.3580e+01    9.100700e-01
      1.3590e+01    9.129800e-01
      1.3600e+01    9.136500e-01
      1.3610e+01    9.165700e-01
      1.3620e+01    9.172400e-01
      1.3630e+01    9.201600e-01
      1.3640e+01    9.208300e-01
      1.3650e+01    9.215100e-01
      1.3660e+01    9.199300e-01
      1.3670e+01    9.206100e-01
      1.3680e+01    9.190300e-01
      1.3690e+01    9.174500e-01
      1.3700e+01    9.158600e-01
      1.3710e+01    9.142700e-01
      1.3720e+01    9.126800e-01
      1.3730e+01    9.110800e-01
      1.3740e+01    9.094800e-01
      1.3750e+01    9.078800e-01
      1.3760e+01    9.085400e-01
      1.3770e+01    9.092000e-01
      1.3780e+01    9.098600e-01
      1.3790e+01    9.105200e-01
      1.3800e+01    9.134600e-01
      1.3810e+01    9.141200e-01
      1.3820e+01    9.170600e-01
      1.3830e+01    9.200000e-01
      1.3840e+01    9.206600e-01
      1.3850e+01    9.213300e-01
      1.3860e+01    9.242700e-01
      1.3870e+01    9.249400e-01
      1.3880e+01    9.256100e-01
      1.3890e+01    9.262700e-01
      1.3900e+01    9.269400e-01
      1.3910e+01    9.299000e-01
      1.3920e+01    9.305700e-01
      1.3930e+01    9.312400e-01
      1.3940e+01    9.342000e-01
      1.3950e+01    9.371700e-01
      1.3960e+01    9.401400e-01
      1.3970e+01    9.431100e-01
      1.3980e+01    9.460900e-01
      1.3990e+01    9.490700e-01
      1.4000e+01    9.543600e-01
      1.4010e+01    9.573500e-01
      1.4020e+01    9.603400e-01
      1.4030e+01    9.633300e-01
      1.4040e+01    9.663300e-01
      1.4050e+01    9.670200e-01
      1.4060e+01    9.700200e-01
      1.4070e+01    9.707100e-01
      1.4080e+01    9.690800e-01
      1.4090e+01    9.697700e-01
      1.4100e+01    9.681400e-01
      1.4110e+01    9.688300e-01
      1.4120e+01    9.671900e-01
      1.4130e+01    9.655500e-01
      1.4140e+01    9.662300e-01
      1.4150e+01    9.669100e-01
      1.4160e+01    9.652600e-01
      1.4170e+01    9.682800e-01
      1.4180e+01    9.689600e-01
      1.4190e+01    9.719800e-01
      1.4200e+01    9.726700e-01
      1.4210e+01    9.756900e-01
      1.4220e+01    9.787200e-01
      1.4230e+01    9.794100e-01
      1.4240e+01    9.824400e-01
      1.4250e+01    9.831300e-01
      1.4260e+01    9.838200e-01
      1.4270e+01    9.821600e-01
      1.4280e+01    9.805000e-01
      1.4290e+01    9.811800e-01
      1.4300e+01    9.795200e-01
      1.4310e+01    9.778500e-01
      1.4320e+01    9.785300e-01
      1.4330e+01    9.768500e-01
      1.4340e+01    9.775300e-01
      1.4350e+01    9.782200e-01
      1.4360e+01    9.812600e-01
      1.4370e+01    9.819500e-01
      1.4380e+01    9.850000e-01
      1.4390e+01    9.880500e-01
      1.4400e+01    9.911100e-01
      1.4410e+01    9.918000e-01
      1.4420e+01    9.948600e-01
      1.4430e+01    9.979300e-01
      1.4440e+01    9.986200e-01
      1.4450e+01    9.993100e-01
      1.4460e+01    1.000000e+00
      1.4470e+01    9.983100e-01
      1.4480e+01    9.966100e-01
      1.4490e+01    9.949200e-01
      1.4500e+01    9.932200e-01
      1.4510e+01    9.915100e-01
      1.4520e+01    9.898000e-01
      1.4530e+01    9.880900e-01
      1.4540e+01    9.863800e-01
      1.4550e+01    9.846600e-01
      1.4560e+01    9.829400e-01
      1.4570e+01    9.812200e-01
      1.4580e+01    9.794900e-01
      1.4590e+01    9.777600e-01
      1.4600e+01    9.760300e-01
      1.4610e+01    9.742900e-01
      1.4620e+01    9.725500e-01
      1.4630e+01    9.708000e-01
      1.4640e+01    9.690600e-01
      1.4650e+01    9.673100e-01
      1.4660e+01    9.655500e-01
      1.4670e+01    9.638000e-01
      1.4680e+01    9.620400e-01
      1.4690e+01    9.626900e-01
      1.4700e+01    9.609300e-01
      1.4710e+01    9.615800e-01
      1.4720e+01    9.598100e-01
      1.4730e+01    9.604600e-01
      1.4740e+01    9.586900e-01
      1.4750e+01    9.593400e-01
      1.4760e+01    9.599900e-01
      1.4770e+01    9.582100e-01
      1.4780e+01    9.564200e-01
      1.4790e+01    9.546300e-01
      1.4800e+01    9.528400e-01
      1.4810e+01    9.534900e-01
      1.4820e+01    9.492500e-01
      1.4830e+01    9.474500e-01
      1.4840e+01    9.456400e-01
      1.4850e+01    9.438400e-01
      1.4860e+01    9.420200e-01
      1.4870e+01    9.402100e-01
      1.4880e+01    9.383900e-01
      1.4890e+01    9.365700e-01
      1.4900e+01    9.347500e-01
      1.4910e+01    9.329200e-01
      1.4920e+01    9.310900e-01
      1.4930e+01    9.267900e-01
      1.4940e+01    9.249600e-01
      1.4950e+01    9.231100e-01
      1.4960e+01    9.188000e-01
      1.4970e+01    9.169500e-01
      1.4980e+01    9.151000e-01
      1.4990e+01    9.107700e-01
      1.5000e+01    9.089100e-01
      1.5010e+01    9.070500e-01
      1.5020e+01    9.051800e-01
      1.5030e+01    9.033000e-01
      1.5040e+01    9.014300e-01
      1.5050e+01    8.995500e-01
      1.5060e+01    8.976700e-01
      1.5070e+01    8.957800e-01
      1.5080e+01    8.938900e-01
      1.5090e+01    8.920000e-01
      1.5100e+01    8.876200e-01
      1.5110e+01    8.857200e-01
      1.5120e+01    8.838200e-01
      1.5130e+01    8.794200e-01
      1.5140e+01    8.750100e-01
      1.5150e+01    8.706000e-01
      1.5160e+01    8.661900e-01
      1.5170e+01    8.592600e-01
      1.5180e+01    8.523300e-01
      1.5190e+01    8.453900e-01
      1.5200e+01    8.384400e-01
      1.5210e+01    8.314800e-01
      1.5220e+01    8.220000e-01
      1.5230e+01    8.150200e-01
      1.5240e+01    8.055100e-01
      1.5250e+01    7.985100e-01
      1.5260e+01    7.914900e-01
      1.5270e+01    7.819600e-01
      1.5280e+01    7.749200e-01
      1.5290e+01    7.678700e-01
      1.5300e+01    7.608200e-01
      1.5310e+01    7.537500e-01
      1.5320e+01    7.492000e-01
      1.5330e+01    7.421200e-01
      1.5340e+01    7.350200e-01
      1.5350e+01    7.279200e-01
      1.5360e+01    7.208100e-01
      1.5370e+01    7.136800e-01
      1.5380e+01    7.068000e-01
      1.5390e+01    6.996600e-01
      1.5400e+01    6.925100e-01
      1.5410e+01    6.853500e-01
      1.5420e+01    6.781700e-01
      1.5430e+01    6.732800e-01
      1.5440e+01    6.660900e-01
      1.5450e+01    6.614300e-01
      1.5460e+01    6.593100e-01
      1.5470e+01    6.546500e-01
      1.5480e+01    6.525200e-01
      1.5490e+01    6.503900e-01
      1.5500e+01    6.482600e-01
      1.5510e+01    6.486800e-01
      1.5520e+01    6.490900e-01
      1.5530e+01    6.469600e-01
      1.5540e+01    6.473700e-01
      1.5550e+01    6.477900e-01
      1.5560e+01    6.482100e-01
      1.5570e+01    6.486200e-01
      1.5580e+01    6.516000e-01
      1.5590e+01    6.520200e-01
      1.5600e+01    6.524400e-01
      1.5610e+01    6.528600e-01
      1.5620e+01    6.558500e-01
      1.5630e+01    6.562700e-01
      1.5640e+01    6.592600e-01
      1.5650e+01    6.596900e-01
      1.5660e+01    6.626900e-01
      1.5670e+01    6.631100e-01
      1.5680e+01    6.661100e-01
      1.5690e+01    6.665400e-01
      1.5700e+01    6.669600e-01
      1.5710e+01    6.699700e-01
      1.5720e+01    6.704000e-01
      1.5730e+01    6.708300e-01
      1.5740e+01    6.712500e-01
      1.5750e+01    6.690900e-01
      1.5760e+01    6.695100e-01
      1.5770e+01    6.699400e-01
      1.5780e+01    6.677600e-01
      1.5790e+01    6.681900e-01
      1.5800e+01    6.660100e-01
      1.5810e+01    6.638300e-01
      1.5820e+01    6.642500e-01
      1.5830e+01    6.620600e-01
      1.5840e+01    6.598700e-01
      1.5850e+01    6.576800e-01
      1.5860e+01    6.528700e-01
      1.5870e+01    6.506700e-01
      1.5880e+01    6.484600e-01
      1.5890e+01    6.436400e-01
      1.5900e+01    6.414200e-01
      1.5910e+01    6.365900e-01
      1.5920e+01    6.317500e-01
      1.5930e+01    6.295200e-01
      1.5940e+01    6.246700e-01
      1.5950e+01    6.198100e-01
      1.5960e+01    6.175700e-01
      1.5970e+01    6.126900e-01
      1.5980e+01    6.104500e-01
      1.5990e+01    6.082000e-01
      1.6000e+01    6.059400e-01
      1.6010e+01    6.036800e-01
      1.6020e+01    6.014200e-01
      1.6030e+01    5.991600e-01
      1.6040e+01    5.995300e-01
      1.6050e+01    5.972600e-01
      1.6060e+01    5.976400e-01
      1.6070e+01    5.980100e-01
      1.6080e+01    5.983800e-01
      1.6090e+01    5.987500e-01
      1.6100e+01    5.964700e-01
      1.6110e+01    5.968400e-01
      1.6120e+01    5.972100e-01
      1.6130e+01    5.949300e-01
      1.6140e+01    5.953000e-01
      1.6150e+01    5.956700e-01
      1.6160e+01    5.933700e-01
      1.6170e+01    5.910800e-01
      1.6180e+01    5.914400e-01
      1.6190e+01    5.891400e-01
      1.6200e+01    5.868400e-01
      1.6210e+01    5.845300e-01
      1.6220e+01    5.822200e-01
      1.6230e+01    5.799100e-01
      1.6240e+01    5.749200e-01
      1.6250e+01    5.726000e-01
      1.6260e+01    5.676000e-01
      1.6270e+01    5.625900e-01
      1.6280e+01    5.575700e-01
      1.6290e+01    5.525500e-01
      1.6300e+01    5.448400e-01
      1.6310e+01    5.371100e-01
      1.6320e+01    5.296500e-01
      1.6330e+01    5.219100e-01
      1.6340e+01    5.141600e-01
      1.6350e+01    5.037000e-01
      1.6360e+01    4.932400e-01
      1.6370e+01    4.827500e-01
      1.6380e+01    4.722600e-01
      1.6390e+01    4.617500e-01
      1.6400e+01    4.512300e-01
      1.6410e+01    4.380000e-01
      1.6420e+01    4.274500e-01
      1.6430e+01    4.141900e-01
      1.6440e+01    4.036100e-01
      1.6450e+01    3.903100e-01
      1.6460e+01    3.770000e-01
      1.6470e+01    3.663800e-01
      1.6480e+01    3.530300e-01
      1.6490e+01    3.396700e-01
      1.6500e+01    3.290100e-01
      1.6510e+01    3.156200e-01
      1.6520e+01    3.049300e-01
      1.6530e+01    2.915000e-01
      1.6540e+01    2.807900e-01
      1.6550e+01    2.677700e-01
      1.6560e+01    2.561800e-01
      1.6570e+01    2.448700e-01
      1.6580e+01    2.340700e-01
      1.6590e+01    2.230100e-01
      1.6600e+01    2.127600e-01
      1.6610e+01    2.028000e-01
      1.6620e+01    1.930700e-01
      1.6630e+01    1.836000e-01
      1.6640e+01    1.744200e-01
      1.6650e+01    1.660300e-01
      1.6660e+01    1.576200e-01
      1.6670e+01    1.494800e-01
      1.6680e+01    1.421300e-01
      1.6690e+01    1.350700e-01
      1.6700e+01    1.282500e-01
      1.6710e+01    1.219700e-01
      1.6720e+01    1.157100e-01
      1.6730e+01    1.099700e-01
      1.6740e+01    1.048000e-01
      1.6750e+01    9.934400e-02
      1.6760e+01    9.471200e-02
      1.6770e+01    9.035000e-02
      1.6780e+01    8.598300e-02
      1.6790e+01    8.216400e-02
      1.6800e+01    7.836800e-02
      1.6810e+01    7.478900e-02
      1.6820e+01    7.151000e-02
      1.6830e+01    6.822700e-02
      1.6840e+01    6.549400e-02
      1.6850e+01    6.273100e-02
      1.6860e+01    5.999200e-02
      1.6870e+01    5.752800e-02
      1.6880e+01    5.503300e-02
      1.6890e+01    5.284000e-02
      1.6900e+01    5.089600e-02
      1.6910e+01    4.869900e-02
      1.6920e+01    4.702800e-02
      1.6930e+01    4.510400e-02
      1.6940e+01    4.345700e-02
      1.6950e+01    4.208800e-02
      1.6960e+01    4.043700e-02
      1.6970e+01    3.906400e-02
      1.6980e+01    3.768900e-02
      1.6990e+01    3.659200e-02
      1.7000e+01    3.549400e-02
      1.7010e+01    3.439400e-02
      1.7020e+01    3.329300e-02
      1.7030e+01    3.219100e-02
      1.7040e+01    3.134000e-02
      1.7050e+01    3.026400e-02
      1.7060e+01    2.941100e-02
      1.7070e+01    2.858500e-02
      1.7080e+01    2.767600e-02
      1.7090e+01    2.680900e-02
      1.7100e+01    2.596000e-02
      1.7110e+01    2.508500e-02
      1.7120e+01    2.418900e-02
      1.7130e+01    2.330900e-02
      1.7140e+01    2.240600e-02
      1.7150e+01    2.145000e-02
      1.7160e+01    2.051600e-02
      1.7170e+01    1.952200e-02
      1.7180e+01    1.849800e-02
      1.7190e+01    1.746700e-02
      1.7200e+01    1.644000e-02
      1.7210e+01    1.538200e-02
      1.7220e+01    1.432400e-02
      1.7230e+01    1.326000e-02
      1.7240e+01    1.222300e-02
      1.7250e+01    1.115400e-02
      1.7260e+01    1.013700e-02
      1.7270e+01    9.116700e-03
      1.7280e+01    8.092000e-03
      1.7290e+01    7.103100e-03
      1.7300e+01    6.195700e-03
      1.7310e+01    5.264400e-03
      1.7320e+01    4.429000e-03
      1.7330e+01    3.566900e-03
      1.7340e+01    2.787800e-03
      1.7350e+01    1.886400e-03
      1.7360e+01    2.001800e-03
      1.7370e+01    1.265300e-03
      1.7380e+01    6.593500e-03
      1.7390e+01    7.069700e-03
      1.7400e+01    7.122500e-03
      1.7410e+01    6.722400e-03
      1.7420e+01    5.819900e-03
      1.7430e+01    4.563300e-03
      1.7440e+01    3.041100e-03
      1.7450e+01    1.256500e-03
      1.7460e+01    3.265900e-03
      1.7470e+01    6.739800e-04
      1.7480e+01    1.851000e-03
      1.7490e+01    2.535100e-03
      1.7500e+01    2.910300e-03
      1.7510e+01    3.935500e-03
      1.7520e+01    3.831000e-03
      1.7530e+01    3.169300e-03
      1.7540e+01    2.659400e-03
      1.7550e+01    2.222500e-03
      1.7560e+01    1.826200e-03
      1.7570e+01    1.455500e-03
      1.7580e+01    1.051600e-03
      1.7590e+01    1.214700e-03
      1.7600e+01    1.099800e-03
      1.7610e+01    1.002700e-03
      1.7620e+01    9.199900e-04
      1.7630e+01    8.523000e-04
      1.7640e+01    7.691300e-04
      1.7650e+01    6.347200e-04
      1.7660e+01    5.949500e-04
      1.7670e+01    5.440800e-04
      1.7680e+01    4.934400e-04
      1.7690e+01    4.444900e-04
      1.7700e+01    3.984000e-04
      1.7710e+01    3.467200e-04
      1.7720e+01    3.238700e-04
      1.7730e+01    3.021600e-04
      1.7740e+01    2.841000e-04
      1.7750e+01    2.682400e-04
      1.7760e+01    2.534800e-04
      1.7770e+01    2.374700e-04
      1.7780e+01    2.238500e-04
      1.7790e+01    2.116700e-04
      1.7800e+01    2.009400e-04
      1.7810e+01    1.918200e-04
      1.7820e+01    1.831200e-04
      1.7830e+01    1.753300e-04
      1.7840e+01    1.682300e-04
      1.7850e+01    1.619200e-04
      1.7860e+01    1.558900e-04
      1.7870e+01    1.505400e-04
      1.7880e+01    1.450800e-04
      1.7890e+01    1.424800e-04
      1.7900e+01    1.397900e-04
      1.7910e+01    1.373700e-04
      1.7920e+01    1.348800e-04
      1.7930e+01    1.326800e-04
      1.7940e+01    1.304200e-04
      1.7950e+01    1.281600e-04
      1.7960e+01    1.440200e-04
      1.7970e+01    1.488000e-04
      1.7980e+01    1.500100e-04
      1.7990e+01    1.493800e-04
      1.8000e+01    1.485200e-04
      1.8010e+01    1.468500e-04
      1.8020e+01    1.461900e-04
      1.8030e+01    1.429500e-04
      1.8040e+01    1.368800e-04
      1.8050e+01    1.187300e-04
      1.8060e+01    1.194200e-04
      1.8070e+01    1.199400e-04
      1.8080e+01    1.201800e-04
      1.8090e+01    1.208100e-04
      1.8100e+01    1.211200e-04
      1.8110e+01    1.218100e-04
      1.8120e+01    1.221800e-04
      1.8130e+01    1.226900e-04
      1.8140e+01    1.228500e-04
      1.8150e+01    1.228300e-04
      1.8160e+01    1.230800e-04
      1.8170e+01    1.232900e-04
      1.8180e+01    1.233000e-04
      1.8190e+01    1.416400e-04
      1.8200e+01    1.485500e-04
      1.8210e+01    1.514500e-04
      1.8220e+01    1.517400e-04
      1.8230e+01    1.507200e-04
      1.8240e+01    1.490300e-04
      1.8250e+01    1.457700e-04
      1.8260e+01    1.414600e-04
      1.8270e+01    1.354300e-04
      1.8280e+01    1.288300e-04
      1.8290e+01    1.189600e-04
      1.8300e+01    1.177600e-04
      1.8310e+01    1.162500e-04
      1.8320e+01    1.144500e-04
      1.8330e+01    1.129700e-04
      1.8340e+01    1.114900e-04
      1.8350e+01    1.100400e-04
      1.8360e+01    1.085600e-04
      1.8370e+01    1.071100e-04
      1.8380e+01    1.056500e-04
      1.8390e+01    1.039200e-04
      1.8400e+01    1.016500e-04
      1.8410e+01    9.936800e-05
