#  wavelength_um     transmission
#
      3.7980e-01    1.020000e-04
      3.7990e-01    1.050000e-04
      3.8000e-01    1.070000e-04
      3.8010e-01    1.090000e-04
      3.8020e-01    1.100000e-04
      3.8030e-01    1.120000e-04
      3.8040e-01    1.140000e-04
      3.8050e-01    1.180000e-04
      3.8060e-01    1.230000e-04
      3.8070e-01    1.300000e-04
      3.8080e-01    1.400000e-04
      3.8090e-01    1.520000e-04
      3.8100e-01    1.680000e-04
      3.8110e-01    1.880000e-04
      3.8120e-01    2.110000e-04
      3.8130e-01    2.380000e-04
      3.8140e-01    2.690000e-04
      3.8150e-01    3.040000e-04
      3.8160e-01    3.430000e-04
      3.8170e-01    3.850000e-04
      3.8180e-01    4.310000e-04
      3.8190e-01    4.810000e-04
      3.8200e-01    5.340000e-04
      3.8210e-01    5.910000e-04
      3.8220e-01    6.520000e-04
      3.8230e-01    7.170000e-04
      3.8240e-01    7.870000e-04
      3.8250e-01    8.610000e-04
      3.8260e-01    9.400000e-04
      3.8270e-01    1.025000e-03
      3.8280e-01    1.114000e-03
      3.8290e-01    1.210000e-03
      3.8300e-01    1.312000e-03
      3.8310e-01    1.420000e-03
      3.8320e-01    1.535000e-03
      3.8330e-01    1.657000e-03
      3.8340e-01    1.787000e-03
      3.8350e-01    1.926000e-03
      3.8360e-01    2.073000e-03
      3.8370e-01    2.230000e-03
      3.8380e-01    2.397000e-03
      3.8390e-01    2.574000e-03
      3.8400e-01    2.762000e-03
      3.8410e-01    2.962000e-03
      3.8420e-01    3.174000e-03
      3.8430e-01    3.399000e-03
      3.8440e-01    3.638000e-03
      3.8450e-01    3.892000e-03
      3.8460e-01    4.162000e-03
      3.8470e-01    4.449000e-03
      3.8480e-01    4.753000e-03
      3.8490e-01    5.075000e-03
      3.8500e-01    5.417000e-03
      3.8510e-01    5.779000e-03
      3.8520e-01    6.162000e-03
      3.8530e-01    6.566000e-03
      3.8540e-01    6.993000e-03
      3.8550e-01    7.443000e-03
      3.8560e-01    7.917000e-03
      3.8570e-01    8.416000e-03
      3.8580e-01    8.941000e-03
      3.8590e-01    9.492000e-03
      3.8600e-01    1.007000e-02
      3.8610e-01    1.067600e-02
      3.8620e-01    1.131200e-02
      3.8630e-01    1.197900e-02
      3.8640e-01    1.267700e-02
      3.8650e-01    1.340900e-02
      3.8660e-01    1.417600e-02
      3.8670e-01    1.497900e-02
      3.8680e-01    1.582000e-02
      3.8690e-01    1.670000e-02
      3.8700e-01    1.762000e-02
      3.8710e-01    1.858200e-02
      3.8720e-01    1.958700e-02
      3.8730e-01    2.063500e-02
      3.8740e-01    2.172900e-02
      3.8750e-01    2.287000e-02
      3.8760e-01    2.405800e-02
      3.8770e-01    2.529500e-02
      3.8780e-01    2.658200e-02
      3.8790e-01    2.792000e-02
      3.8800e-01    2.931000e-02
      3.8810e-01    3.075400e-02
      3.8820e-01    3.225000e-02
      3.8830e-01    3.379900e-02
      3.8840e-01    3.540000e-02
      3.8850e-01    3.705300e-02
      3.8860e-01    3.875600e-02
      3.8870e-01    4.051000e-02
      3.8880e-01    4.231400e-02
      3.8890e-01    4.416800e-02
      3.8900e-01    4.607000e-02
      3.8910e-01    4.802100e-02
      3.8920e-01    5.001700e-02
      3.8930e-01    5.205900e-02
      3.8940e-01    5.414200e-02
      3.8950e-01    5.626500e-02
      3.8960e-01    5.842700e-02
      3.8970e-01    6.062400e-02
      3.8980e-01    6.285500e-02
      3.8990e-01    6.511800e-02
      3.9000e-01    6.741000e-02
      3.9010e-01    6.973000e-02
      3.9020e-01    7.207600e-02
      3.9030e-01    7.444700e-02
      3.9040e-01    7.684000e-02
      3.9050e-01    7.925600e-02
      3.9060e-01    8.169200e-02
      3.9070e-01    8.414700e-02
      3.9080e-01    8.661900e-02
      3.9090e-01    8.910700e-02
      3.9100e-01    9.161000e-02
      3.9110e-01    9.412600e-02
      3.9120e-01    9.665300e-02
      3.9130e-01    9.919100e-02
      3.9140e-01    1.017370e-01
      3.9150e-01    1.042900e-01
      3.9160e-01    1.068480e-01
      3.9170e-01    1.094090e-01
      3.9180e-01    1.119730e-01
      3.9190e-01    1.145370e-01
      3.9200e-01    1.171000e-01
      3.9210e-01    1.196600e-01
      3.9220e-01    1.222160e-01
      3.9230e-01    1.247660e-01
      3.9240e-01    1.273080e-01
      3.9250e-01    1.298410e-01
      3.9260e-01    1.323620e-01
      3.9270e-01    1.348700e-01
      3.9280e-01    1.373640e-01
      3.9290e-01    1.398410e-01
      3.9300e-01    1.423000e-01
      3.9310e-01    1.447400e-01
      3.9320e-01    1.471600e-01
      3.9330e-01    1.495620e-01
      3.9340e-01    1.519450e-01
      3.9350e-01    1.543110e-01
      3.9360e-01    1.566610e-01
      3.9370e-01    1.589940e-01
      3.9380e-01    1.613110e-01
      3.9390e-01    1.636130e-01
      3.9400e-01    1.659000e-01
      3.9410e-01    1.681730e-01
      3.9420e-01    1.704340e-01
      3.9430e-01    1.726830e-01
      3.9440e-01    1.749220e-01
      3.9450e-01    1.771510e-01
      3.9460e-01    1.793720e-01
      3.9470e-01    1.815870e-01
      3.9480e-01    1.837950e-01
      3.9490e-01    1.859990e-01
      3.9500e-01    1.882000e-01
      3.9510e-01    1.903990e-01
      3.9520e-01    1.925970e-01
      3.9530e-01    1.947970e-01
      3.9540e-01    1.970000e-01
      3.9550e-01    1.992090e-01
      3.9560e-01    2.014250e-01
      3.9570e-01    2.036500e-01
      3.9580e-01    2.058870e-01
      3.9590e-01    2.081360e-01
      3.9600e-01    2.104000e-01
      3.9610e-01    2.126810e-01
      3.9620e-01    2.149820e-01
      3.9630e-01    2.173070e-01
      3.9640e-01    2.196570e-01
      3.9650e-01    2.220380e-01
      3.9660e-01    2.244510e-01
      3.9670e-01    2.269010e-01
      3.9680e-01    2.293900e-01
      3.9690e-01    2.319220e-01
      3.9700e-01    2.345000e-01
      3.9710e-01    2.371270e-01
      3.9720e-01    2.398030e-01
      3.9730e-01    2.425300e-01
      3.9740e-01    2.453090e-01
      3.9750e-01    2.481390e-01
      3.9760e-01    2.510230e-01
      3.9770e-01    2.539600e-01
      3.9780e-01    2.569510e-01
      3.9790e-01    2.599980e-01
      3.9800e-01    2.631000e-01
      3.9810e-01    2.662580e-01
      3.9820e-01    2.694700e-01
      3.9830e-01    2.727310e-01
      3.9840e-01    2.760400e-01
      3.9850e-01    2.793920e-01
      3.9860e-01    2.827850e-01
      3.9870e-01    2.862160e-01
      3.9880e-01    2.896810e-01
      3.9890e-01    2.931760e-01
      3.9900e-01    2.967000e-01
      3.9910e-01    3.002480e-01
      3.9920e-01    3.038160e-01
      3.9930e-01    3.073990e-01
      3.9940e-01    3.109930e-01
      3.9950e-01    3.145920e-01
      3.9960e-01    3.181910e-01
      3.9970e-01    3.217870e-01
      3.9980e-01    3.253730e-01
      3.9990e-01    3.289460e-01
      4.0000e-01    3.325000e-01
      4.0010e-01    3.360310e-01
      4.0020e-01    3.395360e-01
      4.0030e-01    3.430120e-01
      4.0040e-01    3.464560e-01
      4.0050e-01    3.498660e-01
      4.0060e-01    3.532390e-01
      4.0070e-01    3.565710e-01
      4.0080e-01    3.598610e-01
      4.0090e-01    3.631050e-01
      4.0100e-01    3.663000e-01
      4.0110e-01    3.694440e-01
      4.0120e-01    3.725350e-01
      4.0130e-01    3.755710e-01
      4.0140e-01    3.785500e-01
      4.0150e-01    3.814690e-01
      4.0160e-01    3.843260e-01
      4.0170e-01    3.871200e-01
      4.0180e-01    3.898480e-01
      4.0190e-01    3.925090e-01
      4.0200e-01    3.951000e-01
      4.0210e-01    3.976200e-01
      4.0220e-01    4.000730e-01
      4.0230e-01    4.024610e-01
      4.0240e-01    4.047890e-01
      4.0250e-01    4.070600e-01
      4.0260e-01    4.092780e-01
      4.0270e-01    4.114480e-01
      4.0280e-01    4.135720e-01
      4.0290e-01    4.156550e-01
      4.0300e-01    4.177000e-01
      4.0310e-01    4.197120e-01
      4.0320e-01    4.216970e-01
      4.0330e-01    4.236640e-01
      4.0340e-01    4.256180e-01
      4.0350e-01    4.275670e-01
      4.0360e-01    4.295200e-01
      4.0370e-01    4.314820e-01
      4.0380e-01    4.334610e-01
      4.0390e-01    4.354650e-01
      4.0400e-01    4.375000e-01
      4.0410e-01    4.395740e-01
      4.0420e-01    4.416890e-01
      4.0430e-01    4.438480e-01
      4.0440e-01    4.460540e-01
      4.0450e-01    4.483080e-01
      4.0460e-01    4.506140e-01
      4.0470e-01    4.529730e-01
      4.0480e-01    4.553890e-01
      4.0490e-01    4.578640e-01
      4.0500e-01    4.604000e-01
      4.0510e-01    4.629990e-01
      4.0520e-01    4.656630e-01
      4.0530e-01    4.683900e-01
      4.0540e-01    4.711820e-01
      4.0550e-01    4.740380e-01
      4.0560e-01    4.769600e-01
      4.0570e-01    4.799460e-01
      4.0580e-01    4.829990e-01
      4.0590e-01    4.861160e-01
      4.0600e-01    4.893000e-01
      4.0610e-01    4.925490e-01
      4.0620e-01    4.958610e-01
      4.0630e-01    4.992330e-01
      4.0640e-01    5.026600e-01
      4.0650e-01    5.061390e-01
      4.0660e-01    5.096670e-01
      4.0670e-01    5.132410e-01
      4.0680e-01    5.168570e-01
      4.0690e-01    5.205110e-01
      4.0700e-01    5.242000e-01
      4.0710e-01    5.279200e-01
      4.0720e-01    5.316640e-01
      4.0730e-01    5.354250e-01
      4.0740e-01    5.391960e-01
      4.0750e-01    5.429680e-01
      4.0760e-01    5.467350e-01
      4.0770e-01    5.504890e-01
      4.0780e-01    5.542230e-01
      4.0790e-01    5.579290e-01
      4.0800e-01    5.616000e-01
      4.0810e-01    5.652290e-01
      4.0820e-01    5.688080e-01
      4.0830e-01    5.723320e-01
      4.0840e-01    5.757950e-01
      4.0850e-01    5.791880e-01
      4.0860e-01    5.825070e-01
      4.0870e-01    5.857440e-01
      4.0880e-01    5.888920e-01
      4.0890e-01    5.919470e-01
      4.0900e-01    5.949000e-01
      4.0910e-01    5.977470e-01
      4.0920e-01    6.004860e-01
      4.0930e-01    6.031170e-01
      4.0940e-01    6.056400e-01
      4.0950e-01    6.080540e-01
      4.0960e-01    6.103610e-01
      4.0970e-01    6.125590e-01
      4.0980e-01    6.146480e-01
      4.0990e-01    6.166290e-01
      4.1000e-01    6.185000e-01
      4.1010e-01    6.202630e-01
      4.1020e-01    6.219210e-01
      4.1030e-01    6.234780e-01
      4.1040e-01    6.249390e-01
      4.1050e-01    6.263070e-01
      4.1060e-01    6.275860e-01
      4.1070e-01    6.287810e-01
      4.1080e-01    6.298960e-01
      4.1090e-01    6.309340e-01
      4.1100e-01    6.319000e-01
      4.1110e-01    6.327990e-01
      4.1120e-01    6.336360e-01
      4.1130e-01    6.344180e-01
      4.1140e-01    6.351520e-01
      4.1150e-01    6.358430e-01
      4.1160e-01    6.365000e-01
      4.1170e-01    6.371270e-01
      4.1180e-01    6.377320e-01
      4.1190e-01    6.383210e-01
      4.1200e-01    6.389000e-01
      4.1210e-01    6.394760e-01
      4.1220e-01    6.400540e-01
      4.1230e-01    6.406390e-01
      4.1240e-01    6.412340e-01
      4.1250e-01    6.418450e-01
      4.1260e-01    6.424770e-01
      4.1270e-01    6.431330e-01
      4.1280e-01    6.438200e-01
      4.1290e-01    6.445400e-01
      4.1300e-01    6.453000e-01
      4.1310e-01    6.461030e-01
      4.1320e-01    6.469510e-01
      4.1330e-01    6.478450e-01
      4.1340e-01    6.487860e-01
      4.1350e-01    6.497760e-01
      4.1360e-01    6.508160e-01
      4.1370e-01    6.519070e-01
      4.1380e-01    6.530510e-01
      4.1390e-01    6.542480e-01
      4.1400e-01    6.555000e-01
      4.1410e-01    6.568070e-01
      4.1420e-01    6.581680e-01
      4.1430e-01    6.595780e-01
      4.1440e-01    6.610360e-01
      4.1450e-01    6.625380e-01
      4.1460e-01    6.640800e-01
      4.1470e-01    6.656610e-01
      4.1480e-01    6.672760e-01
      4.1490e-01    6.689240e-01
      4.1500e-01    6.706000e-01
      4.1510e-01    6.723020e-01
      4.1520e-01    6.740270e-01
      4.1530e-01    6.757700e-01
      4.1540e-01    6.775290e-01
      4.1550e-01    6.792990e-01
      4.1560e-01    6.810770e-01
      4.1570e-01    6.828600e-01
      4.1580e-01    6.846440e-01
      4.1590e-01    6.864250e-01
      4.1600e-01    6.882000e-01
      4.1610e-01    6.899650e-01
      4.1620e-01    6.917180e-01
      4.1630e-01    6.934540e-01
      4.1640e-01    6.951720e-01
      4.1650e-01    6.968670e-01
      4.1660e-01    6.985370e-01
      4.1670e-01    7.001780e-01
      4.1680e-01    7.017880e-01
      4.1690e-01    7.033630e-01
      4.1700e-01    7.049000e-01
      4.1710e-01    7.063960e-01
      4.1720e-01    7.078510e-01
      4.1730e-01    7.092640e-01
      4.1740e-01    7.106330e-01
      4.1750e-01    7.119580e-01
      4.1760e-01    7.132390e-01
      4.1770e-01    7.144740e-01
      4.1780e-01    7.156630e-01
      4.1790e-01    7.168050e-01
      4.1800e-01    7.179000e-01
      4.1810e-01    7.189470e-01
      4.1820e-01    7.199490e-01
      4.1830e-01    7.209090e-01
      4.1840e-01    7.218290e-01
      4.1850e-01    7.227130e-01
      4.1860e-01    7.235650e-01
      4.1870e-01    7.243860e-01
      4.1880e-01    7.251800e-01
      4.1890e-01    7.259510e-01
      4.1900e-01    7.267000e-01
      4.1910e-01    7.274320e-01
      4.1920e-01    7.281480e-01
      4.1930e-01    7.288530e-01
      4.1940e-01    7.295490e-01
      4.1950e-01    7.302380e-01
      4.1960e-01    7.309250e-01
      4.1970e-01    7.316110e-01
      4.1980e-01    7.323010e-01
      4.1990e-01    7.329960e-01
      4.2000e-01    7.337000e-01
      4.2010e-01    7.344150e-01
      4.2020e-01    7.351420e-01
      4.2030e-01    7.358790e-01
      4.2040e-01    7.366270e-01
      4.2050e-01    7.373840e-01
      4.2060e-01    7.381500e-01
      4.2070e-01    7.389260e-01
      4.2080e-01    7.397100e-01
      4.2090e-01    7.405010e-01
      4.2100e-01    7.413000e-01
      4.2110e-01    7.421060e-01
      4.2120e-01    7.429180e-01
      4.2130e-01    7.437360e-01
      4.2140e-01    7.445600e-01
      4.2150e-01    7.453890e-01
      4.2160e-01    7.462230e-01
      4.2170e-01    7.470610e-01
      4.2180e-01    7.479040e-01
      4.2190e-01    7.487500e-01
      4.2200e-01    7.496000e-01
      4.2210e-01    7.504520e-01
      4.2220e-01    7.513040e-01
      4.2230e-01    7.521520e-01
      4.2240e-01    7.529930e-01
      4.2250e-01    7.538230e-01
      4.2260e-01    7.546390e-01
      4.2270e-01    7.554390e-01
      4.2280e-01    7.562170e-01
      4.2290e-01    7.569720e-01
      4.2300e-01    7.577000e-01
      4.2310e-01    7.583970e-01
      4.2320e-01    7.590600e-01
      4.2330e-01    7.596850e-01
      4.2340e-01    7.602680e-01
      4.2350e-01    7.608070e-01
      4.2360e-01    7.612970e-01
      4.2370e-01    7.617350e-01
      4.2380e-01    7.621170e-01
      4.2390e-01    7.624400e-01
      4.2400e-01    7.627000e-01
      4.2410e-01    7.628940e-01
      4.2420e-01    7.630210e-01
      4.2430e-01    7.630810e-01
      4.2440e-01    7.630740e-01
      4.2450e-01    7.629990e-01
      4.2460e-01    7.628570e-01
      4.2470e-01    7.626460e-01
      4.2480e-01    7.623660e-01
      4.2490e-01    7.620180e-01
      4.2500e-01    7.616000e-01
      4.2510e-01    7.611130e-01
      4.2520e-01    7.605590e-01
      4.2530e-01    7.599390e-01
      4.2540e-01    7.592550e-01
      4.2550e-01    7.585080e-01
      4.2560e-01    7.577010e-01
      4.2570e-01    7.568350e-01
      4.2580e-01    7.559110e-01
      4.2590e-01    7.549320e-01
      4.2600e-01    7.539000e-01
      4.2610e-01    7.528160e-01
      4.2620e-01    7.516870e-01
      4.2630e-01    7.505170e-01
      4.2640e-01    7.493130e-01
      4.2650e-01    7.480810e-01
      4.2660e-01    7.468260e-01
      4.2670e-01    7.455550e-01
      4.2680e-01    7.442730e-01
      4.2690e-01    7.429860e-01
      4.2700e-01    7.417000e-01
      4.2710e-01    7.404210e-01
      4.2720e-01    7.391520e-01
      4.2730e-01    7.378970e-01
      4.2740e-01    7.366600e-01
      4.2750e-01    7.354440e-01
      4.2760e-01    7.342520e-01
      4.2770e-01    7.330880e-01
      4.2780e-01    7.319560e-01
      4.2790e-01    7.308590e-01
      4.2800e-01    7.298000e-01
      4.2810e-01    7.287840e-01
      4.2820e-01    7.278150e-01
      4.2830e-01    7.268980e-01
      4.2840e-01    7.260400e-01
      4.2850e-01    7.252450e-01
      4.2860e-01    7.245180e-01
      4.2870e-01    7.238640e-01
      4.2880e-01    7.232900e-01
      4.2890e-01    7.228000e-01
      4.2900e-01    7.224000e-01
      4.2910e-01    7.220940e-01
      4.2920e-01    7.218830e-01
      4.2930e-01    7.217700e-01
      4.2940e-01    7.217560e-01
      4.2950e-01    7.218410e-01
      4.2960e-01    7.220260e-01
      4.2970e-01    7.223140e-01
      4.2980e-01    7.227040e-01
      4.2990e-01    7.231990e-01
      4.3000e-01    7.238000e-01
      4.3010e-01    7.245060e-01
      4.3020e-01    7.253170e-01
      4.3030e-01    7.262280e-01
      4.3040e-01    7.272380e-01
      4.3050e-01    7.283430e-01
      4.3060e-01    7.295400e-01
      4.3070e-01    7.308280e-01
      4.3080e-01    7.322020e-01
      4.3090e-01    7.336600e-01
      4.3100e-01    7.352000e-01
      4.3110e-01    7.368180e-01
      4.3120e-01    7.385100e-01
      4.3130e-01    7.402740e-01
      4.3140e-01    7.421050e-01
      4.3150e-01    7.440000e-01
      4.3160e-01    7.459550e-01
      4.3170e-01    7.479660e-01
      4.3180e-01    7.500300e-01
      4.3190e-01    7.521420e-01
      4.3200e-01    7.543000e-01
      4.3210e-01    7.564990e-01
      4.3220e-01    7.587350e-01
      4.3230e-01    7.610010e-01
      4.3240e-01    7.632940e-01
      4.3250e-01    7.656070e-01
      4.3260e-01    7.679350e-01
      4.3270e-01    7.702740e-01
      4.3280e-01    7.726180e-01
      4.3290e-01    7.749620e-01
      4.3300e-01    7.773000e-01
      4.3310e-01    7.796270e-01
      4.3320e-01    7.819380e-01
      4.3330e-01    7.842240e-01
      4.3340e-01    7.864800e-01
      4.3350e-01    7.886980e-01
      4.3360e-01    7.908730e-01
      4.3370e-01    7.929970e-01
      4.3380e-01    7.950640e-01
      4.3390e-01    7.970670e-01
      4.3400e-01    7.990000e-01
      4.3410e-01    8.008560e-01
      4.3420e-01    8.026330e-01
      4.3430e-01    8.043260e-01
      4.3440e-01    8.059330e-01
      4.3450e-01    8.074510e-01
      4.3460e-01    8.088770e-01
      4.3470e-01    8.102080e-01
      4.3480e-01    8.114410e-01
      4.3490e-01    8.125720e-01
      4.3500e-01    8.136000e-01
      4.3510e-01    8.145210e-01
      4.3520e-01    8.153370e-01
      4.3530e-01    8.160470e-01
      4.3540e-01    8.166550e-01
      4.3550e-01    8.171600e-01
      4.3560e-01    8.175650e-01
      4.3570e-01    8.178700e-01
      4.3580e-01    8.180760e-01
      4.3590e-01    8.181860e-01
      4.3600e-01    8.182000e-01
      4.3610e-01    8.181200e-01
      4.3620e-01    8.179500e-01
      4.3630e-01    8.176940e-01
      4.3640e-01    8.173580e-01
      4.3650e-01    8.169460e-01
      4.3660e-01    8.164620e-01
      4.3670e-01    8.159100e-01
      4.3680e-01    8.152970e-01
      4.3690e-01    8.146250e-01
      4.3700e-01    8.139000e-01
      4.3710e-01    8.131260e-01
      4.3720e-01    8.123100e-01
      4.3730e-01    8.114550e-01
      4.3740e-01    8.105690e-01
      4.3750e-01    8.096570e-01
      4.3760e-01    8.087240e-01
      4.3770e-01    8.077760e-01
      4.3780e-01    8.068190e-01
      4.3790e-01    8.058590e-01
      4.3800e-01    8.049000e-01
      4.3810e-01    8.039490e-01
      4.3820e-01    8.030090e-01
      4.3830e-01    8.020850e-01
      4.3840e-01    8.011810e-01
      4.3850e-01    8.003010e-01
      4.3860e-01    7.994490e-01
      4.3870e-01    7.986280e-01
      4.3880e-01    7.978440e-01
      4.3890e-01    7.971000e-01
      4.3900e-01    7.964000e-01
      4.3910e-01    7.957480e-01
      4.3920e-01    7.951460e-01
      4.3930e-01    7.945970e-01
      4.3940e-01    7.941020e-01
      4.3950e-01    7.936640e-01
      4.3960e-01    7.932850e-01
      4.3970e-01    7.929670e-01
      4.3980e-01    7.927120e-01
      4.3990e-01    7.925220e-01
      4.4000e-01    7.924000e-01
      4.4010e-01    7.923470e-01
      4.4020e-01    7.923630e-01
      4.4030e-01    7.924490e-01
      4.4040e-01    7.926050e-01
      4.4050e-01    7.928300e-01
      4.4060e-01    7.931250e-01
      4.4070e-01    7.934890e-01
      4.4080e-01    7.939230e-01
      4.4090e-01    7.944270e-01
      4.4100e-01    7.950000e-01
      4.4110e-01    7.956420e-01
      4.4120e-01    7.963510e-01
      4.4130e-01    7.971220e-01
      4.4140e-01    7.979530e-01
      4.4150e-01    7.988410e-01
      4.4160e-01    7.997800e-01
      4.4170e-01    8.007700e-01
      4.4180e-01    8.018050e-01
      4.4190e-01    8.028830e-01
      4.4200e-01    8.040000e-01
      4.4210e-01    8.051530e-01
      4.4220e-01    8.063400e-01
      4.4230e-01    8.075590e-01
      4.4240e-01    8.088070e-01
      4.4250e-01    8.100830e-01
      4.4260e-01    8.113840e-01
      4.4270e-01    8.127080e-01
      4.4280e-01    8.140540e-01
      4.4290e-01    8.154180e-01
      4.4300e-01    8.168000e-01
      4.4310e-01    8.181960e-01
      4.4320e-01    8.196030e-01
      4.4330e-01    8.210160e-01
      4.4340e-01    8.224300e-01
      4.4350e-01    8.238410e-01
      4.4360e-01    8.252450e-01
      4.4370e-01    8.266380e-01
      4.4380e-01    8.280140e-01
      4.4390e-01    8.293690e-01
      4.4400e-01    8.307000e-01
      4.4410e-01    8.320020e-01
      4.4420e-01    8.332720e-01
      4.4430e-01    8.345090e-01
      4.4440e-01    8.357110e-01
      4.4450e-01    8.368780e-01
      4.4460e-01    8.380050e-01
      4.4470e-01    8.390930e-01
      4.4480e-01    8.401400e-01
      4.4490e-01    8.411420e-01
      4.4500e-01    8.421000e-01
      4.4510e-01    8.430110e-01
      4.4520e-01    8.438740e-01
      4.4530e-01    8.446900e-01
      4.4540e-01    8.454560e-01
      4.4550e-01    8.461740e-01
      4.4560e-01    8.468410e-01
      4.4570e-01    8.474580e-01
      4.4580e-01    8.480240e-01
      4.4590e-01    8.485380e-01
      4.4600e-01    8.490000e-01
      4.4610e-01    8.494090e-01
      4.4620e-01    8.497670e-01
      4.4630e-01    8.500740e-01
      4.4640e-01    8.503320e-01
      4.4650e-01    8.505410e-01
      4.4660e-01    8.507030e-01
      4.4670e-01    8.508190e-01
      4.4680e-01    8.508890e-01
      4.4690e-01    8.509160e-01
      4.4700e-01    8.509000e-01
      4.4710e-01    8.508420e-01
      4.4720e-01    8.507450e-01
      4.4730e-01    8.506100e-01
      4.4740e-01    8.504400e-01
      4.4750e-01    8.502370e-01
      4.4760e-01    8.500030e-01
      4.4770e-01    8.497400e-01
      4.4780e-01    8.494510e-01
      4.4790e-01    8.491360e-01
      4.4800e-01    8.488000e-01
      4.4810e-01    8.484430e-01
      4.4820e-01    8.480690e-01
      4.4830e-01    8.476810e-01
      4.4840e-01    8.472810e-01
      4.4850e-01    8.468720e-01
      4.4860e-01    8.464580e-01
      4.4870e-01    8.460400e-01
      4.4880e-01    8.456230e-01
      4.4890e-01    8.452090e-01
      4.4900e-01    8.448000e-01
      4.4910e-01    8.444000e-01
      4.4920e-01    8.440110e-01
      4.4930e-01    8.436360e-01
      4.4940e-01    8.432770e-01
      4.4950e-01    8.429370e-01
      4.4960e-01    8.426170e-01
      4.4970e-01    8.423220e-01
      4.4980e-01    8.420520e-01
      4.4990e-01    8.418100e-01
      4.5000e-01    8.416000e-01
      4.5010e-01    8.414230e-01
      4.5020e-01    8.412790e-01
      4.5030e-01    8.411680e-01
      4.5040e-01    8.410890e-01
      4.5050e-01    8.410440e-01
      4.5060e-01    8.410310e-01
      4.5070e-01    8.410500e-01
      4.5080e-01    8.411020e-01
      4.5090e-01    8.411850e-01
      4.5100e-01    8.413000e-01
      4.5110e-01    8.414470e-01
      4.5120e-01    8.416240e-01
      4.5130e-01    8.418320e-01
      4.5140e-01    8.420710e-01
      4.5150e-01    8.423380e-01
      4.5160e-01    8.426350e-01
      4.5170e-01    8.429600e-01
      4.5180e-01    8.433130e-01
      4.5190e-01    8.436930e-01
      4.5200e-01    8.441000e-01
      4.5210e-01    8.445340e-01
      4.5220e-01    8.449930e-01
      4.5230e-01    8.454770e-01
      4.5240e-01    8.459850e-01
      4.5250e-01    8.465160e-01
      4.5260e-01    8.470710e-01
      4.5270e-01    8.476470e-01
      4.5280e-01    8.482440e-01
      4.5290e-01    8.488620e-01
      4.5300e-01    8.495000e-01
      4.5310e-01    8.501560e-01
      4.5320e-01    8.508290e-01
      4.5330e-01    8.515160e-01
      4.5340e-01    8.522150e-01
      4.5350e-01    8.529220e-01
      4.5360e-01    8.536350e-01
      4.5370e-01    8.543520e-01
      4.5380e-01    8.550700e-01
      4.5390e-01    8.557870e-01
      4.5400e-01    8.565000e-01
      4.5410e-01    8.572070e-01
      4.5420e-01    8.579060e-01
      4.5430e-01    8.585990e-01
      4.5440e-01    8.592830e-01
      4.5450e-01    8.599590e-01
      4.5460e-01    8.606270e-01
      4.5470e-01    8.612850e-01
      4.5480e-01    8.619340e-01
      4.5490e-01    8.625720e-01
      4.5500e-01    8.632000e-01
      4.5510e-01    8.638170e-01
      4.5520e-01    8.644230e-01
      4.5530e-01    8.650160e-01
      4.5540e-01    8.655970e-01
      4.5550e-01    8.661660e-01
      4.5560e-01    8.667210e-01
      4.5570e-01    8.672630e-01
      4.5580e-01    8.677900e-01
      4.5590e-01    8.683030e-01
      4.5600e-01    8.688000e-01
      4.5610e-01    8.692820e-01
      4.5620e-01    8.697470e-01
      4.5630e-01    8.701960e-01
      4.5640e-01    8.706270e-01
      4.5650e-01    8.710390e-01
      4.5660e-01    8.714330e-01
      4.5670e-01    8.718060e-01
      4.5680e-01    8.721590e-01
      4.5690e-01    8.724900e-01
      4.5700e-01    8.728000e-01
      4.5710e-01    8.730870e-01
      4.5720e-01    8.733520e-01
      4.5730e-01    8.735970e-01
      4.5740e-01    8.738210e-01
      4.5750e-01    8.740270e-01
      4.5760e-01    8.742140e-01
      4.5770e-01    8.743840e-01
      4.5780e-01    8.745380e-01
      4.5790e-01    8.746760e-01
      4.5800e-01    8.748000e-01
      4.5810e-01    8.749100e-01
      4.5820e-01    8.750080e-01
      4.5830e-01    8.750950e-01
      4.5840e-01    8.751720e-01
      4.5850e-01    8.752410e-01
      4.5860e-01    8.753020e-01
      4.5870e-01    8.753570e-01
      4.5880e-01    8.754080e-01
      4.5890e-01    8.754550e-01
      4.5900e-01    8.755000e-01
      4.5910e-01    8.755440e-01
      4.5920e-01    8.755880e-01
      4.5930e-01    8.756310e-01
      4.5940e-01    8.756760e-01
      4.5950e-01    8.757230e-01
      4.5960e-01    8.757710e-01
      4.5970e-01    8.758230e-01
      4.5980e-01    8.758780e-01
      4.5990e-01    8.759360e-01
      4.6000e-01    8.760000e-01
      4.6010e-01    8.760690e-01
      4.6020e-01    8.761430e-01
      4.6030e-01    8.762240e-01
      4.6040e-01    8.763110e-01
      4.6050e-01    8.764060e-01
      4.6060e-01    8.765080e-01
      4.6070e-01    8.766180e-01
      4.6080e-01    8.767360e-01
      4.6090e-01    8.768630e-01
      4.6100e-01    8.770000e-01
      4.6110e-01    8.771460e-01
      4.6120e-01    8.773020e-01
      4.6130e-01    8.774660e-01
      4.6140e-01    8.776380e-01
      4.6150e-01    8.778170e-01
      4.6160e-01    8.780030e-01
      4.6170e-01    8.781950e-01
      4.6180e-01    8.783920e-01
      4.6190e-01    8.785940e-01
      4.6200e-01    8.788000e-01
      4.6210e-01    8.790100e-01
      4.6220e-01    8.792230e-01
      4.6230e-01    8.794380e-01
      4.6240e-01    8.796570e-01
      4.6250e-01    8.798770e-01
      4.6260e-01    8.800990e-01
      4.6270e-01    8.803230e-01
      4.6280e-01    8.805480e-01
      4.6290e-01    8.807740e-01
      4.6300e-01    8.810000e-01
      4.6310e-01    8.812270e-01
      4.6320e-01    8.814540e-01
      4.6330e-01    8.816830e-01
      4.6340e-01    8.819150e-01
      4.6350e-01    8.821500e-01
      4.6360e-01    8.823890e-01
      4.6370e-01    8.826320e-01
      4.6380e-01    8.828820e-01
      4.6390e-01    8.831370e-01
      4.6400e-01    8.834000e-01
      4.6410e-01    8.836700e-01
      4.6420e-01    8.839470e-01
      4.6430e-01    8.842280e-01
      4.6440e-01    8.845120e-01
      4.6450e-01    8.847990e-01
      4.6460e-01    8.850850e-01
      4.6470e-01    8.853700e-01
      4.6480e-01    8.856520e-01
      4.6490e-01    8.859290e-01
      4.6500e-01    8.862000e-01
      4.6510e-01    8.864640e-01
      4.6520e-01    8.867200e-01
      4.6530e-01    8.869690e-01
      4.6540e-01    8.872100e-01
      4.6550e-01    8.874430e-01
      4.6560e-01    8.876700e-01
      4.6570e-01    8.878880e-01
      4.6580e-01    8.880990e-01
      4.6590e-01    8.883030e-01
      4.6600e-01    8.885000e-01
      4.6610e-01    8.886890e-01
      4.6620e-01    8.888710e-01
      4.6630e-01    8.890470e-01
      4.6640e-01    8.892150e-01
      4.6650e-01    8.893780e-01
      4.6660e-01    8.895340e-01
      4.6670e-01    8.896840e-01
      4.6680e-01    8.898280e-01
      4.6690e-01    8.899670e-01
      4.6700e-01    8.901000e-01
      4.6710e-01    8.902280e-01
      4.6720e-01    8.903520e-01
      4.6730e-01    8.904710e-01
      4.6740e-01    8.905850e-01
      4.6750e-01    8.906960e-01
      4.6760e-01    8.908030e-01
      4.6770e-01    8.909070e-01
      4.6780e-01    8.910070e-01
      4.6790e-01    8.911050e-01
      4.6800e-01    8.912000e-01
      4.6810e-01    8.912930e-01
      4.6820e-01    8.913840e-01
      4.6830e-01    8.914740e-01
      4.6840e-01    8.915630e-01
      4.6850e-01    8.916510e-01
      4.6860e-01    8.917390e-01
      4.6870e-01    8.918280e-01
      4.6880e-01    8.919170e-01
      4.6890e-01    8.920080e-01
      4.6900e-01    8.921000e-01
      4.6910e-01    8.921940e-01
      4.6920e-01    8.922900e-01
      4.6930e-01    8.923880e-01
      4.6940e-01    8.924870e-01
      4.6950e-01    8.925870e-01
      4.6960e-01    8.926890e-01
      4.6970e-01    8.927910e-01
      4.6980e-01    8.928940e-01
      4.6990e-01    8.929970e-01
      4.7000e-01    8.931000e-01
      4.7010e-01    8.932030e-01
      4.7020e-01    8.933070e-01
      4.7030e-01    8.934110e-01
      4.7040e-01    8.935170e-01
      4.7050e-01    8.936240e-01
      4.7060e-01    8.937330e-01
      4.7070e-01    8.938450e-01
      4.7080e-01    8.939600e-01
      4.7090e-01    8.940780e-01
      4.7100e-01    8.942000e-01
      4.7110e-01    8.943260e-01
      4.7120e-01    8.944560e-01
      4.7130e-01    8.945890e-01
      4.7140e-01    8.947260e-01
      4.7150e-01    8.948660e-01
      4.7160e-01    8.950090e-01
      4.7170e-01    8.951540e-01
      4.7180e-01    8.953010e-01
      4.7190e-01    8.954500e-01
      4.7200e-01    8.956000e-01
      4.7210e-01    8.957510e-01
      4.7220e-01    8.959030e-01
      4.7230e-01    8.960540e-01
      4.7240e-01    8.962030e-01
      4.7250e-01    8.963490e-01
      4.7260e-01    8.964910e-01
      4.7270e-01    8.966280e-01
      4.7280e-01    8.967590e-01
      4.7290e-01    8.968840e-01
      4.7300e-01    8.970000e-01
      4.7310e-01    8.971070e-01
      4.7320e-01    8.972060e-01
      4.7330e-01    8.972960e-01
      4.7340e-01    8.973780e-01
      4.7350e-01    8.974510e-01
      4.7360e-01    8.975160e-01
      4.7370e-01    8.975740e-01
      4.7380e-01    8.976230e-01
      4.7390e-01    8.976650e-01
      4.7400e-01    8.977000e-01
      4.7410e-01    8.977280e-01
      4.7420e-01    8.977480e-01
      4.7430e-01    8.977620e-01
      4.7440e-01    8.977700e-01
      4.7450e-01    8.977720e-01
      4.7460e-01    8.977680e-01
      4.7470e-01    8.977580e-01
      4.7480e-01    8.977440e-01
      4.7490e-01    8.977240e-01
      4.7500e-01    8.977000e-01
      4.7510e-01    8.976710e-01
      4.7520e-01    8.976380e-01
      4.7530e-01    8.976010e-01
      4.7540e-01    8.975580e-01
      4.7550e-01    8.975110e-01
      4.7560e-01    8.974590e-01
      4.7570e-01    8.974020e-01
      4.7580e-01    8.973400e-01
      4.7590e-01    8.972730e-01
      4.7600e-01    8.972000e-01
      4.7610e-01    8.971220e-01
      4.7620e-01    8.970370e-01
      4.7630e-01    8.969440e-01
      4.7640e-01    8.968430e-01
      4.7650e-01    8.967330e-01
      4.7660e-01    8.966110e-01
      4.7670e-01    8.964790e-01
      4.7680e-01    8.963330e-01
      4.7690e-01    8.961740e-01
      4.7700e-01    8.960000e-01
      4.7710e-01    8.958110e-01
      4.7720e-01    8.956080e-01
      4.7730e-01    8.953920e-01
      4.7740e-01    8.951670e-01
      4.7750e-01    8.949330e-01
      4.7760e-01    8.946920e-01
      4.7770e-01    8.944470e-01
      4.7780e-01    8.941990e-01
      4.7790e-01    8.939490e-01
      4.7800e-01    8.937000e-01
      4.7810e-01    8.934530e-01
      4.7820e-01    8.932100e-01
      4.7830e-01    8.929710e-01
      4.7840e-01    8.927380e-01
      4.7850e-01    8.925100e-01
      4.7860e-01    8.922900e-01
      4.7870e-01    8.920780e-01
      4.7880e-01    8.918750e-01
      4.7890e-01    8.916820e-01
      4.7900e-01    8.915000e-01
      4.7910e-01    8.913290e-01
      4.7920e-01    8.911690e-01
      4.7930e-01    8.910190e-01
      4.7940e-01    8.908750e-01
      4.7950e-01    8.907380e-01
      4.7960e-01    8.906060e-01
      4.7970e-01    8.904780e-01
      4.7980e-01    8.903520e-01
      4.7990e-01    8.902260e-01
      4.8000e-01    8.901000e-01
      4.8010e-01    8.899720e-01
      4.8020e-01    8.898450e-01
      4.8030e-01    8.897200e-01
      4.8040e-01    8.896000e-01
      4.8050e-01    8.894860e-01
      4.8060e-01    8.893820e-01
      4.8070e-01    8.892890e-01
      4.8080e-01    8.892090e-01
      4.8090e-01    8.891460e-01
      4.8100e-01    8.891000e-01
      4.8110e-01    8.890740e-01
      4.8120e-01    8.890690e-01
      4.8130e-01    8.890850e-01
      4.8140e-01    8.891220e-01
      4.8150e-01    8.891800e-01
      4.8160e-01    8.892600e-01
      4.8170e-01    8.893610e-01
      4.8180e-01    8.894850e-01
      4.8190e-01    8.896310e-01
      4.8200e-01    8.898000e-01
      4.8210e-01    8.899910e-01
      4.8220e-01    8.902030e-01
      4.8230e-01    8.904340e-01
      4.8240e-01    8.906820e-01
      4.8250e-01    8.909440e-01
      4.8260e-01    8.912190e-01
      4.8270e-01    8.915040e-01
      4.8280e-01    8.917970e-01
      4.8290e-01    8.920960e-01
      4.8300e-01    8.924000e-01
      4.8310e-01    8.927060e-01
      4.8320e-01    8.930140e-01
      4.8330e-01    8.933250e-01
      4.8340e-01    8.936390e-01
      4.8350e-01    8.939560e-01
      4.8360e-01    8.942760e-01
      4.8370e-01    8.946010e-01
      4.8380e-01    8.949290e-01
      4.8390e-01    8.952620e-01
      4.8400e-01    8.956000e-01
      4.8410e-01    8.959430e-01
      4.8420e-01    8.962900e-01
      4.8430e-01    8.966440e-01
      4.8440e-01    8.970030e-01
      4.8450e-01    8.973690e-01
      4.8460e-01    8.977410e-01
      4.8470e-01    8.981200e-01
      4.8480e-01    8.985060e-01
      4.8490e-01    8.988990e-01
      4.8500e-01    8.993000e-01
      4.8510e-01    8.997080e-01
      4.8520e-01    9.001230e-01
      4.8530e-01    9.005430e-01
      4.8540e-01    9.009670e-01
      4.8550e-01    9.013920e-01
      4.8560e-01    9.018180e-01
      4.8570e-01    9.022440e-01
      4.8580e-01    9.026670e-01
      4.8590e-01    9.030860e-01
      4.8600e-01    9.035000e-01
      4.8610e-01    9.039080e-01
      4.8620e-01    9.043080e-01
      4.8630e-01    9.047030e-01
      4.8640e-01    9.050920e-01
      4.8650e-01    9.054740e-01
      4.8660e-01    9.058500e-01
      4.8670e-01    9.062210e-01
      4.8680e-01    9.065860e-01
      4.8690e-01    9.069460e-01
      4.8700e-01    9.073000e-01
      4.8710e-01    9.076490e-01
      4.8720e-01    9.079920e-01
      4.8730e-01    9.083280e-01
      4.8740e-01    9.086560e-01
      4.8750e-01    9.089740e-01
      4.8760e-01    9.092830e-01
      4.8770e-01    9.095810e-01
      4.8780e-01    9.098670e-01
      4.8790e-01    9.101410e-01
      4.8800e-01    9.104000e-01
      4.8810e-01    9.106450e-01
      4.8820e-01    9.108750e-01
      4.8830e-01    9.110910e-01
      4.8840e-01    9.112920e-01
      4.8850e-01    9.114790e-01
      4.8860e-01    9.116520e-01
      4.8870e-01    9.118100e-01
      4.8880e-01    9.119540e-01
      4.8890e-01    9.120840e-01
      4.8900e-01    9.122000e-01
      4.8910e-01    9.123020e-01
      4.8920e-01    9.123910e-01
      4.8930e-01    9.124680e-01
      4.8940e-01    9.125320e-01
      4.8950e-01    9.125850e-01
      4.8960e-01    9.126270e-01
      4.8970e-01    9.126590e-01
      4.8980e-01    9.126810e-01
      4.8990e-01    9.126950e-01
      4.9000e-01    9.127000e-01
      4.9010e-01    9.126980e-01
      4.9020e-01    9.126890e-01
      4.9030e-01    9.126740e-01
      4.9040e-01    9.126550e-01
      4.9050e-01    9.126320e-01
      4.9060e-01    9.126070e-01
      4.9070e-01    9.125800e-01
      4.9080e-01    9.125520e-01
      4.9090e-01    9.125250e-01
      4.9100e-01    9.125000e-01
      4.9110e-01    9.124770e-01
      4.9120e-01    9.124560e-01
      4.9130e-01    9.124360e-01
      4.9140e-01    9.124180e-01
      4.9150e-01    9.124000e-01
      4.9160e-01    9.123820e-01
      4.9170e-01    9.123640e-01
      4.9180e-01    9.123440e-01
      4.9190e-01    9.123230e-01
      4.9200e-01    9.123000e-01
      4.9210e-01    9.122750e-01
      4.9220e-01    9.122480e-01
      4.9230e-01    9.122200e-01
      4.9240e-01    9.121930e-01
      4.9250e-01    9.121680e-01
      4.9260e-01    9.121450e-01
      4.9270e-01    9.121260e-01
      4.9280e-01    9.121110e-01
      4.9290e-01    9.121020e-01
      4.9300e-01    9.121000e-01
      4.9310e-01    9.121050e-01
      4.9320e-01    9.121180e-01
      4.9330e-01    9.121390e-01
      4.9340e-01    9.121670e-01
      4.9350e-01    9.122030e-01
      4.9360e-01    9.122470e-01
      4.9370e-01    9.122980e-01
      4.9380e-01    9.123580e-01
      4.9390e-01    9.124250e-01
      4.9400e-01    9.125000e-01
      4.9410e-01    9.125830e-01
      4.9420e-01    9.126730e-01
      4.9430e-01    9.127700e-01
      4.9440e-01    9.128740e-01
      4.9450e-01    9.129830e-01
      4.9460e-01    9.130980e-01
      4.9470e-01    9.132170e-01
      4.9480e-01    9.133410e-01
      4.9490e-01    9.134690e-01
      4.9500e-01    9.136000e-01
      4.9510e-01    9.137340e-01
      4.9520e-01    9.138710e-01
      4.9530e-01    9.140110e-01
      4.9540e-01    9.141550e-01
      4.9550e-01    9.143030e-01
      4.9560e-01    9.144540e-01
      4.9570e-01    9.146090e-01
      4.9580e-01    9.147680e-01
      4.9590e-01    9.149320e-01
      4.9600e-01    9.151000e-01
      4.9610e-01    9.152730e-01
      4.9620e-01    9.154500e-01
      4.9630e-01    9.156290e-01
      4.9640e-01    9.158110e-01
      4.9650e-01    9.159940e-01
      4.9660e-01    9.161780e-01
      4.9670e-01    9.163610e-01
      4.9680e-01    9.165430e-01
      4.9690e-01    9.167230e-01
      4.9700e-01    9.169000e-01
      4.9710e-01    9.170730e-01
      4.9720e-01    9.172420e-01
      4.9730e-01    9.174070e-01
      4.9740e-01    9.175660e-01
      4.9750e-01    9.177200e-01
      4.9760e-01    9.178690e-01
      4.9770e-01    9.180120e-01
      4.9780e-01    9.181480e-01
      4.9790e-01    9.182780e-01
      4.9800e-01    9.184000e-01
      4.9810e-01    9.185150e-01
      4.9820e-01    9.186220e-01
      4.9830e-01    9.187200e-01
      4.9840e-01    9.188080e-01
      4.9850e-01    9.188870e-01
      4.9860e-01    9.189540e-01
      4.9870e-01    9.190100e-01
      4.9880e-01    9.190530e-01
      4.9890e-01    9.190830e-01
      4.9900e-01    9.191000e-01
      4.9910e-01    9.191020e-01
      4.9920e-01    9.190910e-01
      4.9930e-01    9.190650e-01
      4.9940e-01    9.190250e-01
      4.9950e-01    9.189710e-01
      4.9960e-01    9.189040e-01
      4.9970e-01    9.188230e-01
      4.9980e-01    9.187280e-01
      4.9990e-01    9.186210e-01
      5.0000e-01    9.185000e-01
      5.0010e-01    9.183660e-01
      5.0020e-01    9.182210e-01
      5.0030e-01    9.180630e-01
      5.0040e-01    9.178950e-01
      5.0050e-01    9.177170e-01
      5.0060e-01    9.175290e-01
      5.0070e-01    9.173330e-01
      5.0080e-01    9.171290e-01
      5.0090e-01    9.169180e-01
      5.0100e-01    9.167000e-01
      5.0110e-01    9.164760e-01
      5.0120e-01    9.162460e-01
      5.0130e-01    9.160090e-01
      5.0140e-01    9.157640e-01
      5.0150e-01    9.155110e-01
      5.0160e-01    9.152490e-01
      5.0170e-01    9.149780e-01
      5.0180e-01    9.146960e-01
      5.0190e-01    9.144040e-01
      5.0200e-01    9.141000e-01
      5.0210e-01    9.137840e-01
      5.0220e-01    9.134570e-01
      5.0230e-01    9.131190e-01
      5.0240e-01    9.127710e-01
      5.0250e-01    9.124130e-01
      5.0260e-01    9.120460e-01
      5.0270e-01    9.116710e-01
      5.0280e-01    9.112880e-01
      5.0290e-01    9.108970e-01
      5.0300e-01    9.105000e-01
      5.0310e-01    9.100970e-01
      5.0320e-01    9.096890e-01
      5.0330e-01    9.092780e-01
      5.0340e-01    9.088640e-01
      5.0350e-01    9.084490e-01
      5.0360e-01    9.080340e-01
      5.0370e-01    9.076200e-01
      5.0380e-01    9.072090e-01
      5.0390e-01    9.068020e-01
      5.0400e-01    9.064000e-01
      5.0410e-01    9.060040e-01
      5.0420e-01    9.056150e-01
      5.0430e-01    9.052330e-01
      5.0440e-01    9.048580e-01
      5.0450e-01    9.044920e-01
      5.0460e-01    9.041340e-01
      5.0470e-01    9.037860e-01
      5.0480e-01    9.034470e-01
      5.0490e-01    9.031180e-01
      5.0500e-01    9.028000e-01
      5.0510e-01    9.024930e-01
      5.0520e-01    9.021970e-01
      5.0530e-01    9.019130e-01
      5.0540e-01    9.016420e-01
      5.0550e-01    9.013830e-01
      5.0560e-01    9.011380e-01
      5.0570e-01    9.009070e-01
      5.0580e-01    9.006890e-01
      5.0590e-01    9.004870e-01
      5.0600e-01    9.003000e-01
      5.0610e-01    9.001280e-01
      5.0620e-01    8.999730e-01
      5.0630e-01    8.998330e-01
      5.0640e-01    8.997090e-01
      5.0650e-01    8.996000e-01
      5.0660e-01    8.995080e-01
      5.0670e-01    8.994320e-01
      5.0680e-01    8.993720e-01
      5.0690e-01    8.993280e-01
      5.0700e-01    8.993000e-01
      5.0710e-01    8.992880e-01
      5.0720e-01    8.992920e-01
      5.0730e-01    8.993110e-01
      5.0740e-01    8.993440e-01
      5.0750e-01    8.993910e-01
      5.0760e-01    8.994500e-01
      5.0770e-01    8.995210e-01
      5.0780e-01    8.996040e-01
      5.0790e-01    8.996970e-01
      5.0800e-01    8.998000e-01
      5.0810e-01    8.999130e-01
      5.0820e-01    9.000350e-01
      5.0830e-01    9.001670e-01
      5.0840e-01    9.003090e-01
      5.0850e-01    9.004620e-01
      5.0860e-01    9.006260e-01
      5.0870e-01    9.008010e-01
      5.0880e-01    9.009890e-01
      5.0890e-01    9.011880e-01
      5.0900e-01    9.014000e-01
      5.0910e-01    9.016250e-01
      5.0920e-01    9.018620e-01
      5.0930e-01    9.021120e-01
      5.0940e-01    9.023740e-01
      5.0950e-01    9.026490e-01
      5.0960e-01    9.029360e-01
      5.0970e-01    9.032340e-01
      5.0980e-01    9.035450e-01
      5.0990e-01    9.038670e-01
      5.1000e-01    9.042000e-01
      5.1010e-01    9.045440e-01
      5.1020e-01    9.048990e-01
      5.1030e-01    9.052640e-01
      5.1040e-01    9.056360e-01
      5.1050e-01    9.060170e-01
      5.1060e-01    9.064040e-01
      5.1070e-01    9.067970e-01
      5.1080e-01    9.071940e-01
      5.1090e-01    9.075960e-01
      5.1100e-01    9.080000e-01
      5.1110e-01    9.084060e-01
      5.1120e-01    9.088130e-01
      5.1130e-01    9.092190e-01
      5.1140e-01    9.096220e-01
      5.1150e-01    9.100210e-01
      5.1160e-01    9.104140e-01
      5.1170e-01    9.108000e-01
      5.1180e-01    9.111780e-01
      5.1190e-01    9.115450e-01
      5.1200e-01    9.119000e-01
      5.1210e-01    9.122420e-01
      5.1220e-01    9.125720e-01
      5.1230e-01    9.128910e-01
      5.1240e-01    9.132000e-01
      5.1250e-01    9.135000e-01
      5.1260e-01    9.137910e-01
      5.1270e-01    9.140760e-01
      5.1280e-01    9.143550e-01
      5.1290e-01    9.146290e-01
      5.1300e-01    9.149000e-01
      5.1310e-01    9.151680e-01
      5.1320e-01    9.154320e-01
      5.1330e-01    9.156920e-01
      5.1340e-01    9.159460e-01
      5.1350e-01    9.161930e-01
      5.1360e-01    9.164340e-01
      5.1370e-01    9.166650e-01
      5.1380e-01    9.168880e-01
      5.1390e-01    9.171000e-01
      5.1400e-01    9.173000e-01
      5.1410e-01    9.174880e-01
      5.1420e-01    9.176640e-01
      5.1430e-01    9.178270e-01
      5.1440e-01    9.179770e-01
      5.1450e-01    9.181140e-01
      5.1460e-01    9.182380e-01
      5.1470e-01    9.183490e-01
      5.1480e-01    9.184460e-01
      5.1490e-01    9.185300e-01
      5.1500e-01    9.186000e-01
      5.1510e-01    9.186560e-01
      5.1520e-01    9.186990e-01
      5.1530e-01    9.187290e-01
      5.1540e-01    9.187450e-01
      5.1550e-01    9.187500e-01
      5.1560e-01    9.187420e-01
      5.1570e-01    9.187230e-01
      5.1580e-01    9.186930e-01
      5.1590e-01    9.186520e-01
      5.1600e-01    9.186000e-01
      5.1610e-01    9.185380e-01
      5.1620e-01    9.184670e-01
      5.1630e-01    9.183860e-01
      5.1640e-01    9.182970e-01
      5.1650e-01    9.181990e-01
      5.1660e-01    9.180940e-01
      5.1670e-01    9.179800e-01
      5.1680e-01    9.178600e-01
      5.1690e-01    9.177330e-01
      5.1700e-01    9.176000e-01
      5.1710e-01    9.174610e-01
      5.1720e-01    9.173170e-01
      5.1730e-01    9.171670e-01
      5.1740e-01    9.170130e-01
      5.1750e-01    9.168540e-01
      5.1760e-01    9.166900e-01
      5.1770e-01    9.165230e-01
      5.1780e-01    9.163520e-01
      5.1790e-01    9.161780e-01
      5.1800e-01    9.160000e-01
      5.1810e-01    9.158200e-01
      5.1820e-01    9.156360e-01
      5.1830e-01    9.154510e-01
      5.1840e-01    9.152630e-01
      5.1850e-01    9.150730e-01
      5.1860e-01    9.148820e-01
      5.1870e-01    9.146880e-01
      5.1880e-01    9.144930e-01
      5.1890e-01    9.142970e-01
      5.1900e-01    9.141000e-01
      5.1910e-01    9.139020e-01
      5.1920e-01    9.137040e-01
      5.1930e-01    9.135060e-01
      5.1940e-01    9.133100e-01
      5.1950e-01    9.131150e-01
      5.1960e-01    9.129240e-01
      5.1970e-01    9.127360e-01
      5.1980e-01    9.125520e-01
      5.1990e-01    9.123730e-01
      5.2000e-01    9.122000e-01
      5.2010e-01    9.120330e-01
      5.2020e-01    9.118720e-01
      5.2030e-01    9.117160e-01
      5.2040e-01    9.115640e-01
      5.2050e-01    9.114160e-01
      5.2060e-01    9.112700e-01
      5.2070e-01    9.111260e-01
      5.2080e-01    9.109840e-01
      5.2090e-01    9.108420e-01
      5.2100e-01    9.107000e-01
      5.2110e-01    9.105570e-01
      5.2120e-01    9.104140e-01
      5.2130e-01    9.102700e-01
      5.2140e-01    9.101270e-01
      5.2150e-01    9.099850e-01
      5.2160e-01    9.098440e-01
      5.2170e-01    9.097040e-01
      5.2180e-01    9.095670e-01
      5.2190e-01    9.094320e-01
      5.2200e-01    9.093000e-01
      5.2210e-01    9.091720e-01
      5.2220e-01    9.090470e-01
      5.2230e-01    9.089250e-01
      5.2240e-01    9.088080e-01
      5.2250e-01    9.086950e-01
      5.2260e-01    9.085870e-01
      5.2270e-01    9.084830e-01
      5.2280e-01    9.083830e-01
      5.2290e-01    9.082890e-01
      5.2300e-01    9.082000e-01
      5.2310e-01    9.081160e-01
      5.2320e-01    9.080370e-01
      5.2330e-01    9.079620e-01
      5.2340e-01    9.078900e-01
      5.2350e-01    9.078220e-01
      5.2360e-01    9.077550e-01
      5.2370e-01    9.076910e-01
      5.2380e-01    9.076270e-01
      5.2390e-01    9.075640e-01
      5.2400e-01    9.075000e-01
      5.2410e-01    9.074360e-01
      5.2420e-01    9.073710e-01
      5.2430e-01    9.073070e-01
      5.2440e-01    9.072430e-01
      5.2450e-01    9.071800e-01
      5.2460e-01    9.071190e-01
      5.2470e-01    9.070600e-01
      5.2480e-01    9.070030e-01
      5.2490e-01    9.069500e-01
      5.2500e-01    9.069000e-01
      5.2510e-01    9.068540e-01
      5.2520e-01    9.068110e-01
      5.2530e-01    9.067710e-01
      5.2540e-01    9.067330e-01
      5.2550e-01    9.066950e-01
      5.2560e-01    9.066590e-01
      5.2570e-01    9.066210e-01
      5.2580e-01    9.065830e-01
      5.2590e-01    9.065430e-01
      5.2600e-01    9.065000e-01
      5.2610e-01    9.064540e-01
      5.2620e-01    9.064040e-01
      5.2630e-01    9.063500e-01
      5.2640e-01    9.062910e-01
      5.2650e-01    9.062260e-01
      5.2660e-01    9.061550e-01
      5.2670e-01    9.060780e-01
      5.2680e-01    9.059930e-01
      5.2690e-01    9.059010e-01
      5.2700e-01    9.058000e-01
      5.2710e-01    9.056910e-01
      5.2720e-01    9.055730e-01
      5.2730e-01    9.054480e-01
      5.2740e-01    9.053160e-01
      5.2750e-01    9.051770e-01
      5.2760e-01    9.050310e-01
      5.2770e-01    9.048810e-01
      5.2780e-01    9.047250e-01
      5.2790e-01    9.045640e-01
      5.2800e-01    9.044000e-01
      5.2810e-01    9.042320e-01
      5.2820e-01    9.040620e-01
      5.2830e-01    9.038900e-01
      5.2840e-01    9.037170e-01
      5.2850e-01    9.035430e-01
      5.2860e-01    9.033700e-01
      5.2870e-01    9.031990e-01
      5.2880e-01    9.030290e-01
      5.2890e-01    9.028630e-01
      5.2900e-01    9.027000e-01
      5.2910e-01    9.025410e-01
      5.2920e-01    9.023850e-01
      5.2930e-01    9.022300e-01
      5.2940e-01    9.020730e-01
      5.2950e-01    9.019140e-01
      5.2960e-01    9.017490e-01
      5.2970e-01    9.015770e-01
      5.2980e-01    9.013960e-01
      5.2990e-01    9.012040e-01
      5.3000e-01    9.010000e-01
      5.3010e-01    9.007810e-01
      5.3020e-01    9.005500e-01
      5.3030e-01    9.003060e-01
      5.3040e-01    9.000520e-01
      5.3050e-01    8.997900e-01
      5.3060e-01    8.995200e-01
      5.3070e-01    8.992450e-01
      5.3080e-01    8.989660e-01
      5.3090e-01    8.986830e-01
      5.3100e-01    8.984000e-01
      5.3110e-01    8.981170e-01
      5.3120e-01    8.978340e-01
      5.3130e-01    8.975510e-01
      5.3140e-01    8.972700e-01
      5.3150e-01    8.969890e-01
      5.3160e-01    8.967090e-01
      5.3170e-01    8.964300e-01
      5.3180e-01    8.961520e-01
      5.3190e-01    8.958750e-01
      5.3200e-01    8.956000e-01
      5.3210e-01    8.953260e-01
      5.3220e-01    8.950540e-01
      5.3230e-01    8.947820e-01
      5.3240e-01    8.945120e-01
      5.3250e-01    8.942420e-01
      5.3260e-01    8.939730e-01
      5.3270e-01    8.937050e-01
      5.3280e-01    8.934370e-01
      5.3290e-01    8.931680e-01
      5.3300e-01    8.929000e-01
      5.3310e-01    8.926310e-01
      5.3320e-01    8.923610e-01
      5.3330e-01    8.920880e-01
      5.3340e-01    8.918110e-01
      5.3350e-01    8.915290e-01
      5.3360e-01    8.912410e-01
      5.3370e-01    8.909450e-01
      5.3380e-01    8.906400e-01
      5.3390e-01    8.903260e-01
      5.3400e-01    8.900000e-01
      5.3410e-01    8.896620e-01
      5.3420e-01    8.893140e-01
      5.3430e-01    8.889560e-01
      5.3440e-01    8.885890e-01
      5.3450e-01    8.882160e-01
      5.3460e-01    8.878380e-01
      5.3470e-01    8.874560e-01
      5.3480e-01    8.870710e-01
      5.3490e-01    8.866850e-01
      5.3500e-01    8.863000e-01
      5.3510e-01    8.859160e-01
      5.3520e-01    8.855330e-01
      5.3530e-01    8.851500e-01
      5.3540e-01    8.847660e-01
      5.3550e-01    8.843810e-01
      5.3560e-01    8.839930e-01
      5.3570e-01    8.836020e-01
      5.3580e-01    8.832060e-01
      5.3590e-01    8.828060e-01
      5.3600e-01    8.824000e-01
      5.3610e-01    8.819870e-01
      5.3620e-01    8.815670e-01
      5.3630e-01    8.811400e-01
      5.3640e-01    8.807040e-01
      5.3650e-01    8.802600e-01
      5.3660e-01    8.798080e-01
      5.3670e-01    8.793460e-01
      5.3680e-01    8.788740e-01
      5.3690e-01    8.783920e-01
      5.3700e-01    8.779000e-01
      5.3710e-01    8.773970e-01
      5.3720e-01    8.768820e-01
      5.3730e-01    8.763550e-01
      5.3740e-01    8.758170e-01
      5.3750e-01    8.752650e-01
      5.3760e-01    8.747000e-01
      5.3770e-01    8.741220e-01
      5.3780e-01    8.735290e-01
      5.3790e-01    8.729220e-01
      5.3800e-01    8.723000e-01
      5.3810e-01    8.716630e-01
      5.3820e-01    8.710090e-01
      5.3830e-01    8.703380e-01
      5.3840e-01    8.696500e-01
      5.3850e-01    8.689420e-01
      5.3860e-01    8.682160e-01
      5.3870e-01    8.674690e-01
      5.3880e-01    8.667020e-01
      5.3890e-01    8.659120e-01
      5.3900e-01    8.651000e-01
      5.3910e-01    8.642650e-01
      5.3920e-01    8.634050e-01
      5.3930e-01    8.625220e-01
      5.3940e-01    8.616130e-01
      5.3950e-01    8.606780e-01
      5.3960e-01    8.597170e-01
      5.3970e-01    8.587300e-01
      5.3980e-01    8.577150e-01
      5.3990e-01    8.566720e-01
      5.4000e-01    8.556000e-01
      5.4010e-01    8.544990e-01
      5.4020e-01    8.533640e-01
      5.4030e-01    8.521920e-01
      5.4040e-01    8.509790e-01
      5.4050e-01    8.497200e-01
      5.4060e-01    8.484120e-01
      5.4070e-01    8.470500e-01
      5.4080e-01    8.456300e-01
      5.4090e-01    8.441480e-01
      5.4100e-01    8.426000e-01
      5.4110e-01    8.409820e-01
      5.4120e-01    8.392930e-01
      5.4130e-01    8.375310e-01
      5.4140e-01    8.356930e-01
      5.4150e-01    8.337790e-01
      5.4160e-01    8.317860e-01
      5.4170e-01    8.297140e-01
      5.4180e-01    8.275600e-01
      5.4190e-01    8.253220e-01
      5.4200e-01    8.230000e-01
      5.4210e-01    8.205910e-01
      5.4220e-01    8.180950e-01
      5.4230e-01    8.155090e-01
      5.4240e-01    8.128330e-01
      5.4250e-01    8.100650e-01
      5.4260e-01    8.072040e-01
      5.4270e-01    8.042480e-01
      5.4280e-01    8.011960e-01
      5.4290e-01    7.980470e-01
      5.4300e-01    7.948000e-01
      5.4310e-01    7.914530e-01
      5.4320e-01    7.880030e-01
      5.4330e-01    7.844480e-01
      5.4340e-01    7.807850e-01
      5.4350e-01    7.770120e-01
      5.4360e-01    7.731260e-01
      5.4370e-01    7.691240e-01
      5.4380e-01    7.650050e-01
      5.4390e-01    7.607640e-01
      5.4400e-01    7.564000e-01
      5.4410e-01    7.519100e-01
      5.4420e-01    7.472940e-01
      5.4430e-01    7.425500e-01
      5.4440e-01    7.376770e-01
      5.4450e-01    7.326750e-01
      5.4460e-01    7.275440e-01
      5.4470e-01    7.222810e-01
      5.4480e-01    7.168870e-01
      5.4490e-01    7.113600e-01
      5.4500e-01    7.057000e-01
      5.4510e-01    6.999070e-01
      5.4520e-01    6.939840e-01
      5.4530e-01    6.879370e-01
      5.4540e-01    6.817690e-01
      5.4550e-01    6.754860e-01
      5.4560e-01    6.690920e-01
      5.4570e-01    6.625920e-01
      5.4580e-01    6.559900e-01
      5.4590e-01    6.492910e-01
      5.4600e-01    6.425000e-01
      5.4610e-01    6.356210e-01
      5.4620e-01    6.286590e-01
      5.4630e-01    6.216200e-01
      5.4640e-01    6.145090e-01
      5.4650e-01    6.073290e-01
      5.4660e-01    6.000880e-01
      5.4670e-01    5.927890e-01
      5.4680e-01    5.854380e-01
      5.4690e-01    5.780400e-01
      5.4700e-01    5.706000e-01
      5.4710e-01    5.631230e-01
      5.4720e-01    5.556110e-01
      5.4730e-01    5.480700e-01
      5.4740e-01    5.405010e-01
      5.4750e-01    5.329080e-01
      5.4760e-01    5.252950e-01
      5.4770e-01    5.176640e-01
      5.4780e-01    5.100190e-01
      5.4790e-01    5.023630e-01
      5.4800e-01    4.947000e-01
      5.4810e-01    4.870330e-01
      5.4820e-01    4.793670e-01
      5.4830e-01    4.717090e-01
      5.4840e-01    4.640630e-01
      5.4850e-01    4.564380e-01
      5.4860e-01    4.488370e-01
      5.4870e-01    4.412660e-01
      5.4880e-01    4.337330e-01
      5.4890e-01    4.262420e-01
      5.4900e-01    4.188000e-01
      5.4910e-01    4.114120e-01
      5.4920e-01    4.040820e-01
      5.4930e-01    3.968160e-01
      5.4940e-01    3.896180e-01
      5.4950e-01    3.824920e-01
      5.4960e-01    3.754420e-01
      5.4970e-01    3.684740e-01
      5.4980e-01    3.615910e-01
      5.4990e-01    3.547980e-01
      5.5000e-01    3.481000e-01
      5.5010e-01    3.415000e-01
      5.5020e-01    3.349990e-01
      5.5030e-01    3.285960e-01
      5.5040e-01    3.222910e-01
      5.5050e-01    3.160830e-01
      5.5060e-01    3.099730e-01
      5.5070e-01    3.039600e-01
      5.5080e-01    2.980440e-01
      5.5090e-01    2.922240e-01
      5.5100e-01    2.865000e-01
      5.5110e-01    2.808720e-01
      5.5120e-01    2.753390e-01
      5.5130e-01    2.699020e-01
      5.5140e-01    2.645600e-01
      5.5150e-01    2.593130e-01
      5.5160e-01    2.541610e-01
      5.5170e-01    2.491040e-01
      5.5180e-01    2.441420e-01
      5.5190e-01    2.392740e-01
      5.5200e-01    2.345000e-01
      5.5210e-01    2.298200e-01
      5.5220e-01    2.252330e-01
      5.5230e-01    2.207380e-01
      5.5240e-01    2.163320e-01
      5.5250e-01    2.120140e-01
      5.5260e-01    2.077830e-01
      5.5270e-01    2.036380e-01
      5.5280e-01    1.995770e-01
      5.5290e-01    1.955980e-01
      5.5300e-01    1.917000e-01
      5.5310e-01    1.878820e-01
      5.5320e-01    1.841420e-01
      5.5330e-01    1.804790e-01
      5.5340e-01    1.768920e-01
      5.5350e-01    1.733800e-01
      5.5360e-01    1.699420e-01
      5.5370e-01    1.665760e-01
      5.5380e-01    1.632810e-01
      5.5390e-01    1.600560e-01
      5.5400e-01    1.569000e-01
      5.5410e-01    1.538110e-01
      5.5420e-01    1.507890e-01
      5.5430e-01    1.478310e-01
      5.5440e-01    1.449350e-01
      5.5450e-01    1.421020e-01
      5.5460e-01    1.393280e-01
      5.5470e-01    1.366120e-01
      5.5480e-01    1.339530e-01
      5.5490e-01    1.313500e-01
      5.5500e-01    1.288000e-01
      5.5510e-01    1.263030e-01
      5.5520e-01    1.238570e-01
      5.5530e-01    1.214630e-01
      5.5540e-01    1.191190e-01
      5.5550e-01    1.168260e-01
      5.5560e-01    1.145830e-01
      5.5570e-01    1.123890e-01
      5.5580e-01    1.102440e-01
      5.5590e-01    1.081480e-01
      5.5600e-01    1.061000e-01
      5.5610e-01    1.040990e-01
      5.5620e-01    1.021450e-01
      5.5630e-01    1.002340e-01
      5.5640e-01    9.836600e-02
      5.5650e-01    9.653800e-02
      5.5660e-01    9.474800e-02
      5.5670e-01    9.299600e-02
      5.5680e-01    9.127800e-02
      5.5690e-01    8.959300e-02
      5.5700e-01    8.794000e-02
      5.5710e-01    8.631600e-02
      5.5720e-01    8.472200e-02
      5.5730e-01    8.315600e-02
      5.5740e-01    8.161900e-02
      5.5750e-01    8.011000e-02
      5.5760e-01    7.862800e-02
      5.5770e-01    7.717400e-02
      5.5780e-01    7.574600e-02
      5.5790e-01    7.434500e-02
      5.5800e-01    7.297000e-02
      5.5810e-01    7.162100e-02
      5.5820e-01    7.029700e-02
      5.5830e-01    6.899800e-02
      5.5840e-01    6.772400e-02
      5.5850e-01    6.647400e-02
      5.5860e-01    6.524900e-02
      5.5870e-01    6.404700e-02
      5.5880e-01    6.286800e-02
      5.5890e-01    6.171300e-02
      5.5900e-01    6.058000e-02
      5.5910e-01    5.947000e-02
      5.5920e-01    5.838100e-02
      5.5930e-01    5.731400e-02
      5.5940e-01    5.626700e-02
      5.5950e-01    5.523900e-02
      5.5960e-01    5.423200e-02
      5.5970e-01    5.324200e-02
      5.5980e-01    5.227100e-02
      5.5990e-01    5.131700e-02
      5.6000e-01    5.038000e-02
      5.6010e-01    4.945900e-02
      5.6020e-01    4.855400e-02
      5.6030e-01    4.766300e-02
      5.6040e-01    4.678800e-02
      5.6050e-01    4.592700e-02
      5.6060e-01    4.507900e-02
      5.6070e-01    4.424600e-02
      5.6080e-01    4.342500e-02
      5.6090e-01    4.261600e-02
      5.6100e-01    4.182000e-02
      5.6110e-01    4.103500e-02
      5.6120e-01    4.026300e-02
      5.6130e-01    3.950200e-02
      5.6140e-01    3.875300e-02
      5.6150e-01    3.801600e-02
      5.6160e-01    3.729200e-02
      5.6170e-01    3.658000e-02
      5.6180e-01    3.588000e-02
      5.6190e-01    3.519400e-02
      5.6200e-01    3.452000e-02
      5.6210e-01    3.385900e-02
      5.6220e-01    3.321100e-02
      5.6230e-01    3.257500e-02
      5.6240e-01    3.195100e-02
      5.6250e-01    3.133900e-02
      5.6260e-01    3.073800e-02
      5.6270e-01    3.014800e-02
      5.6280e-01    2.956900e-02
      5.6290e-01    2.899900e-02
      5.6300e-01    2.844000e-02
      5.6310e-01    2.789000e-02
      5.6320e-01    2.735000e-02
      5.6330e-01    2.681800e-02
      5.6340e-01    2.629500e-02
      5.6350e-01    2.578100e-02
      5.6360e-01    2.527500e-02
      5.6370e-01    2.477700e-02
      5.6380e-01    2.428700e-02
      5.6390e-01    2.380500e-02
      5.6400e-01    2.333000e-02
      5.6410e-01    2.286200e-02
      5.6420e-01    2.240200e-02
      5.6430e-01    2.194800e-02
      5.6440e-01    2.150300e-02
      5.6450e-01    2.106500e-02
      5.6460e-01    2.063600e-02
      5.6470e-01    2.021400e-02
      5.6480e-01    1.980100e-02
      5.6490e-01    1.939600e-02
      5.6500e-01    1.900000e-02
      5.6510e-01    1.861300e-02
      5.6520e-01    1.823400e-02
      5.6530e-01    1.786400e-02
      5.6540e-01    1.750200e-02
      5.6550e-01    1.714800e-02
      5.6560e-01    1.680200e-02
      5.6570e-01    1.646300e-02
      5.6580e-01    1.613200e-02
      5.6590e-01    1.580700e-02
      5.6600e-01    1.549000e-02
      5.6610e-01    1.517900e-02
      5.6620e-01    1.487500e-02
      5.6630e-01    1.457700e-02
      5.6640e-01    1.428600e-02
      5.6650e-01    1.400000e-02
      5.6660e-01    1.372100e-02
      5.6670e-01    1.344700e-02
      5.6680e-01    1.317900e-02
      5.6690e-01    1.291700e-02
      5.6700e-01    1.266000e-02
      5.6710e-01    1.240800e-02
      5.6720e-01    1.216200e-02
      5.6730e-01    1.192000e-02
      5.6740e-01    1.168400e-02
      5.6750e-01    1.145200e-02
      5.6760e-01    1.122500e-02
      5.6770e-01    1.100200e-02
      5.6780e-01    1.078400e-02
      5.6790e-01    1.057000e-02
      5.6800e-01    1.036000e-02
      5.6810e-01    1.015400e-02
      5.6820e-01    9.952000e-03
      5.6830e-01    9.754000e-03
      5.6840e-01    9.560000e-03
      5.6850e-01    9.370000e-03
      5.6860e-01    9.183000e-03
      5.6870e-01    8.999000e-03
      5.6880e-01    8.819000e-03
      5.6890e-01    8.643000e-03
      5.6900e-01    8.469000e-03
      5.6910e-01    8.299000e-03
      5.6920e-01    8.131000e-03
      5.6930e-01    7.968000e-03
      5.6940e-01    7.807000e-03
      5.6950e-01    7.651000e-03
      5.6960e-01    7.498000e-03
      5.6970e-01    7.349000e-03
      5.6980e-01    7.204000e-03
      5.6990e-01    7.063000e-03
      5.7000e-01    6.927000e-03
      5.7010e-01    6.795000e-03
      5.7020e-01    6.667000e-03
      5.7030e-01    6.543000e-03
      5.7040e-01    6.423000e-03
      5.7050e-01    6.306000e-03
      5.7060e-01    6.193000e-03
      5.7070e-01    6.083000e-03
      5.7080e-01    5.975000e-03
      5.7090e-01    5.870000e-03
      5.7100e-01    5.768000e-03
      5.7110e-01    5.668000e-03
      5.7120e-01    5.570000e-03
      5.7130e-01    5.473000e-03
      5.7140e-01    5.379000e-03
      5.7150e-01    5.286000e-03
      5.7160e-01    5.194000e-03
      5.7170e-01    5.103000e-03
      5.7180e-01    5.014000e-03
      5.7190e-01    4.925000e-03
      5.7200e-01    4.837000e-03
      5.7210e-01    4.750000e-03
      5.7220e-01    4.663000e-03
      5.7230e-01    4.577000e-03
      5.7240e-01    4.493000e-03
      5.7250e-01    4.410000e-03
      5.7260e-01    4.329000e-03
      5.7270e-01    4.250000e-03
      5.7280e-01    4.173000e-03
      5.7290e-01    4.099000e-03
      5.7300e-01    4.028000e-03
      5.7310e-01    3.960000e-03
      5.7320e-01    3.895000e-03
      5.7330e-01    3.832000e-03
      5.7340e-01    3.772000e-03
      5.7350e-01    3.714000e-03
      5.7360e-01    3.658000e-03
      5.7370e-01    3.603000e-03
      5.7380e-01    3.550000e-03
      5.7390e-01    3.499000e-03
      5.7400e-01    3.448000e-03
      5.7410e-01    3.398000e-03
      5.7420e-01    3.349000e-03
      5.7430e-01    3.300000e-03
      5.7440e-01    3.252000e-03
      5.7450e-01    3.205000e-03
      5.7460e-01    3.158000e-03
      5.7470e-01    3.112000e-03
      5.7480e-01    3.066000e-03
      5.7490e-01    3.020000e-03
      5.7500e-01    2.975000e-03
      5.7510e-01    2.930000e-03
      5.7520e-01    2.885000e-03
      5.7530e-01    2.841000e-03
      5.7540e-01    2.797000e-03
      5.7550e-01    2.754000e-03
      5.7560e-01    2.711000e-03
      5.7570e-01    2.669000e-03
      5.7580e-01    2.628000e-03
      5.7590e-01    2.588000e-03
      5.7600e-01    2.548000e-03
      5.7610e-01    2.509000e-03
      5.7620e-01    2.472000e-03
      5.7630e-01    2.435000e-03
      5.7640e-01    2.399000e-03
      5.7650e-01    2.363000e-03
      5.7660e-01    2.329000e-03
      5.7670e-01    2.295000e-03
      5.7680e-01    2.262000e-03
      5.7690e-01    2.229000e-03
      5.7700e-01    2.197000e-03
      5.7710e-01    2.166000e-03
      5.7720e-01    2.135000e-03
      5.7730e-01    2.105000e-03
      5.7740e-01    2.076000e-03
      5.7750e-01    2.047000e-03
      5.7760e-01    2.020000e-03
      5.7770e-01    1.994000e-03
      5.7780e-01    1.969000e-03
      5.7790e-01    1.945000e-03
      5.7800e-01    1.923000e-03
      5.7810e-01    1.902000e-03
      5.7820e-01    1.882000e-03
      5.7830e-01    1.864000e-03
      5.7840e-01    1.847000e-03
      5.7850e-01    1.830000e-03
      5.7860e-01    1.814000e-03
      5.7870e-01    1.799000e-03
      5.7880e-01    1.784000e-03
      5.7890e-01    1.769000e-03
      5.7900e-01    1.755000e-03
      5.7910e-01    1.741000e-03
      5.7920e-01    1.726000e-03
      5.7930e-01    1.711000e-03
      5.7940e-01    1.696000e-03
      5.7950e-01    1.681000e-03
      5.7960e-01    1.666000e-03
      5.7970e-01    1.651000e-03
      5.7980e-01    1.635000e-03
      5.7990e-01    1.619000e-03
      5.8000e-01    1.602000e-03
      5.8010e-01    1.585000e-03
      5.8020e-01    1.568000e-03
      5.8030e-01    1.550000e-03
      5.8040e-01    1.532000e-03
      5.8050e-01    1.515000e-03
      5.8060e-01    1.498000e-03
      5.8070e-01    1.481000e-03
      5.8080e-01    1.465000e-03
      5.8090e-01    1.449000e-03
      5.8100e-01    1.434000e-03
      5.8110e-01    1.420000e-03
      5.8120e-01    1.407000e-03
      5.8130e-01    1.394000e-03
      5.8140e-01    1.382000e-03
      5.8150e-01    1.370000e-03
      5.8160e-01    1.359000e-03
      5.8170e-01    1.347000e-03
      5.8180e-01    1.336000e-03
      5.8190e-01    1.324000e-03
      5.8200e-01    1.312000e-03
      5.8210e-01    1.299000e-03
      5.8220e-01    1.287000e-03
      5.8230e-01    1.273000e-03
      5.8240e-01    1.260000e-03
      5.8250e-01    1.246000e-03
      5.8260e-01    1.232000e-03
      5.8270e-01    1.218000e-03
      5.8280e-01    1.203000e-03
      5.8290e-01    1.189000e-03
      5.8300e-01    1.175000e-03
      5.8310e-01    1.161000e-03
      5.8320e-01    1.147000e-03
      5.8330e-01    1.134000e-03
      5.8340e-01    1.120000e-03
      5.8350e-01    1.108000e-03
      5.8360e-01    1.095000e-03
      5.8370e-01    1.084000e-03
      5.8380e-01    1.073000e-03
      5.8390e-01    1.062000e-03
      5.8400e-01    1.053000e-03
      5.8410e-01    1.044000e-03
      5.8420e-01    1.036000e-03
      5.8430e-01    1.029000e-03
      5.8440e-01    1.023000e-03
      5.8450e-01    1.017000e-03
      5.8460e-01    1.011000e-03
      5.8470e-01    1.006000e-03
      5.8480e-01    1.001000e-03
      5.8490e-01    9.970000e-04
      5.8500e-01    9.920000e-04
      5.8510e-01    9.870000e-04
      5.8520e-01    9.830000e-04
      5.8530e-01    9.780000e-04
      5.8540e-01    9.740000e-04
      5.8550e-01    9.690000e-04
      5.8560e-01    9.650000e-04
      5.8570e-01    9.600000e-04
      5.8580e-01    9.560000e-04
      5.8590e-01    9.510000e-04
      5.8600e-01    9.460000e-04
      5.8610e-01    9.410000e-04
      5.8620e-01    9.360000e-04
      5.8630e-01    9.300000e-04
      5.8640e-01    9.240000e-04
      5.8650e-01    9.170000e-04
      5.8660e-01    9.100000e-04
      5.8670e-01    9.020000e-04
      5.8680e-01    8.920000e-04
      5.8690e-01    8.820000e-04
      5.8700e-01    8.700000e-04
      5.8710e-01    8.570000e-04
      5.8720e-01    8.430000e-04
      5.8730e-01    8.270000e-04
      5.8740e-01    8.120000e-04
      5.8750e-01    7.950000e-04
      5.8760e-01    7.790000e-04
      5.8770e-01    7.630000e-04
      5.8780e-01    7.470000e-04
      5.8790e-01    7.320000e-04
      5.8800e-01    7.170000e-04
      5.8810e-01    7.040000e-04
      5.8820e-01    6.910000e-04
      5.8830e-01    6.800000e-04
      5.8840e-01    6.690000e-04
      5.8850e-01    6.600000e-04
      5.8860e-01    6.510000e-04
      5.8870e-01    6.440000e-04
      5.8880e-01    6.370000e-04
      5.8890e-01    6.310000e-04
      5.8900e-01    6.260000e-04
      5.8910e-01    6.220000e-04
      5.8920e-01    6.180000e-04
      5.8930e-01    6.140000e-04
      5.8940e-01    6.110000e-04
      5.8950e-01    6.070000e-04
      5.8960e-01    6.030000e-04
      5.8970e-01    5.990000e-04
      5.8980e-01    5.940000e-04
      5.8990e-01    5.870000e-04
      5.9000e-01    5.800000e-04
      5.9010e-01    5.710000e-04
      5.9020e-01    5.610000e-04
      5.9030e-01    5.500000e-04
      5.9040e-01    5.390000e-04
      5.9050e-01    5.270000e-04
      5.9060e-01    5.150000e-04
      5.9070e-01    5.040000e-04
      5.9080e-01    4.930000e-04
      5.9090e-01    4.820000e-04
      5.9100e-01    4.730000e-04
      5.9110e-01    4.650000e-04
      5.9120e-01    4.580000e-04
      5.9130e-01    4.530000e-04
      5.9140e-01    4.480000e-04
      5.9150e-01    4.440000e-04
      5.9160e-01    4.400000e-04
      5.9170e-01    4.370000e-04
      5.9180e-01    4.330000e-04
      5.9190e-01    4.300000e-04
      5.9200e-01    4.270000e-04
      5.9210e-01    4.230000e-04
      5.9220e-01    4.190000e-04
      5.9230e-01    4.150000e-04
      5.9240e-01    4.110000e-04
      5.9250e-01    4.060000e-04
      5.9260e-01    4.010000e-04
      5.9270e-01    3.960000e-04
      5.9280e-01    3.910000e-04
      5.9290e-01    3.860000e-04
      5.9300e-01    3.810000e-04
      5.9310e-01    3.760000e-04
      5.9320e-01    3.710000e-04
      5.9330e-01    3.650000e-04
      5.9340e-01    3.600000e-04
      5.9350e-01    3.560000e-04
      5.9360e-01    3.510000e-04
      5.9370e-01    3.470000e-04
      5.9380e-01    3.430000e-04
      5.9390e-01    3.390000e-04
      5.9400e-01    3.360000e-04
      5.9410e-01    3.330000e-04
      5.9420e-01    3.310000e-04
      5.9430e-01    3.290000e-04
      5.9440e-01    3.270000e-04
      5.9450e-01    3.250000e-04
      5.9460e-01    3.220000e-04
      5.9470e-01    3.190000e-04
      5.9480e-01    3.150000e-04
      5.9490e-01    3.110000e-04
      5.9500e-01    3.050000e-04
      5.9510e-01    2.980000e-04
      5.9520e-01    2.910000e-04
      5.9530e-01    2.830000e-04
      5.9540e-01    2.740000e-04
      5.9550e-01    2.650000e-04
      5.9560e-01    2.570000e-04
      5.9570e-01    2.490000e-04
      5.9580e-01    2.410000e-04
      5.9590e-01    2.340000e-04
      5.9600e-01    2.290000e-04
      5.9610e-01    2.250000e-04
      5.9620e-01    2.220000e-04
      5.9630e-01    2.200000e-04
      5.9640e-01    2.200000e-04
      5.9650e-01    2.200000e-04
      5.9660e-01    2.210000e-04
      5.9670e-01    2.220000e-04
      5.9680e-01    2.240000e-04
      5.9690e-01    2.260000e-04
      5.9700e-01    2.290000e-04
      5.9710e-01    2.320000e-04
      5.9720e-01    2.340000e-04
      5.9730e-01    2.360000e-04
      5.9740e-01    2.380000e-04
      5.9750e-01    2.390000e-04
      5.9760e-01    2.390000e-04
      5.9770e-01    2.390000e-04
      5.9780e-01    2.370000e-04
      5.9790e-01    2.340000e-04
      5.9800e-01    2.290000e-04
      5.9810e-01    2.230000e-04
      5.9820e-01    2.150000e-04
      5.9830e-01    2.060000e-04
      5.9840e-01    1.970000e-04
      5.9850e-01    1.870000e-04
      5.9860e-01    1.760000e-04
      5.9870e-01    1.660000e-04
      5.9880e-01    1.550000e-04
      5.9890e-01    1.460000e-04
      5.9900e-01    1.370000e-04
      5.9910e-01    1.290000e-04
      5.9920e-01    1.220000e-04
      5.9930e-01    1.170000e-04
      5.9940e-01    1.120000e-04
      5.9950e-01    1.090000e-04
      5.9960e-01    1.060000e-04
      5.9970e-01    1.050000e-04
      5.9980e-01    1.050000e-04
      5.9990e-01    1.050000e-04
      6.0000e-01    1.070000e-04
      6.0010e-01    1.100000e-04
      6.0020e-01    1.130000e-04
      6.0030e-01    1.180000e-04
      6.0040e-01    1.220000e-04
      6.0050e-01    1.270000e-04
      6.0060e-01    1.330000e-04
      6.0070e-01    1.380000e-04
      6.0080e-01    1.430000e-04
      6.0090e-01    1.480000e-04
      6.0100e-01    1.530000e-04
      6.0110e-01    1.570000e-04
      6.0120e-01    1.600000e-04
      6.0130e-01    1.630000e-04
      6.0140e-01    1.640000e-04
      6.0150e-01    1.650000e-04
      6.0160e-01    1.650000e-04
      6.0170e-01    1.640000e-04
      6.0180e-01    1.610000e-04
      6.0190e-01    1.580000e-04
      6.0200e-01    1.530000e-04
      6.0210e-01    1.470000e-04
      6.0220e-01    1.400000e-04
      6.0230e-01    1.320000e-04
      6.0240e-01    1.230000e-04
      6.0250e-01    1.150000e-04
      6.0260e-01    1.060000e-04
