#  wavelength_um     transmission
#
      5.3430e-01    1.090000e-04
      5.3440e-01    1.220000e-04
      5.3450e-01    1.360000e-04
      5.3460e-01    1.500000e-04
      5.3470e-01    1.650000e-04
      5.3480e-01    1.810000e-04
      5.3490e-01    1.970000e-04
      5.3500e-01    2.140000e-04
      5.3510e-01    2.320000e-04
      5.3520e-01    2.500000e-04
      5.3530e-01    2.690000e-04
      5.3540e-01    2.900000e-04
      5.3550e-01    3.130000e-04
      5.3560e-01    3.370000e-04
      5.3570e-01    3.630000e-04
      5.3580e-01    3.920000e-04
      5.3590e-01    4.240000e-04
      5.3600e-01    4.580000e-04
      5.3610e-01    4.950000e-04
      5.3620e-01    5.360000e-04
      5.3630e-01    5.800000e-04
      5.3640e-01    6.280000e-04
      5.3650e-01    6.790000e-04
      5.3660e-01    7.340000e-04
      5.3670e-01    7.920000e-04
      5.3680e-01    8.550000e-04
      5.3690e-01    9.210000e-04
      5.3700e-01    9.920000e-04
      5.3710e-01    1.067000e-03
      5.3720e-01    1.147000e-03
      5.3730e-01    1.231000e-03
      5.3740e-01    1.321000e-03
      5.3750e-01    1.417000e-03
      5.3760e-01    1.519000e-03
      5.3770e-01    1.628000e-03
      5.3780e-01    1.744000e-03
      5.3790e-01    1.868000e-03
      5.3800e-01    1.999000e-03
      5.3810e-01    2.139000e-03
      5.3820e-01    2.287000e-03
      5.3830e-01    2.446000e-03
      5.3840e-01    2.614000e-03
      5.3850e-01    2.793000e-03
      5.3860e-01    2.984000e-03
      5.3870e-01    3.187000e-03
      5.3880e-01    3.403000e-03
      5.3890e-01    3.633000e-03
      5.3900e-01    3.876000e-03
      5.3910e-01    4.134000e-03
      5.3920e-01    4.408000e-03
      5.3930e-01    4.698000e-03
      5.3940e-01    5.005000e-03
      5.3950e-01    5.330000e-03
      5.3960e-01    5.673000e-03
      5.3970e-01    6.036000e-03
      5.3980e-01    6.419000e-03
      5.3990e-01    6.823000e-03
      5.4000e-01    7.248000e-03
      5.4010e-01    7.696000e-03
      5.4020e-01    8.167000e-03
      5.4030e-01    8.662000e-03
      5.4040e-01    9.183000e-03
      5.4050e-01    9.729000e-03
      5.4060e-01    1.030200e-02
      5.4070e-01    1.090300e-02
      5.4080e-01    1.153200e-02
      5.4090e-01    1.219100e-02
      5.4100e-01    1.288000e-02
      5.4110e-01    1.360000e-02
      5.4120e-01    1.435200e-02
      5.4130e-01    1.513700e-02
      5.4140e-01    1.595500e-02
      5.4150e-01    1.680700e-02
      5.4160e-01    1.769500e-02
      5.4170e-01    1.861800e-02
      5.4180e-01    1.957800e-02
      5.4190e-01    2.057500e-02
      5.4200e-01    2.161000e-02
      5.4210e-01    2.268400e-02
      5.4220e-01    2.379800e-02
      5.4230e-01    2.495300e-02
      5.4240e-01    2.614900e-02
      5.4250e-01    2.738700e-02
      5.4260e-01    2.866800e-02
      5.4270e-01    2.999300e-02
      5.4280e-01    3.136300e-02
      5.4290e-01    3.277800e-02
      5.4300e-01    3.424000e-02
      5.4310e-01    3.574900e-02
      5.4320e-01    3.730500e-02
      5.4330e-01    3.890800e-02
      5.4340e-01    4.055900e-02
      5.4350e-01    4.225800e-02
      5.4360e-01    4.400600e-02
      5.4370e-01    4.580100e-02
      5.4380e-01    4.764500e-02
      5.4390e-01    4.953800e-02
      5.4400e-01    5.148000e-02
      5.4410e-01    5.347100e-02
      5.4420e-01    5.551100e-02
      5.4430e-01    5.759900e-02
      5.4440e-01    5.973700e-02
      5.4450e-01    6.192300e-02
      5.4460e-01    6.415800e-02
      5.4470e-01    6.644100e-02
      5.4480e-01    6.877300e-02
      5.4490e-01    7.115200e-02
      5.4500e-01    7.358000e-02
      5.4510e-01    7.605600e-02
      5.4520e-01    7.858000e-02
      5.4530e-01    8.115100e-02
      5.4540e-01    8.377100e-02
      5.4550e-01    8.643900e-02
      5.4560e-01    8.915500e-02
      5.4570e-01    9.191900e-02
      5.4580e-01    9.473100e-02
      5.4590e-01    9.759200e-02
      5.4600e-01    1.005000e-01
      5.4610e-01    1.034560e-01
      5.4620e-01    1.064600e-01
      5.4630e-01    1.095080e-01
      5.4640e-01    1.126010e-01
      5.4650e-01    1.157360e-01
      5.4660e-01    1.189120e-01
      5.4670e-01    1.221280e-01
      5.4680e-01    1.253820e-01
      5.4690e-01    1.286730e-01
      5.4700e-01    1.320000e-01
      5.4710e-01    1.353610e-01
      5.4720e-01    1.387580e-01
      5.4730e-01    1.421920e-01
      5.4740e-01    1.456650e-01
      5.4750e-01    1.491780e-01
      5.4760e-01    1.527330e-01
      5.4770e-01    1.563310e-01
      5.4780e-01    1.599740e-01
      5.4790e-01    1.636630e-01
      5.4800e-01    1.674000e-01
      5.4810e-01    1.711860e-01
      5.4820e-01    1.750220e-01
      5.4830e-01    1.789070e-01
      5.4840e-01    1.828420e-01
      5.4850e-01    1.868270e-01
      5.4860e-01    1.908610e-01
      5.4870e-01    1.949460e-01
      5.4880e-01    1.990800e-01
      5.4890e-01    2.032650e-01
      5.4900e-01    2.075000e-01
      5.4910e-01    2.117850e-01
      5.4920e-01    2.161170e-01
      5.4930e-01    2.204930e-01
      5.4940e-01    2.249110e-01
      5.4950e-01    2.293660e-01
      5.4960e-01    2.338560e-01
      5.4970e-01    2.383770e-01
      5.4980e-01    2.429270e-01
      5.4990e-01    2.475020e-01
      5.5000e-01    2.521000e-01
      5.5010e-01    2.567170e-01
      5.5020e-01    2.613550e-01
      5.5030e-01    2.660140e-01
      5.5040e-01    2.706940e-01
      5.5050e-01    2.753980e-01
      5.5060e-01    2.801260e-01
      5.5070e-01    2.848790e-01
      5.5080e-01    2.896590e-01
      5.5090e-01    2.944650e-01
      5.5100e-01    2.993000e-01
      5.5110e-01    3.041640e-01
      5.5120e-01    3.090570e-01
      5.5130e-01    3.139800e-01
      5.5140e-01    3.189330e-01
      5.5150e-01    3.239160e-01
      5.5160e-01    3.289310e-01
      5.5170e-01    3.339760e-01
      5.5180e-01    3.390520e-01
      5.5190e-01    3.441600e-01
      5.5200e-01    3.493000e-01
      5.5210e-01    3.544710e-01
      5.5220e-01    3.596700e-01
      5.5230e-01    3.648920e-01
      5.5240e-01    3.701320e-01
      5.5250e-01    3.753860e-01
      5.5260e-01    3.806490e-01
      5.5270e-01    3.859160e-01
      5.5280e-01    3.911840e-01
      5.5290e-01    3.964470e-01
      5.5300e-01    4.017000e-01
      5.5310e-01    4.069400e-01
      5.5320e-01    4.121650e-01
      5.5330e-01    4.173740e-01
      5.5340e-01    4.225660e-01
      5.5350e-01    4.277400e-01
      5.5360e-01    4.328950e-01
      5.5370e-01    4.380290e-01
      5.5380e-01    4.431420e-01
      5.5390e-01    4.482330e-01
      5.5400e-01    4.533000e-01
      5.5410e-01    4.583430e-01
      5.5420e-01    4.633590e-01
      5.5430e-01    4.683490e-01
      5.5440e-01    4.733100e-01
      5.5450e-01    4.782410e-01
      5.5460e-01    4.831400e-01
      5.5470e-01    4.880080e-01
      5.5480e-01    4.928410e-01
      5.5490e-01    4.976390e-01
      5.5500e-01    5.024000e-01
      5.5510e-01    5.071230e-01
      5.5520e-01    5.118040e-01
      5.5530e-01    5.164400e-01
      5.5540e-01    5.210260e-01
      5.5550e-01    5.255600e-01
      5.5560e-01    5.300370e-01
      5.5570e-01    5.344530e-01
      5.5580e-01    5.388040e-01
      5.5590e-01    5.430880e-01
      5.5600e-01    5.473000e-01
      5.5610e-01    5.514370e-01
      5.5620e-01    5.554990e-01
      5.5630e-01    5.594870e-01
      5.5640e-01    5.634020e-01
      5.5650e-01    5.672450e-01
      5.5660e-01    5.710160e-01
      5.5670e-01    5.747160e-01
      5.5680e-01    5.783460e-01
      5.5690e-01    5.819070e-01
      5.5700e-01    5.854000e-01
      5.5710e-01    5.888250e-01
      5.5720e-01    5.921850e-01
      5.5730e-01    5.954830e-01
      5.5740e-01    5.987190e-01
      5.5750e-01    6.018980e-01
      5.5760e-01    6.050200e-01
      5.5770e-01    6.080900e-01
      5.5780e-01    6.111080e-01
      5.5790e-01    6.140770e-01
      5.5800e-01    6.170000e-01
      5.5810e-01    6.198780e-01
      5.5820e-01    6.227130e-01
      5.5830e-01    6.255030e-01
      5.5840e-01    6.282490e-01
      5.5850e-01    6.309520e-01
      5.5860e-01    6.336100e-01
      5.5870e-01    6.362230e-01
      5.5880e-01    6.387930e-01
      5.5890e-01    6.413190e-01
      5.5900e-01    6.438000e-01
      5.5910e-01    6.462380e-01
      5.5920e-01    6.486340e-01
      5.5930e-01    6.509930e-01
      5.5940e-01    6.533170e-01
      5.5950e-01    6.556090e-01
      5.5960e-01    6.578720e-01
      5.5970e-01    6.601100e-01
      5.5980e-01    6.623250e-01
      5.5990e-01    6.645210e-01
      5.6000e-01    6.667000e-01
      5.6010e-01    6.688660e-01
      5.6020e-01    6.710200e-01
      5.6030e-01    6.731640e-01
      5.6040e-01    6.752990e-01
      5.6050e-01    6.774260e-01
      5.6060e-01    6.795480e-01
      5.6070e-01    6.816640e-01
      5.6080e-01    6.837770e-01
      5.6090e-01    6.858890e-01
      5.6100e-01    6.880000e-01
      5.6110e-01    6.901120e-01
      5.6120e-01    6.922250e-01
      5.6130e-01    6.943400e-01
      5.6140e-01    6.964560e-01
      5.6150e-01    6.985740e-01
      5.6160e-01    7.006940e-01
      5.6170e-01    7.028160e-01
      5.6180e-01    7.049410e-01
      5.6190e-01    7.070690e-01
      5.6200e-01    7.092000e-01
      5.6210e-01    7.113340e-01
      5.6220e-01    7.134730e-01
      5.6230e-01    7.156170e-01
      5.6240e-01    7.177680e-01
      5.6250e-01    7.199280e-01
      5.6260e-01    7.220980e-01
      5.6270e-01    7.242790e-01
      5.6280e-01    7.264720e-01
      5.6290e-01    7.286780e-01
      5.6300e-01    7.309000e-01
      5.6310e-01    7.331370e-01
      5.6320e-01    7.353900e-01
      5.6330e-01    7.376560e-01
      5.6340e-01    7.399350e-01
      5.6350e-01    7.422250e-01
      5.6360e-01    7.445250e-01
      5.6370e-01    7.468340e-01
      5.6380e-01    7.491500e-01
      5.6390e-01    7.514720e-01
      5.6400e-01    7.538000e-01
      5.6410e-01    7.561310e-01
      5.6420e-01    7.584650e-01
      5.6430e-01    7.608010e-01
      5.6440e-01    7.631370e-01
      5.6450e-01    7.654720e-01
      5.6460e-01    7.678050e-01
      5.6470e-01    7.701360e-01
      5.6480e-01    7.724630e-01
      5.6490e-01    7.747840e-01
      5.6500e-01    7.771000e-01
      5.6510e-01    7.794080e-01
      5.6520e-01    7.817080e-01
      5.6530e-01    7.839970e-01
      5.6540e-01    7.862740e-01
      5.6550e-01    7.885380e-01
      5.6560e-01    7.907860e-01
      5.6570e-01    7.930180e-01
      5.6580e-01    7.952320e-01
      5.6590e-01    7.974270e-01
      5.6600e-01    7.996000e-01
      5.6610e-01    8.017500e-01
      5.6620e-01    8.038760e-01
      5.6630e-01    8.059730e-01
      5.6640e-01    8.080420e-01
      5.6650e-01    8.100780e-01
      5.6660e-01    8.120800e-01
      5.6670e-01    8.140450e-01
      5.6680e-01    8.159720e-01
      5.6690e-01    8.178580e-01
      5.6700e-01    8.197000e-01
      5.6710e-01    8.214970e-01
      5.6720e-01    8.232490e-01
      5.6730e-01    8.249560e-01
      5.6740e-01    8.266190e-01
      5.6750e-01    8.282390e-01
      5.6760e-01    8.298150e-01
      5.6770e-01    8.313490e-01
      5.6780e-01    8.328410e-01
      5.6790e-01    8.342910e-01
      5.6800e-01    8.357000e-01
      5.6810e-01    8.370690e-01
      5.6820e-01    8.383960e-01
      5.6830e-01    8.396830e-01
      5.6840e-01    8.409280e-01
      5.6850e-01    8.421300e-01
      5.6860e-01    8.432910e-01
      5.6870e-01    8.444080e-01
      5.6880e-01    8.454830e-01
      5.6890e-01    8.465130e-01
      5.6900e-01    8.475000e-01
      5.6910e-01    8.484430e-01
      5.6920e-01    8.493410e-01
      5.6930e-01    8.501960e-01
      5.6940e-01    8.510080e-01
      5.6950e-01    8.517770e-01
      5.6960e-01    8.525050e-01
      5.6970e-01    8.531900e-01
      5.6980e-01    8.538340e-01
      5.6990e-01    8.544370e-01
      5.7000e-01    8.550000e-01
      5.7010e-01    8.555230e-01
      5.7020e-01    8.560080e-01
      5.7030e-01    8.564580e-01
      5.7040e-01    8.568740e-01
      5.7050e-01    8.572600e-01
      5.7060e-01    8.576160e-01
      5.7070e-01    8.579460e-01
      5.7080e-01    8.582520e-01
      5.7090e-01    8.585360e-01
      5.7100e-01    8.588000e-01
      5.7110e-01    8.590460e-01
      5.7120e-01    8.592760e-01
      5.7130e-01    8.594920e-01
      5.7140e-01    8.596940e-01
      5.7150e-01    8.598840e-01
      5.7160e-01    8.600630e-01
      5.7170e-01    8.602330e-01
      5.7180e-01    8.603940e-01
      5.7190e-01    8.605500e-01
      5.7200e-01    8.607000e-01
      5.7210e-01    8.608460e-01
      5.7220e-01    8.609910e-01
      5.7230e-01    8.611350e-01
      5.7240e-01    8.612810e-01
      5.7250e-01    8.614310e-01
      5.7260e-01    8.615860e-01
      5.7270e-01    8.617490e-01
      5.7280e-01    8.619210e-01
      5.7290e-01    8.621040e-01
      5.7300e-01    8.623000e-01
      5.7310e-01    8.625110e-01
      5.7320e-01    8.627360e-01
      5.7330e-01    8.629770e-01
      5.7340e-01    8.632330e-01
      5.7350e-01    8.635050e-01
      5.7360e-01    8.637920e-01
      5.7370e-01    8.640950e-01
      5.7380e-01    8.644140e-01
      5.7390e-01    8.647490e-01
      5.7400e-01    8.651000e-01
      5.7410e-01    8.654680e-01
      5.7420e-01    8.658530e-01
      5.7430e-01    8.662560e-01
      5.7440e-01    8.666800e-01
      5.7450e-01    8.671240e-01
      5.7460e-01    8.675910e-01
      5.7470e-01    8.680800e-01
      5.7480e-01    8.685940e-01
      5.7490e-01    8.691340e-01
      5.7500e-01    8.697000e-01
      5.7510e-01    8.702940e-01
      5.7520e-01    8.709150e-01
      5.7530e-01    8.715650e-01
      5.7540e-01    8.722420e-01
      5.7550e-01    8.729480e-01
      5.7560e-01    8.736820e-01
      5.7570e-01    8.744440e-01
      5.7580e-01    8.752340e-01
      5.7590e-01    8.760530e-01
      5.7600e-01    8.769000e-01
      5.7610e-01    8.777750e-01
      5.7620e-01    8.786770e-01
      5.7630e-01    8.796030e-01
      5.7640e-01    8.805520e-01
      5.7650e-01    8.815210e-01
      5.7660e-01    8.825080e-01
      5.7670e-01    8.835120e-01
      5.7680e-01    8.845300e-01
      5.7690e-01    8.855600e-01
      5.7700e-01    8.866000e-01
      5.7710e-01    8.876480e-01
      5.7720e-01    8.887040e-01
      5.7730e-01    8.897660e-01
      5.7740e-01    8.908330e-01
      5.7750e-01    8.919050e-01
      5.7760e-01    8.929810e-01
      5.7770e-01    8.940590e-01
      5.7780e-01    8.951390e-01
      5.7790e-01    8.962190e-01
      5.7800e-01    8.973000e-01
      5.7810e-01    8.983800e-01
      5.7820e-01    8.994580e-01
      5.7830e-01    9.005350e-01
      5.7840e-01    9.016100e-01
      5.7850e-01    9.026830e-01
      5.7860e-01    9.037530e-01
      5.7870e-01    9.048200e-01
      5.7880e-01    9.058840e-01
      5.7890e-01    9.069440e-01
      5.7900e-01    9.080000e-01
      5.7910e-01    9.090520e-01
      5.7920e-01    9.100960e-01
      5.7930e-01    9.111320e-01
      5.7940e-01    9.121550e-01
      5.7950e-01    9.131640e-01
      5.7960e-01    9.141560e-01
      5.7970e-01    9.151280e-01
      5.7980e-01    9.160770e-01
      5.7990e-01    9.170020e-01
      5.8000e-01    9.179000e-01
      5.8010e-01    9.187680e-01
      5.8020e-01    9.196060e-01
      5.8030e-01    9.204130e-01
      5.8040e-01    9.211900e-01
      5.8050e-01    9.219360e-01
      5.8060e-01    9.226520e-01
      5.8070e-01    9.233360e-01
      5.8080e-01    9.239890e-01
      5.8090e-01    9.246100e-01
      5.8100e-01    9.252000e-01
      5.8110e-01    9.257580e-01
      5.8120e-01    9.262850e-01
      5.8130e-01    9.267820e-01
      5.8140e-01    9.272500e-01
      5.8150e-01    9.276900e-01
      5.8160e-01    9.281030e-01
      5.8170e-01    9.284890e-01
      5.8180e-01    9.288500e-01
      5.8190e-01    9.291870e-01
      5.8200e-01    9.295000e-01
      5.8210e-01    9.297900e-01
      5.8220e-01    9.300580e-01
      5.8230e-01    9.303010e-01
      5.8240e-01    9.305210e-01
      5.8250e-01    9.307150e-01
      5.8260e-01    9.308850e-01
      5.8270e-01    9.310290e-01
      5.8280e-01    9.311460e-01
      5.8290e-01    9.312370e-01
      5.8300e-01    9.313000e-01
      5.8310e-01    9.313360e-01
      5.8320e-01    9.313440e-01
      5.8330e-01    9.313250e-01
      5.8340e-01    9.312800e-01
      5.8350e-01    9.312100e-01
      5.8360e-01    9.311160e-01
      5.8370e-01    9.309960e-01
      5.8380e-01    9.308540e-01
      5.8390e-01    9.306880e-01
      5.8400e-01    9.305000e-01
      5.8410e-01    9.302910e-01
      5.8420e-01    9.300630e-01
      5.8430e-01    9.298210e-01
      5.8440e-01    9.295670e-01
      5.8450e-01    9.293050e-01
      5.8460e-01    9.290390e-01
      5.8470e-01    9.287720e-01
      5.8480e-01    9.285080e-01
      5.8490e-01    9.282490e-01
      5.8500e-01    9.280000e-01
      5.8510e-01    9.277630e-01
      5.8520e-01    9.275380e-01
      5.8530e-01    9.273250e-01
      5.8540e-01    9.271230e-01
      5.8550e-01    9.269310e-01
      5.8560e-01    9.267480e-01
      5.8570e-01    9.265750e-01
      5.8580e-01    9.264090e-01
      5.8590e-01    9.262510e-01
      5.8600e-01    9.261000e-01
      5.8610e-01    9.259550e-01
      5.8620e-01    9.258170e-01
      5.8630e-01    9.256860e-01
      5.8640e-01    9.255620e-01
      5.8650e-01    9.254460e-01
      5.8660e-01    9.253380e-01
      5.8670e-01    9.252400e-01
      5.8680e-01    9.251500e-01
      5.8690e-01    9.250700e-01
      5.8700e-01    9.250000e-01
      5.8710e-01    9.249410e-01
      5.8720e-01    9.248940e-01
      5.8730e-01    9.248620e-01
      5.8740e-01    9.248450e-01
      5.8750e-01    9.248470e-01
      5.8760e-01    9.248700e-01
      5.8770e-01    9.249140e-01
      5.8780e-01    9.249830e-01
      5.8790e-01    9.250770e-01
      5.8800e-01    9.252000e-01
      5.8810e-01    9.253520e-01
      5.8820e-01    9.255320e-01
      5.8830e-01    9.257390e-01
      5.8840e-01    9.259710e-01
      5.8850e-01    9.262260e-01
      5.8860e-01    9.265040e-01
      5.8870e-01    9.268010e-01
      5.8880e-01    9.271180e-01
      5.8890e-01    9.274510e-01
      5.8900e-01    9.278000e-01
      5.8910e-01    9.281630e-01
      5.8920e-01    9.285390e-01
      5.8930e-01    9.289290e-01
      5.8940e-01    9.293320e-01
      5.8950e-01    9.297470e-01
      5.8960e-01    9.301740e-01
      5.8970e-01    9.306140e-01
      5.8980e-01    9.310650e-01
      5.8990e-01    9.315270e-01
      5.9000e-01    9.320000e-01
      5.9010e-01    9.324840e-01
      5.9020e-01    9.329780e-01
      5.9030e-01    9.334830e-01
      5.9040e-01    9.339980e-01
      5.9050e-01    9.345230e-01
      5.9060e-01    9.350580e-01
      5.9070e-01    9.356040e-01
      5.9080e-01    9.361590e-01
      5.9090e-01    9.367250e-01
      5.9100e-01    9.373000e-01
      5.9110e-01    9.378850e-01
      5.9120e-01    9.384770e-01
      5.9130e-01    9.390740e-01
      5.9140e-01    9.396730e-01
      5.9150e-01    9.402740e-01
      5.9160e-01    9.408720e-01
      5.9170e-01    9.414660e-01
      5.9180e-01    9.420540e-01
      5.9190e-01    9.426320e-01
      5.9200e-01    9.432000e-01
      5.9210e-01    9.437540e-01
      5.9220e-01    9.442950e-01
      5.9230e-01    9.448220e-01
      5.9240e-01    9.453350e-01
      5.9250e-01    9.458330e-01
      5.9260e-01    9.463170e-01
      5.9270e-01    9.467850e-01
      5.9280e-01    9.472390e-01
      5.9290e-01    9.476770e-01
      5.9300e-01    9.481000e-01
      5.9310e-01    9.485070e-01
      5.9320e-01    9.488970e-01
      5.9330e-01    9.492690e-01
      5.9340e-01    9.496230e-01
      5.9350e-01    9.499570e-01
      5.9360e-01    9.502710e-01
      5.9370e-01    9.505630e-01
      5.9380e-01    9.508320e-01
      5.9390e-01    9.510780e-01
      5.9400e-01    9.513000e-01
      5.9410e-01    9.514960e-01
      5.9420e-01    9.516670e-01
      5.9430e-01    9.518100e-01
      5.9440e-01    9.519260e-01
      5.9450e-01    9.520130e-01
      5.9460e-01    9.520720e-01
      5.9470e-01    9.521000e-01
      5.9480e-01    9.520980e-01
      5.9490e-01    9.520650e-01
      5.9500e-01    9.520000e-01
      5.9510e-01    9.519020e-01
      5.9520e-01    9.517730e-01
      5.9530e-01    9.516120e-01
      5.9540e-01    9.514220e-01
      5.9550e-01    9.512020e-01
      5.9560e-01    9.509540e-01
      5.9570e-01    9.506790e-01
      5.9580e-01    9.503780e-01
      5.9590e-01    9.500510e-01
      5.9600e-01    9.497000e-01
      5.9610e-01    9.493250e-01
      5.9620e-01    9.489270e-01
      5.9630e-01    9.485050e-01
      5.9640e-01    9.480600e-01
      5.9650e-01    9.475910e-01
      5.9660e-01    9.471000e-01
      5.9670e-01    9.465840e-01
      5.9680e-01    9.460460e-01
      5.9690e-01    9.454850e-01
      5.9700e-01    9.449000e-01
      5.9710e-01    9.442930e-01
      5.9720e-01    9.436640e-01
      5.9730e-01    9.430160e-01
      5.9740e-01    9.423510e-01
      5.9750e-01    9.416700e-01
      5.9760e-01    9.409760e-01
      5.9770e-01    9.402700e-01
      5.9780e-01    9.395540e-01
      5.9790e-01    9.388300e-01
      5.9800e-01    9.381000e-01
      5.9810e-01    9.373660e-01
      5.9820e-01    9.366280e-01
      5.9830e-01    9.358880e-01
      5.9840e-01    9.351460e-01
      5.9850e-01    9.344030e-01
      5.9860e-01    9.336590e-01
      5.9870e-01    9.329170e-01
      5.9880e-01    9.321750e-01
      5.9890e-01    9.314360e-01
      5.9900e-01    9.307000e-01
      5.9910e-01    9.299670e-01
      5.9920e-01    9.292390e-01
      5.9930e-01    9.285150e-01
      5.9940e-01    9.277960e-01
      5.9950e-01    9.270820e-01
      5.9960e-01    9.263730e-01
      5.9970e-01    9.256700e-01
      5.9980e-01    9.249730e-01
      5.9990e-01    9.242830e-01
      6.0000e-01    9.236000e-01
      6.0010e-01    9.229240e-01
      6.0020e-01    9.222570e-01
      6.0030e-01    9.216000e-01
      6.0040e-01    9.209540e-01
      6.0050e-01    9.203210e-01
      6.0060e-01    9.197020e-01
      6.0070e-01    9.191000e-01
      6.0080e-01    9.185140e-01
      6.0090e-01    9.179470e-01
      6.0100e-01    9.174000e-01
      6.0110e-01    9.168740e-01
      6.0120e-01    9.163700e-01
      6.0130e-01    9.158870e-01
      6.0140e-01    9.154250e-01
      6.0150e-01    9.149850e-01
      6.0160e-01    9.145650e-01
      6.0170e-01    9.141670e-01
      6.0180e-01    9.137900e-01
      6.0190e-01    9.134350e-01
      6.0200e-01    9.131000e-01
      6.0210e-01    9.127860e-01
      6.0220e-01    9.124950e-01
      6.0230e-01    9.122250e-01
      6.0240e-01    9.119780e-01
      6.0250e-01    9.117530e-01
      6.0260e-01    9.115530e-01
      6.0270e-01    9.113770e-01
      6.0280e-01    9.112260e-01
      6.0290e-01    9.111000e-01
      6.0300e-01    9.110000e-01
      6.0310e-01    9.109260e-01
      6.0320e-01    9.108790e-01
      6.0330e-01    9.108570e-01
      6.0340e-01    9.108600e-01
      6.0350e-01    9.108890e-01
      6.0360e-01    9.109430e-01
      6.0370e-01    9.110210e-01
      6.0380e-01    9.111240e-01
      6.0390e-01    9.112500e-01
      6.0400e-01    9.114000e-01
      6.0410e-01    9.115740e-01
      6.0420e-01    9.117700e-01
      6.0430e-01    9.119910e-01
      6.0440e-01    9.122350e-01
      6.0450e-01    9.125030e-01
      6.0460e-01    9.127940e-01
      6.0470e-01    9.131100e-01
      6.0480e-01    9.134490e-01
      6.0490e-01    9.138120e-01
      6.0500e-01    9.142000e-01
      6.0510e-01    9.146120e-01
      6.0520e-01    9.150460e-01
      6.0530e-01    9.155020e-01
      6.0540e-01    9.159790e-01
      6.0550e-01    9.164750e-01
      6.0560e-01    9.169890e-01
      6.0570e-01    9.175200e-01
      6.0580e-01    9.180660e-01
      6.0590e-01    9.186270e-01
      6.0600e-01    9.192000e-01
      6.0610e-01    9.197850e-01
      6.0620e-01    9.203820e-01
      6.0630e-01    9.209890e-01
      6.0640e-01    9.216070e-01
      6.0650e-01    9.222340e-01
      6.0660e-01    9.228710e-01
      6.0670e-01    9.235160e-01
      6.0680e-01    9.241700e-01
      6.0690e-01    9.248310e-01
      6.0700e-01    9.255000e-01
      6.0710e-01    9.261750e-01
      6.0720e-01    9.268570e-01
      6.0730e-01    9.275450e-01
      6.0740e-01    9.282390e-01
      6.0750e-01    9.289380e-01
      6.0760e-01    9.296420e-01
      6.0770e-01    9.303500e-01
      6.0780e-01    9.310630e-01
      6.0790e-01    9.317800e-01
      6.0800e-01    9.325000e-01
      6.0810e-01    9.332240e-01
      6.0820e-01    9.339500e-01
      6.0830e-01    9.346780e-01
      6.0840e-01    9.354090e-01
      6.0850e-01    9.361400e-01
      6.0860e-01    9.368720e-01
      6.0870e-01    9.376050e-01
      6.0880e-01    9.383380e-01
      6.0890e-01    9.390690e-01
      6.0900e-01    9.398000e-01
      6.0910e-01    9.405290e-01
      6.0920e-01    9.412560e-01
      6.0930e-01    9.419790e-01
      6.0940e-01    9.426990e-01
      6.0950e-01    9.434150e-01
      6.0960e-01    9.441250e-01
      6.0970e-01    9.448290e-01
      6.0980e-01    9.455270e-01
      6.0990e-01    9.462180e-01
      6.1000e-01    9.469000e-01
      6.1010e-01    9.475740e-01
      6.1020e-01    9.482390e-01
      6.1030e-01    9.488940e-01
      6.1040e-01    9.495400e-01
      6.1050e-01    9.501770e-01
      6.1060e-01    9.508030e-01
      6.1070e-01    9.514180e-01
      6.1080e-01    9.520230e-01
      6.1090e-01    9.526170e-01
      6.1100e-01    9.532000e-01
      6.1110e-01    9.537710e-01
      6.1120e-01    9.543300e-01
      6.1130e-01    9.548760e-01
      6.1140e-01    9.554090e-01
      6.1150e-01    9.559280e-01
      6.1160e-01    9.564330e-01
      6.1170e-01    9.569240e-01
      6.1180e-01    9.573990e-01
      6.1190e-01    9.578570e-01
      6.1200e-01    9.583000e-01
      6.1210e-01    9.587260e-01
      6.1220e-01    9.591360e-01
      6.1230e-01    9.595320e-01
      6.1240e-01    9.599140e-01
      6.1250e-01    9.602840e-01
      6.1260e-01    9.606440e-01
      6.1270e-01    9.609940e-01
      6.1280e-01    9.613360e-01
      6.1290e-01    9.616710e-01
      6.1300e-01    9.620000e-01
      6.1310e-01    9.623240e-01
      6.1320e-01    9.626440e-01
      6.1330e-01    9.629590e-01
      6.1340e-01    9.632680e-01
      6.1350e-01    9.635720e-01
      6.1360e-01    9.638700e-01
      6.1370e-01    9.641620e-01
      6.1380e-01    9.644480e-01
      6.1390e-01    9.647270e-01
      6.1400e-01    9.650000e-01
      6.1410e-01    9.652660e-01
      6.1420e-01    9.655230e-01
      6.1430e-01    9.657730e-01
      6.1440e-01    9.660120e-01
      6.1450e-01    9.662410e-01
      6.1460e-01    9.664590e-01
      6.1470e-01    9.666650e-01
      6.1480e-01    9.668570e-01
      6.1490e-01    9.670360e-01
      6.1500e-01    9.672000e-01
      6.1510e-01    9.673490e-01
      6.1520e-01    9.674830e-01
      6.1530e-01    9.676040e-01
      6.1540e-01    9.677130e-01
      6.1550e-01    9.678130e-01
      6.1560e-01    9.679030e-01
      6.1570e-01    9.679850e-01
      6.1580e-01    9.680610e-01
      6.1590e-01    9.681330e-01
      6.1600e-01    9.682000e-01
      6.1610e-01    9.682650e-01
      6.1620e-01    9.683280e-01
      6.1630e-01    9.683890e-01
      6.1640e-01    9.684490e-01
      6.1650e-01    9.685080e-01
      6.1660e-01    9.685660e-01
      6.1670e-01    9.686240e-01
      6.1680e-01    9.686820e-01
      6.1690e-01    9.687410e-01
      6.1700e-01    9.688000e-01
      6.1710e-01    9.688600e-01
      6.1720e-01    9.689190e-01
      6.1730e-01    9.689770e-01
      6.1740e-01    9.690310e-01
      6.1750e-01    9.690810e-01
      6.1760e-01    9.691230e-01
      6.1770e-01    9.691580e-01
      6.1780e-01    9.691840e-01
      6.1790e-01    9.691980e-01
      6.1800e-01    9.692000e-01
      6.1810e-01    9.691880e-01
      6.1820e-01    9.691640e-01
      6.1830e-01    9.691290e-01
      6.1840e-01    9.690850e-01
      6.1850e-01    9.690320e-01
      6.1860e-01    9.689730e-01
      6.1870e-01    9.689090e-01
      6.1880e-01    9.688410e-01
      6.1890e-01    9.687710e-01
      6.1900e-01    9.687000e-01
      6.1910e-01    9.686300e-01
      6.1920e-01    9.685600e-01
      6.1930e-01    9.684910e-01
      6.1940e-01    9.684220e-01
      6.1950e-01    9.683530e-01
      6.1960e-01    9.682840e-01
      6.1970e-01    9.682140e-01
      6.1980e-01    9.681440e-01
      6.1990e-01    9.680720e-01
      6.2000e-01    9.680000e-01
      6.2010e-01    9.679260e-01
      6.2020e-01    9.678510e-01
      6.2030e-01    9.677730e-01
      6.2040e-01    9.676910e-01
      6.2050e-01    9.676060e-01
      6.2060e-01    9.675170e-01
      6.2070e-01    9.674220e-01
      6.2080e-01    9.673210e-01
      6.2090e-01    9.672140e-01
      6.2100e-01    9.671000e-01
      6.2110e-01    9.669780e-01
      6.2120e-01    9.668480e-01
      6.2130e-01    9.667100e-01
      6.2140e-01    9.665640e-01
      6.2150e-01    9.664090e-01
      6.2160e-01    9.662460e-01
      6.2170e-01    9.660730e-01
      6.2180e-01    9.658920e-01
      6.2190e-01    9.657010e-01
      6.2200e-01    9.655000e-01
      6.2210e-01    9.652900e-01
      6.2220e-01    9.650710e-01
      6.2230e-01    9.648440e-01
      6.2240e-01    9.646100e-01
      6.2250e-01    9.643690e-01
      6.2260e-01    9.641230e-01
      6.2270e-01    9.638720e-01
      6.2280e-01    9.636170e-01
      6.2290e-01    9.633600e-01
      6.2300e-01    9.631000e-01
      6.2310e-01    9.628390e-01
      6.2320e-01    9.625770e-01
      6.2330e-01    9.623140e-01
      6.2340e-01    9.620510e-01
      6.2350e-01    9.617890e-01
      6.2360e-01    9.615280e-01
      6.2370e-01    9.612680e-01
      6.2380e-01    9.610100e-01
      6.2390e-01    9.607540e-01
      6.2400e-01    9.605000e-01
      6.2410e-01    9.602490e-01
      6.2420e-01    9.600010e-01
      6.2430e-01    9.597540e-01
      6.2440e-01    9.595080e-01
      6.2450e-01    9.592610e-01
      6.2460e-01    9.590140e-01
      6.2470e-01    9.587650e-01
      6.2480e-01    9.585130e-01
      6.2490e-01    9.582590e-01
      6.2500e-01    9.580000e-01
      6.2510e-01    9.577370e-01
      6.2520e-01    9.574690e-01
      6.2530e-01    9.571970e-01
      6.2540e-01    9.569200e-01
      6.2550e-01    9.566410e-01
      6.2560e-01    9.563580e-01
      6.2570e-01    9.560720e-01
      6.2580e-01    9.557840e-01
      6.2590e-01    9.554930e-01
      6.2600e-01    9.552000e-01
      6.2610e-01    9.549060e-01
      6.2620e-01    9.546110e-01
      6.2630e-01    9.543170e-01
      6.2640e-01    9.540260e-01
      6.2650e-01    9.537380e-01
      6.2660e-01    9.534550e-01
      6.2670e-01    9.531780e-01
      6.2680e-01    9.529090e-01
      6.2690e-01    9.526500e-01
      6.2700e-01    9.524000e-01
      6.2710e-01    9.521620e-01
      6.2720e-01    9.519340e-01
      6.2730e-01    9.517170e-01
      6.2740e-01    9.515080e-01
      6.2750e-01    9.513080e-01
      6.2760e-01    9.511150e-01
      6.2770e-01    9.509290e-01
      6.2780e-01    9.507480e-01
      6.2790e-01    9.505720e-01
      6.2800e-01    9.504000e-01
      6.2810e-01    9.502310e-01
      6.2820e-01    9.500670e-01
      6.2830e-01    9.499070e-01
      6.2840e-01    9.497530e-01
      6.2850e-01    9.496060e-01
      6.2860e-01    9.494660e-01
      6.2870e-01    9.493350e-01
      6.2880e-01    9.492130e-01
      6.2890e-01    9.491010e-01
      6.2900e-01    9.490000e-01
      6.2910e-01    9.489110e-01
      6.2920e-01    9.488340e-01
      6.2930e-01    9.487680e-01
      6.2940e-01    9.487130e-01
      6.2950e-01    9.486690e-01
      6.2960e-01    9.486350e-01
      6.2970e-01    9.486120e-01
      6.2980e-01    9.485980e-01
      6.2990e-01    9.485940e-01
      6.3000e-01    9.486000e-01
      6.3010e-01    9.486150e-01
      6.3020e-01    9.486380e-01
      6.3030e-01    9.486700e-01
      6.3040e-01    9.487100e-01
      6.3050e-01    9.487570e-01
      6.3060e-01    9.488120e-01
      6.3070e-01    9.488740e-01
      6.3080e-01    9.489430e-01
      6.3090e-01    9.490190e-01
      6.3100e-01    9.491000e-01
      6.3110e-01    9.491870e-01
      6.3120e-01    9.492820e-01
      6.3130e-01    9.493840e-01
      6.3140e-01    9.494940e-01
      6.3150e-01    9.496150e-01
      6.3160e-01    9.497460e-01
      6.3170e-01    9.498900e-01
      6.3180e-01    9.500460e-01
      6.3190e-01    9.502150e-01
      6.3200e-01    9.504000e-01
      6.3210e-01    9.506000e-01
      6.3220e-01    9.508150e-01
      6.3230e-01    9.510420e-01
      6.3240e-01    9.512820e-01
      6.3250e-01    9.515330e-01
      6.3260e-01    9.517920e-01
      6.3270e-01    9.520600e-01
      6.3280e-01    9.523350e-01
      6.3290e-01    9.526150e-01
      6.3300e-01    9.529000e-01
      6.3310e-01    9.531880e-01
      6.3320e-01    9.534780e-01
      6.3330e-01    9.537720e-01
      6.3340e-01    9.540680e-01
      6.3350e-01    9.543670e-01
      6.3360e-01    9.546680e-01
      6.3370e-01    9.549730e-01
      6.3380e-01    9.552790e-01
      6.3390e-01    9.555880e-01
      6.3400e-01    9.559000e-01
      6.3410e-01    9.562140e-01
      6.3420e-01    9.565310e-01
      6.3430e-01    9.568500e-01
      6.3440e-01    9.571730e-01
      6.3450e-01    9.575000e-01
      6.3460e-01    9.578310e-01
      6.3470e-01    9.581660e-01
      6.3480e-01    9.585050e-01
      6.3490e-01    9.588500e-01
      6.3500e-01    9.592000e-01
      6.3510e-01    9.595550e-01
      6.3520e-01    9.599150e-01
      6.3530e-01    9.602780e-01
      6.3540e-01    9.606420e-01
      6.3550e-01    9.610070e-01
      6.3560e-01    9.613720e-01
      6.3570e-01    9.617350e-01
      6.3580e-01    9.620950e-01
      6.3590e-01    9.624500e-01
      6.3600e-01    9.628000e-01
      6.3610e-01    9.631430e-01
      6.3620e-01    9.634790e-01
      6.3630e-01    9.638060e-01
      6.3640e-01    9.641240e-01
      6.3650e-01    9.644320e-01
      6.3660e-01    9.647300e-01
      6.3670e-01    9.650160e-01
      6.3680e-01    9.652910e-01
      6.3690e-01    9.655520e-01
      6.3700e-01    9.658000e-01
      6.3710e-01    9.660340e-01
      6.3720e-01    9.662550e-01
      6.3730e-01    9.664660e-01
      6.3740e-01    9.666680e-01
      6.3750e-01    9.668630e-01
      6.3760e-01    9.670530e-01
      6.3770e-01    9.672400e-01
      6.3780e-01    9.674260e-01
      6.3790e-01    9.676120e-01
      6.3800e-01    9.678000e-01
      6.3810e-01    9.679920e-01
      6.3820e-01    9.681870e-01
      6.3830e-01    9.683840e-01
      6.3840e-01    9.685810e-01
      6.3850e-01    9.687770e-01
      6.3860e-01    9.689710e-01
      6.3870e-01    9.691610e-01
      6.3880e-01    9.693470e-01
      6.3890e-01    9.695270e-01
      6.3900e-01    9.697000e-01
      6.3910e-01    9.698640e-01
      6.3920e-01    9.700200e-01
      6.3930e-01    9.701660e-01
      6.3940e-01    9.703030e-01
      6.3950e-01    9.704300e-01
      6.3960e-01    9.705460e-01
      6.3970e-01    9.706510e-01
      6.3980e-01    9.707460e-01
      6.3990e-01    9.708290e-01
      6.4000e-01    9.709000e-01
      6.4010e-01    9.709590e-01
      6.4020e-01    9.710070e-01
      6.4030e-01    9.710440e-01
      6.4040e-01    9.710720e-01
      6.4050e-01    9.710920e-01
      6.4060e-01    9.711050e-01
      6.4070e-01    9.711110e-01
      6.4080e-01    9.711110e-01
      6.4090e-01    9.711070e-01
      6.4100e-01    9.711000e-01
      6.4110e-01    9.710900e-01
      6.4120e-01    9.710770e-01
      6.4130e-01    9.710620e-01
      6.4140e-01    9.710450e-01
      6.4150e-01    9.710260e-01
      6.4160e-01    9.710050e-01
      6.4170e-01    9.709810e-01
      6.4180e-01    9.709560e-01
      6.4190e-01    9.709290e-01
      6.4200e-01    9.709000e-01
      6.4210e-01    9.708690e-01
      6.4220e-01    9.708370e-01
      6.4230e-01    9.708030e-01
      6.4240e-01    9.707670e-01
      6.4250e-01    9.707290e-01
      6.4260e-01    9.706880e-01
      6.4270e-01    9.706450e-01
      6.4280e-01    9.706000e-01
      6.4290e-01    9.705510e-01
      6.4300e-01    9.705000e-01
      6.4310e-01    9.704460e-01
      6.4320e-01    9.703890e-01
      6.4330e-01    9.703310e-01
      6.4340e-01    9.702700e-01
      6.4350e-01    9.702090e-01
      6.4360e-01    9.701470e-01
      6.4370e-01    9.700840e-01
      6.4380e-01    9.700220e-01
      6.4390e-01    9.699600e-01
      6.4400e-01    9.699000e-01
      6.4410e-01    9.698410e-01
      6.4420e-01    9.697840e-01
      6.4430e-01    9.697280e-01
      6.4440e-01    9.696750e-01
      6.4450e-01    9.696230e-01
      6.4460e-01    9.695740e-01
      6.4470e-01    9.695270e-01
      6.4480e-01    9.694820e-01
      6.4490e-01    9.694400e-01
      6.4500e-01    9.694000e-01
      6.4510e-01    9.693630e-01
      6.4520e-01    9.693300e-01
      6.4530e-01    9.692990e-01
      6.4540e-01    9.692720e-01
      6.4550e-01    9.692490e-01
      6.4560e-01    9.692300e-01
      6.4570e-01    9.692160e-01
      6.4580e-01    9.692050e-01
      6.4590e-01    9.692000e-01
      6.4600e-01    9.692000e-01
      6.4610e-01    9.692050e-01
      6.4620e-01    9.692160e-01
      6.4630e-01    9.692320e-01
      6.4640e-01    9.692530e-01
      6.4650e-01    9.692800e-01
      6.4660e-01    9.693130e-01
      6.4670e-01    9.693510e-01
      6.4680e-01    9.693950e-01
      6.4690e-01    9.694450e-01
      6.4700e-01    9.695000e-01
      6.4710e-01    9.695610e-01
      6.4720e-01    9.696270e-01
      6.4730e-01    9.696990e-01
      6.4740e-01    9.697740e-01
      6.4750e-01    9.698540e-01
      6.4760e-01    9.699380e-01
      6.4770e-01    9.700240e-01
      6.4780e-01    9.701140e-01
      6.4790e-01    9.702060e-01
      6.4800e-01    9.703000e-01
      6.4810e-01    9.703960e-01
      6.4820e-01    9.704920e-01
      6.4830e-01    9.705910e-01
      6.4840e-01    9.706900e-01
      6.4850e-01    9.707900e-01
      6.4860e-01    9.708910e-01
      6.4870e-01    9.709930e-01
      6.4880e-01    9.710950e-01
      6.4890e-01    9.711970e-01
      6.4900e-01    9.713000e-01
      6.4910e-01    9.714030e-01
      6.4920e-01    9.715060e-01
      6.4930e-01    9.716100e-01
      6.4940e-01    9.717150e-01
      6.4950e-01    9.718230e-01
      6.4960e-01    9.719320e-01
      6.4970e-01    9.720440e-01
      6.4980e-01    9.721590e-01
      6.4990e-01    9.722770e-01
      6.5000e-01    9.724000e-01
      6.5010e-01    9.725270e-01
      6.5020e-01    9.726570e-01
      6.5030e-01    9.727920e-01
      6.5040e-01    9.729290e-01
      6.5050e-01    9.730690e-01
      6.5060e-01    9.732120e-01
      6.5070e-01    9.733570e-01
      6.5080e-01    9.735030e-01
      6.5090e-01    9.736510e-01
      6.5100e-01    9.738000e-01
      6.5110e-01    9.739490e-01
      6.5120e-01    9.740970e-01
      6.5130e-01    9.742440e-01
      6.5140e-01    9.743870e-01
      6.5150e-01    9.745250e-01
      6.5160e-01    9.746570e-01
      6.5170e-01    9.747820e-01
      6.5180e-01    9.748980e-01
      6.5190e-01    9.750050e-01
      6.5200e-01    9.751000e-01
      6.5210e-01    9.751830e-01
      6.5220e-01    9.752550e-01
      6.5230e-01    9.753180e-01
      6.5240e-01    9.753720e-01
      6.5250e-01    9.754190e-01
      6.5260e-01    9.754600e-01
      6.5270e-01    9.754980e-01
      6.5280e-01    9.755330e-01
      6.5290e-01    9.755660e-01
      6.5300e-01    9.756000e-01
      6.5310e-01    9.756350e-01
      6.5320e-01    9.756710e-01
      6.5330e-01    9.757060e-01
      6.5340e-01    9.757410e-01
      6.5350e-01    9.757750e-01
      6.5360e-01    9.758070e-01
      6.5370e-01    9.758360e-01
      6.5380e-01    9.758620e-01
      6.5390e-01    9.758830e-01
      6.5400e-01    9.759000e-01
      6.5410e-01    9.759110e-01
      6.5420e-01    9.759150e-01
      6.5430e-01    9.759120e-01
      6.5440e-01    9.759010e-01
      6.5450e-01    9.758800e-01
      6.5460e-01    9.758490e-01
      6.5470e-01    9.758060e-01
      6.5480e-01    9.757510e-01
      6.5490e-01    9.756830e-01
      6.5500e-01    9.756000e-01
      6.5510e-01    9.755030e-01
      6.5520e-01    9.753920e-01
      6.5530e-01    9.752710e-01
      6.5540e-01    9.751410e-01
      6.5550e-01    9.750040e-01
      6.5560e-01    9.748640e-01
      6.5570e-01    9.747210e-01
      6.5580e-01    9.745770e-01
      6.5590e-01    9.744370e-01
      6.5600e-01    9.743000e-01
      6.5610e-01    9.741690e-01
      6.5620e-01    9.740430e-01
      6.5630e-01    9.739210e-01
      6.5640e-01    9.737990e-01
      6.5650e-01    9.736770e-01
      6.5660e-01    9.735530e-01
      6.5670e-01    9.734250e-01
      6.5680e-01    9.732910e-01
      6.5690e-01    9.731500e-01
      6.5700e-01    9.730000e-01
      6.5710e-01    9.728390e-01
      6.5720e-01    9.726690e-01
      6.5730e-01    9.724910e-01
      6.5740e-01    9.723040e-01
      6.5750e-01    9.721120e-01
      6.5760e-01    9.719150e-01
      6.5770e-01    9.717140e-01
      6.5780e-01    9.715100e-01
      6.5790e-01    9.713050e-01
      6.5800e-01    9.711000e-01
      6.5810e-01    9.708950e-01
      6.5820e-01    9.706920e-01
      6.5830e-01    9.704890e-01
      6.5840e-01    9.702870e-01
      6.5850e-01    9.700870e-01
      6.5860e-01    9.698870e-01
      6.5870e-01    9.696880e-01
      6.5880e-01    9.694910e-01
      6.5890e-01    9.692950e-01
      6.5900e-01    9.691000e-01
      6.5910e-01    9.689060e-01
      6.5920e-01    9.687140e-01
      6.5930e-01    9.685220e-01
      6.5940e-01    9.683320e-01
      6.5950e-01    9.681420e-01
      6.5960e-01    9.679530e-01
      6.5970e-01    9.677640e-01
      6.5980e-01    9.675760e-01
      6.5990e-01    9.673880e-01
      6.6000e-01    9.672000e-01
      6.6010e-01    9.670120e-01
      6.6020e-01    9.668250e-01
      6.6030e-01    9.666390e-01
      6.6040e-01    9.664550e-01
      6.6050e-01    9.662720e-01
      6.6060e-01    9.660910e-01
      6.6070e-01    9.659130e-01
      6.6080e-01    9.657380e-01
      6.6090e-01    9.655670e-01
      6.6100e-01    9.654000e-01
      6.6110e-01    9.652370e-01
      6.6120e-01    9.650780e-01
      6.6130e-01    9.649230e-01
      6.6140e-01    9.647710e-01
      6.6150e-01    9.646210e-01
      6.6160e-01    9.644740e-01
      6.6170e-01    9.643290e-01
      6.6180e-01    9.641850e-01
      6.6190e-01    9.640420e-01
      6.6200e-01    9.639000e-01
      6.6210e-01    9.637580e-01
      6.6220e-01    9.636180e-01
      6.6230e-01    9.634830e-01
      6.6240e-01    9.633530e-01
      6.6250e-01    9.632300e-01
      6.6260e-01    9.631170e-01
      6.6270e-01    9.630160e-01
      6.6280e-01    9.629280e-01
      6.6290e-01    9.628560e-01
      6.6300e-01    9.628000e-01
      6.6310e-01    9.627630e-01
      6.6320e-01    9.627430e-01
      6.6330e-01    9.627390e-01
      6.6340e-01    9.627480e-01
      6.6350e-01    9.627700e-01
      6.6360e-01    9.628020e-01
      6.6370e-01    9.628430e-01
      6.6380e-01    9.628910e-01
      6.6390e-01    9.629440e-01
      6.6400e-01    9.630000e-01
      6.6410e-01    9.630580e-01
      6.6420e-01    9.631180e-01
      6.6430e-01    9.631790e-01
      6.6440e-01    9.632400e-01
      6.6450e-01    9.633010e-01
      6.6460e-01    9.633630e-01
      6.6470e-01    9.634240e-01
      6.6480e-01    9.634840e-01
      6.6490e-01    9.635430e-01
      6.6500e-01    9.636000e-01
      6.6510e-01    9.636560e-01
      6.6520e-01    9.637110e-01
      6.6530e-01    9.637670e-01
      6.6540e-01    9.638250e-01
      6.6550e-01    9.638870e-01
      6.6560e-01    9.639540e-01
      6.6570e-01    9.640270e-01
      6.6580e-01    9.641090e-01
      6.6590e-01    9.641990e-01
      6.6600e-01    9.643000e-01
      6.6610e-01    9.644130e-01
      6.6620e-01    9.645350e-01
      6.6630e-01    9.646670e-01
      6.6640e-01    9.648060e-01
      6.6650e-01    9.649500e-01
      6.6660e-01    9.650990e-01
      6.6670e-01    9.652500e-01
      6.6680e-01    9.654010e-01
      6.6690e-01    9.655520e-01
      6.6700e-01    9.657000e-01
      6.6710e-01    9.658450e-01
      6.6720e-01    9.659870e-01
      6.6730e-01    9.661270e-01
      6.6740e-01    9.662680e-01
      6.6750e-01    9.664110e-01
      6.6760e-01    9.665570e-01
      6.6770e-01    9.667070e-01
      6.6780e-01    9.668640e-01
      6.6790e-01    9.670270e-01
      6.6800e-01    9.672000e-01
      6.6810e-01    9.673830e-01
      6.6820e-01    9.675740e-01
      6.6830e-01    9.677740e-01
      6.6840e-01    9.679810e-01
      6.6850e-01    9.681930e-01
      6.6860e-01    9.684100e-01
      6.6870e-01    9.686300e-01
      6.6880e-01    9.688530e-01
      6.6890e-01    9.690760e-01
      6.6900e-01    9.693000e-01
      6.6910e-01    9.695230e-01
      6.6920e-01    9.697440e-01
      6.6930e-01    9.699630e-01
      6.6940e-01    9.701790e-01
      6.6950e-01    9.703930e-01
      6.6960e-01    9.706030e-01
      6.6970e-01    9.708090e-01
      6.6980e-01    9.710110e-01
      6.6990e-01    9.712080e-01
      6.7000e-01    9.714000e-01
      6.7010e-01    9.715860e-01
      6.7020e-01    9.717670e-01
      6.7030e-01    9.719440e-01
      6.7040e-01    9.721160e-01
      6.7050e-01    9.722850e-01
      6.7060e-01    9.724510e-01
      6.7070e-01    9.726150e-01
      6.7080e-01    9.727780e-01
      6.7090e-01    9.729390e-01
      6.7100e-01    9.731000e-01
      6.7110e-01    9.732610e-01
      6.7120e-01    9.734210e-01
      6.7130e-01    9.735800e-01
      6.7140e-01    9.737370e-01
      6.7150e-01    9.738920e-01
      6.7160e-01    9.740430e-01
      6.7170e-01    9.741900e-01
      6.7180e-01    9.743320e-01
      6.7190e-01    9.744690e-01
      6.7200e-01    9.746000e-01
      6.7210e-01    9.747240e-01
      6.7220e-01    9.748420e-01
      6.7230e-01    9.749540e-01
      6.7240e-01    9.750600e-01
      6.7250e-01    9.751610e-01
      6.7260e-01    9.752570e-01
      6.7270e-01    9.753480e-01
      6.7280e-01    9.754360e-01
      6.7290e-01    9.755200e-01
      6.7300e-01    9.756000e-01
      6.7310e-01    9.756770e-01
      6.7320e-01    9.757520e-01
      6.7330e-01    9.758220e-01
      6.7340e-01    9.758890e-01
      6.7350e-01    9.759530e-01
      6.7360e-01    9.760110e-01
      6.7370e-01    9.760660e-01
      6.7380e-01    9.761160e-01
      6.7390e-01    9.761600e-01
      6.7400e-01    9.762000e-01
      6.7410e-01    9.762340e-01
      6.7420e-01    9.762630e-01
      6.7430e-01    9.762860e-01
      6.7440e-01    9.763040e-01
      6.7450e-01    9.763170e-01
      6.7460e-01    9.763240e-01
      6.7470e-01    9.763260e-01
      6.7480e-01    9.763220e-01
      6.7490e-01    9.763140e-01
      6.7500e-01    9.763000e-01
      6.7510e-01    9.762810e-01
      6.7520e-01    9.762570e-01
      6.7530e-01    9.762280e-01
      6.7540e-01    9.761940e-01
      6.7550e-01    9.761560e-01
      6.7560e-01    9.761130e-01
      6.7570e-01    9.760660e-01
      6.7580e-01    9.760150e-01
      6.7590e-01    9.759590e-01
      6.7600e-01    9.759000e-01
      6.7610e-01    9.758370e-01
      6.7620e-01    9.757710e-01
      6.7630e-01    9.757020e-01
      6.7640e-01    9.756310e-01
      6.7650e-01    9.755590e-01
      6.7660e-01    9.754860e-01
      6.7670e-01    9.754130e-01
      6.7680e-01    9.753410e-01
      6.7690e-01    9.752700e-01
      6.7700e-01    9.752000e-01
      6.7710e-01    9.751320e-01
      6.7720e-01    9.750660e-01
      6.7730e-01    9.749990e-01
      6.7740e-01    9.749300e-01
      6.7750e-01    9.748580e-01
      6.7760e-01    9.747810e-01
      6.7770e-01    9.746980e-01
      6.7780e-01    9.746080e-01
      6.7790e-01    9.745090e-01
      6.7800e-01    9.744000e-01
      6.7810e-01    9.742800e-01
      6.7820e-01    9.741490e-01
      6.7830e-01    9.740080e-01
      6.7840e-01    9.738570e-01
      6.7850e-01    9.736980e-01
      6.7860e-01    9.735310e-01
      6.7870e-01    9.733570e-01
      6.7880e-01    9.731770e-01
      6.7890e-01    9.729910e-01
      6.7900e-01    9.728000e-01
      6.7910e-01    9.726050e-01
      6.7920e-01    9.724050e-01
      6.7930e-01    9.722000e-01
      6.7940e-01    9.719900e-01
      6.7950e-01    9.717750e-01
      6.7960e-01    9.715530e-01
      6.7970e-01    9.713250e-01
      6.7980e-01    9.710910e-01
      6.7990e-01    9.708490e-01
      6.8000e-01    9.706000e-01
      6.8010e-01    9.703430e-01
      6.8020e-01    9.700770e-01
      6.8030e-01    9.698010e-01
      6.8040e-01    9.695140e-01
      6.8050e-01    9.692160e-01
      6.8060e-01    9.689030e-01
      6.8070e-01    9.685770e-01
      6.8080e-01    9.682350e-01
      6.8090e-01    9.678760e-01
      6.8100e-01    9.675000e-01
      6.8110e-01    9.671050e-01
      6.8120e-01    9.666910e-01
      6.8130e-01    9.662570e-01
      6.8140e-01    9.658020e-01
      6.8150e-01    9.653260e-01
      6.8160e-01    9.648270e-01
      6.8170e-01    9.643060e-01
      6.8180e-01    9.637620e-01
      6.8190e-01    9.631930e-01
      6.8200e-01    9.626000e-01
      6.8210e-01    9.619810e-01
      6.8220e-01    9.613370e-01
      6.8230e-01    9.606670e-01
      6.8240e-01    9.599690e-01
      6.8250e-01    9.592450e-01
      6.8260e-01    9.584930e-01
      6.8270e-01    9.577130e-01
      6.8280e-01    9.569040e-01
      6.8290e-01    9.560670e-01
      6.8300e-01    9.552000e-01
      6.8310e-01    9.543030e-01
      6.8320e-01    9.533740e-01
      6.8330e-01    9.524100e-01
      6.8340e-01    9.514100e-01
      6.8350e-01    9.503700e-01
      6.8360e-01    9.492890e-01
      6.8370e-01    9.481630e-01
      6.8380e-01    9.469920e-01
      6.8390e-01    9.457710e-01
      6.8400e-01    9.445000e-01
      6.8410e-01    9.431750e-01
      6.8420e-01    9.417970e-01
      6.8430e-01    9.403620e-01
      6.8440e-01    9.388720e-01
      6.8450e-01    9.373250e-01
      6.8460e-01    9.357190e-01
      6.8470e-01    9.340550e-01
      6.8480e-01    9.323310e-01
      6.8490e-01    9.305460e-01
      6.8500e-01    9.287000e-01
      6.8510e-01    9.267910e-01
      6.8520e-01    9.248200e-01
      6.8530e-01    9.227860e-01
      6.8540e-01    9.206900e-01
      6.8550e-01    9.185310e-01
      6.8560e-01    9.163090e-01
      6.8570e-01    9.140260e-01
      6.8580e-01    9.116800e-01
      6.8590e-01    9.092710e-01
      6.8600e-01    9.068000e-01
      6.8610e-01    9.042660e-01
      6.8620e-01    9.016680e-01
      6.8630e-01    8.990030e-01
      6.8640e-01    8.962700e-01
      6.8650e-01    8.934650e-01
      6.8660e-01    8.905870e-01
      6.8670e-01    8.876340e-01
      6.8680e-01    8.846030e-01
      6.8690e-01    8.814920e-01
      6.8700e-01    8.783000e-01
      6.8710e-01    8.750240e-01
      6.8720e-01    8.716610e-01
      6.8730e-01    8.682100e-01
      6.8740e-01    8.646680e-01
      6.8750e-01    8.610340e-01
      6.8760e-01    8.573060e-01
      6.8770e-01    8.534800e-01
      6.8780e-01    8.495550e-01
      6.8790e-01    8.455290e-01
      6.8800e-01    8.414000e-01
      6.8810e-01    8.371660e-01
      6.8820e-01    8.328300e-01
      6.8830e-01    8.283960e-01
      6.8840e-01    8.238670e-01
      6.8850e-01    8.192470e-01
      6.8860e-01    8.145390e-01
      6.8870e-01    8.097470e-01
      6.8880e-01    8.048740e-01
      6.8890e-01    7.999240e-01
      6.8900e-01    7.949000e-01
      6.8910e-01    7.898060e-01
      6.8920e-01    7.846410e-01
      6.8930e-01    7.794060e-01
      6.8940e-01    7.741020e-01
      6.8950e-01    7.687270e-01
      6.8960e-01    7.632820e-01
      6.8970e-01    7.577670e-01
      6.8980e-01    7.521810e-01
      6.8990e-01    7.465260e-01
      6.9000e-01    7.408000e-01
      6.9010e-01    7.350040e-01
      6.9020e-01    7.291410e-01
      6.9030e-01    7.232100e-01
      6.9040e-01    7.172150e-01
      6.9050e-01    7.111580e-01
      6.9060e-01    7.050400e-01
      6.9070e-01    6.988640e-01
      6.9080e-01    6.926300e-01
      6.9090e-01    6.863420e-01
      6.9100e-01    6.800000e-01
      6.9110e-01    6.736080e-01
      6.9120e-01    6.671700e-01
      6.9130e-01    6.606900e-01
      6.9140e-01    6.541750e-01
      6.9150e-01    6.476280e-01
      6.9160e-01    6.410550e-01
      6.9170e-01    6.344610e-01
      6.9180e-01    6.278500e-01
      6.9190e-01    6.212280e-01
      6.9200e-01    6.146000e-01
      6.9210e-01    6.079700e-01
      6.9220e-01    6.013380e-01
      6.9230e-01    5.947060e-01
      6.9240e-01    5.880740e-01
      6.9250e-01    5.814420e-01
      6.9260e-01    5.748110e-01
      6.9270e-01    5.681810e-01
      6.9280e-01    5.615520e-01
      6.9290e-01    5.549250e-01
      6.9300e-01    5.483000e-01
      6.9310e-01    5.416780e-01
      6.9320e-01    5.350600e-01
      6.9330e-01    5.284460e-01
      6.9340e-01    5.218390e-01
      6.9350e-01    5.152400e-01
      6.9360e-01    5.086490e-01
      6.9370e-01    5.020690e-01
      6.9380e-01    4.955000e-01
      6.9390e-01    4.889430e-01
      6.9400e-01    4.824000e-01
      6.9410e-01    4.758730e-01
      6.9420e-01    4.693640e-01
      6.9430e-01    4.628800e-01
      6.9440e-01    4.564230e-01
      6.9450e-01    4.499980e-01
      6.9460e-01    4.436090e-01
      6.9470e-01    4.372610e-01
      6.9480e-01    4.309570e-01
      6.9490e-01    4.247020e-01
      6.9500e-01    4.185000e-01
      6.9510e-01    4.123550e-01
      6.9520e-01    4.062670e-01
      6.9530e-01    4.002380e-01
      6.9540e-01    3.942670e-01
      6.9550e-01    3.883560e-01
      6.9560e-01    3.825040e-01
      6.9570e-01    3.767120e-01
      6.9580e-01    3.709800e-01
      6.9590e-01    3.653100e-01
      6.9600e-01    3.597000e-01
      6.9610e-01    3.541520e-01
      6.9620e-01    3.486650e-01
      6.9630e-01    3.432390e-01
      6.9640e-01    3.378730e-01
      6.9650e-01    3.325660e-01
      6.9660e-01    3.273180e-01
      6.9670e-01    3.221270e-01
      6.9680e-01    3.169950e-01
      6.9690e-01    3.119190e-01
      6.9700e-01    3.069000e-01
      6.9710e-01    3.019370e-01
      6.9720e-01    2.970300e-01
      6.9730e-01    2.921800e-01
      6.9740e-01    2.873890e-01
      6.9750e-01    2.826560e-01
      6.9760e-01    2.779830e-01
      6.9770e-01    2.733700e-01
      6.9780e-01    2.688180e-01
      6.9790e-01    2.643280e-01
      6.9800e-01    2.599000e-01
      6.9810e-01    2.555360e-01
      6.9820e-01    2.512340e-01
      6.9830e-01    2.469970e-01
      6.9840e-01    2.428220e-01
      6.9850e-01    2.387100e-01
      6.9860e-01    2.346620e-01
      6.9870e-01    2.306770e-01
      6.9880e-01    2.267550e-01
      6.9890e-01    2.228960e-01
      6.9900e-01    2.191000e-01
      6.9910e-01    2.153670e-01
      6.9920e-01    2.116950e-01
      6.9930e-01    2.080820e-01
      6.9940e-01    2.045270e-01
      6.9950e-01    2.010270e-01
      6.9960e-01    1.975820e-01
      6.9970e-01    1.941880e-01
      6.9980e-01    1.908440e-01
      6.9990e-01    1.875490e-01
      7.0000e-01    1.843000e-01
      7.0010e-01    1.810960e-01
      7.0020e-01    1.779370e-01
      7.0030e-01    1.748230e-01
      7.0040e-01    1.717530e-01
      7.0050e-01    1.687300e-01
      7.0060e-01    1.657520e-01
      7.0070e-01    1.628200e-01
      7.0080e-01    1.599330e-01
      7.0090e-01    1.570940e-01
      7.0100e-01    1.543000e-01
      7.0110e-01    1.515530e-01
      7.0120e-01    1.488530e-01
      7.0130e-01    1.461980e-01
      7.0140e-01    1.435900e-01
      7.0150e-01    1.410280e-01
      7.0160e-01    1.385120e-01
      7.0170e-01    1.360410e-01
      7.0180e-01    1.336150e-01
      7.0190e-01    1.312350e-01
      7.0200e-01    1.289000e-01
      7.0210e-01    1.266100e-01
      7.0220e-01    1.243630e-01
      7.0230e-01    1.221580e-01
      7.0240e-01    1.199940e-01
      7.0250e-01    1.178700e-01
      7.0260e-01    1.157850e-01
      7.0270e-01    1.137360e-01
      7.0280e-01    1.117230e-01
      7.0290e-01    1.097450e-01
      7.0300e-01    1.078000e-01
      7.0310e-01    1.058870e-01
      7.0320e-01    1.040060e-01
      7.0330e-01    1.021560e-01
      7.0340e-01    1.003370e-01
      7.0350e-01    9.855000e-02
      7.0360e-01    9.679300e-02
      7.0370e-01    9.506700e-02
      7.0380e-01    9.337100e-02
      7.0390e-01    9.170600e-02
      7.0400e-01    9.007000e-02
      7.0410e-01    8.846400e-02
      7.0420e-01    8.688700e-02
      7.0430e-01    8.534000e-02
      7.0440e-01    8.382200e-02
      7.0450e-01    8.233200e-02
      7.0460e-01    8.087000e-02
      7.0470e-01    7.943600e-02
      7.0480e-01    7.803000e-02
      7.0490e-01    7.665100e-02
      7.0500e-01    7.530000e-02
      7.0510e-01    7.397500e-02
      7.0520e-01    7.267600e-02
      7.0530e-01    7.140300e-02
      7.0540e-01    7.015300e-02
      7.0550e-01    6.892700e-02
      7.0560e-01    6.772200e-02
      7.0570e-01    6.654000e-02
      7.0580e-01    6.537700e-02
      7.0590e-01    6.423400e-02
      7.0600e-01    6.311000e-02
      7.0610e-01    6.200400e-02
      7.0620e-01    6.091500e-02
      7.0630e-01    5.984400e-02
      7.0640e-01    5.879200e-02
      7.0650e-01    5.775700e-02
      7.0660e-01    5.674100e-02
      7.0670e-01    5.574300e-02
      7.0680e-01    5.476300e-02
      7.0690e-01    5.380200e-02
      7.0700e-01    5.286000e-02
      7.0710e-01    5.193600e-02
      7.0720e-01    5.103100e-02
      7.0730e-01    5.014300e-02
      7.0740e-01    4.927300e-02
      7.0750e-01    4.842000e-02
      7.0760e-01    4.758300e-02
      7.0770e-01    4.676200e-02
      7.0780e-01    4.595600e-02
      7.0790e-01    4.516600e-02
      7.0800e-01    4.439000e-02
      7.0810e-01    4.362800e-02
      7.0820e-01    4.288000e-02
      7.0830e-01    4.214600e-02
      7.0840e-01    4.142400e-02
      7.0850e-01    4.071500e-02
      7.0860e-01    4.001900e-02
      7.0870e-01    3.933400e-02
      7.0880e-01    3.866200e-02
      7.0890e-01    3.800000e-02
      7.0900e-01    3.735000e-02
      7.0910e-01    3.671000e-02
      7.0920e-01    3.608200e-02
      7.0930e-01    3.546300e-02
      7.0940e-01    3.485600e-02
      7.0950e-01    3.425900e-02
      7.0960e-01    3.367200e-02
      7.0970e-01    3.309600e-02
      7.0980e-01    3.253000e-02
      7.0990e-01    3.197500e-02
      7.1000e-01    3.143000e-02
      7.1010e-01    3.089500e-02
      7.1020e-01    3.037100e-02
      7.1030e-01    2.985700e-02
      7.1040e-01    2.935200e-02
      7.1050e-01    2.885700e-02
      7.1060e-01    2.837100e-02
      7.1070e-01    2.789500e-02
      7.1080e-01    2.742800e-02
      7.1090e-01    2.697000e-02
      7.1100e-01    2.652000e-02
      7.1110e-01    2.607900e-02
      7.1120e-01    2.564600e-02
      7.1130e-01    2.522200e-02
      7.1140e-01    2.480500e-02
      7.1150e-01    2.439600e-02
      7.1160e-01    2.399400e-02
      7.1170e-01    2.360000e-02
      7.1180e-01    2.321300e-02
      7.1190e-01    2.283300e-02
      7.1200e-01    2.246000e-02
      7.1210e-01    2.209300e-02
      7.1220e-01    2.173300e-02
      7.1230e-01    2.137900e-02
      7.1240e-01    2.103000e-02
      7.1250e-01    2.068800e-02
      7.1260e-01    2.035200e-02
      7.1270e-01    2.002100e-02
      7.1280e-01    1.969500e-02
      7.1290e-01    1.937500e-02
      7.1300e-01    1.906000e-02
      7.1310e-01    1.875000e-02
      7.1320e-01    1.844500e-02
      7.1330e-01    1.814500e-02
      7.1340e-01    1.785000e-02
      7.1350e-01    1.756000e-02
      7.1360e-01    1.727500e-02
      7.1370e-01    1.699600e-02
      7.1380e-01    1.672200e-02
      7.1390e-01    1.645300e-02
      7.1400e-01    1.619000e-02
      7.1410e-01    1.593200e-02
      7.1420e-01    1.567900e-02
      7.1430e-01    1.543200e-02
      7.1440e-01    1.518900e-02
      7.1450e-01    1.495000e-02
      7.1460e-01    1.471600e-02
      7.1470e-01    1.448600e-02
      7.1480e-01    1.426100e-02
      7.1490e-01    1.403900e-02
      7.1500e-01    1.382000e-02
      7.1510e-01    1.360500e-02
      7.1520e-01    1.339300e-02
      7.1530e-01    1.318400e-02
      7.1540e-01    1.297900e-02
      7.1550e-01    1.277600e-02
      7.1560e-01    1.257700e-02
      7.1570e-01    1.238100e-02
      7.1580e-01    1.218800e-02
      7.1590e-01    1.199700e-02
      7.1600e-01    1.181000e-02
      7.1610e-01    1.162500e-02
      7.1620e-01    1.144400e-02
      7.1630e-01    1.126500e-02
      7.1640e-01    1.108900e-02
      7.1650e-01    1.091600e-02
      7.1660e-01    1.074700e-02
      7.1670e-01    1.058000e-02
      7.1680e-01    1.041700e-02
      7.1690e-01    1.025700e-02
      7.1700e-01    1.010000e-02
      7.1710e-01    9.947000e-03
      7.1720e-01    9.796000e-03
      7.1730e-01    9.649000e-03
      7.1740e-01    9.505000e-03
      7.1750e-01    9.364000e-03
      7.1760e-01    9.226000e-03
      7.1770e-01    9.090000e-03
      7.1780e-01    8.957000e-03
      7.1790e-01    8.826000e-03
      7.1800e-01    8.698000e-03
      7.1810e-01    8.572000e-03
      7.1820e-01    8.448000e-03
      7.1830e-01    8.326000e-03
      7.1840e-01    8.207000e-03
      7.1850e-01    8.089000e-03
      7.1860e-01    7.973000e-03
      7.1870e-01    7.858000e-03
      7.1880e-01    7.745000e-03
      7.1890e-01    7.633000e-03
      7.1900e-01    7.523000e-03
      7.1910e-01    7.414000e-03
      7.1920e-01    7.306000e-03
      7.1930e-01    7.200000e-03
      7.1940e-01    7.095000e-03
      7.1950e-01    6.992000e-03
      7.1960e-01    6.890000e-03
      7.1970e-01    6.790000e-03
      7.1980e-01    6.691000e-03
      7.1990e-01    6.595000e-03
      7.2000e-01    6.500000e-03
      7.2010e-01    6.407000e-03
      7.2020e-01    6.316000e-03
      7.2030e-01    6.227000e-03
      7.2040e-01    6.140000e-03
      7.2050e-01    6.054000e-03
      7.2060e-01    5.970000e-03
      7.2070e-01    5.887000e-03
      7.2080e-01    5.806000e-03
      7.2090e-01    5.725000e-03
      7.2100e-01    5.646000e-03
      7.2110e-01    5.568000e-03
      7.2120e-01    5.491000e-03
      7.2130e-01    5.415000e-03
      7.2140e-01    5.340000e-03
      7.2150e-01    5.266000e-03
      7.2160e-01    5.193000e-03
      7.2170e-01    5.121000e-03
      7.2180e-01    5.051000e-03
      7.2190e-01    4.981000e-03
      7.2200e-01    4.913000e-03
      7.2210e-01    4.846000e-03
      7.2220e-01    4.780000e-03
      7.2230e-01    4.715000e-03
      7.2240e-01    4.651000e-03
      7.2250e-01    4.589000e-03
      7.2260e-01    4.527000e-03
      7.2270e-01    4.466000e-03
      7.2280e-01    4.406000e-03
      7.2290e-01    4.347000e-03
      7.2300e-01    4.288000e-03
      7.2310e-01    4.230000e-03
      7.2320e-01    4.173000e-03
      7.2330e-01    4.117000e-03
      7.2340e-01    4.061000e-03
      7.2350e-01    4.006000e-03
      7.2360e-01    3.951000e-03
      7.2370e-01    3.897000e-03
      7.2380e-01    3.843000e-03
      7.2390e-01    3.790000e-03
      7.2400e-01    3.738000e-03
      7.2410e-01    3.686000e-03
      7.2420e-01    3.635000e-03
      7.2430e-01    3.584000e-03
      7.2440e-01    3.534000e-03
      7.2450e-01    3.484000e-03
      7.2460e-01    3.436000e-03
      7.2470e-01    3.388000e-03
      7.2480e-01    3.341000e-03
      7.2490e-01    3.295000e-03
      7.2500e-01    3.250000e-03
      7.2510e-01    3.206000e-03
      7.2520e-01    3.163000e-03
      7.2530e-01    3.121000e-03
      7.2540e-01    3.080000e-03
      7.2550e-01    3.040000e-03
      7.2560e-01    3.001000e-03
      7.2570e-01    2.962000e-03
      7.2580e-01    2.925000e-03
      7.2590e-01    2.889000e-03
      7.2600e-01    2.853000e-03
      7.2610e-01    2.818000e-03
      7.2620e-01    2.784000e-03
      7.2630e-01    2.751000e-03
      7.2640e-01    2.718000e-03
      7.2650e-01    2.686000e-03
      7.2660e-01    2.655000e-03
      7.2670e-01    2.624000e-03
      7.2680e-01    2.593000e-03
      7.2690e-01    2.563000e-03
      7.2700e-01    2.533000e-03
      7.2710e-01    2.503000e-03
      7.2720e-01    2.474000e-03
      7.2730e-01    2.445000e-03
      7.2740e-01    2.416000e-03
      7.2750e-01    2.387000e-03
      7.2760e-01    2.358000e-03
      7.2770e-01    2.329000e-03
      7.2780e-01    2.301000e-03
      7.2790e-01    2.272000e-03
      7.2800e-01    2.243000e-03
      7.2810e-01    2.214000e-03
      7.2820e-01    2.185000e-03
      7.2830e-01    2.157000e-03
      7.2840e-01    2.128000e-03
      7.2850e-01    2.100000e-03
      7.2860e-01    2.072000e-03
      7.2870e-01    2.045000e-03
      7.2880e-01    2.019000e-03
      7.2890e-01    1.993000e-03
      7.2900e-01    1.968000e-03
      7.2910e-01    1.944000e-03
      7.2920e-01    1.921000e-03
      7.2930e-01    1.899000e-03
      7.2940e-01    1.877000e-03
      7.2950e-01    1.856000e-03
      7.2960e-01    1.836000e-03
      7.2970e-01    1.815000e-03
      7.2980e-01    1.795000e-03
      7.2990e-01    1.775000e-03
      7.3000e-01    1.755000e-03
      7.3010e-01    1.735000e-03
      7.3020e-01    1.714000e-03
      7.3030e-01    1.694000e-03
      7.3040e-01    1.674000e-03
      7.3050e-01    1.654000e-03
      7.3060e-01    1.634000e-03
      7.3070e-01    1.614000e-03
      7.3080e-01    1.594000e-03
      7.3090e-01    1.575000e-03
      7.3100e-01    1.556000e-03
      7.3110e-01    1.538000e-03
      7.3120e-01    1.520000e-03
      7.3130e-01    1.502000e-03
      7.3140e-01    1.485000e-03
      7.3150e-01    1.468000e-03
      7.3160e-01    1.451000e-03
      7.3170e-01    1.435000e-03
      7.3180e-01    1.420000e-03
      7.3190e-01    1.404000e-03
      7.3200e-01    1.389000e-03
      7.3210e-01    1.374000e-03
      7.3220e-01    1.360000e-03
      7.3230e-01    1.345000e-03
      7.3240e-01    1.331000e-03
      7.3250e-01    1.317000e-03
      7.3260e-01    1.304000e-03
      7.3270e-01    1.290000e-03
      7.3280e-01    1.277000e-03
      7.3290e-01    1.264000e-03
      7.3300e-01    1.251000e-03
      7.3310e-01    1.238000e-03
      7.3320e-01    1.226000e-03
      7.3330e-01    1.213000e-03
      7.3340e-01    1.201000e-03
      7.3350e-01    1.189000e-03
      7.3360e-01    1.177000e-03
      7.3370e-01    1.165000e-03
      7.3380e-01    1.153000e-03
      7.3390e-01    1.141000e-03
      7.3400e-01    1.129000e-03
      7.3410e-01    1.117000e-03
      7.3420e-01    1.105000e-03
      7.3430e-01    1.094000e-03
      7.3440e-01    1.082000e-03
      7.3450e-01    1.070000e-03
      7.3460e-01    1.057000e-03
      7.3470e-01    1.045000e-03
      7.3480e-01    1.033000e-03
      7.3490e-01    1.020000e-03
      7.3500e-01    1.007000e-03
