#  wavelength_um     transmission
#
      1.9395e+00    2.745896e-04
      1.9400e+00    3.113523e-04
      1.9405e+00    4.179343e-04
      1.9410e+00    5.856049e-04
      1.9415e+00    6.576892e-04
      1.9420e+00    1.682634e-03
      1.9425e+00    2.883389e-03
      1.9430e+00    2.216193e-03
      1.9435e+00    1.622374e-03
      1.9440e+00    1.393211e-03
      1.9445e+00    1.114550e-03
      1.9450e+00    1.946222e-03
      1.9455e+00    2.651533e-03
      1.9460e+00    3.506643e-03
      1.9465e+00    3.754624e-03
      1.9470e+00    3.799586e-03
      1.9475e+00    3.415503e-03
      1.9480e+00    3.608905e-03
      1.9485e+00    3.278927e-03
      1.9490e+00    2.994617e-03
      1.9495e+00    3.736277e-03
      1.9500e+00    3.575306e-03
      1.9505e+00    3.671627e-03
      1.9510e+00    4.494783e-03
      1.9515e+00    5.635372e-03
      1.9520e+00    5.031863e-03
      1.9525e+00    5.033766e-03
      1.9530e+00    4.119148e-03
      1.9535e+00    3.575562e-03
      1.9540e+00    4.211566e-03
      1.9545e+00    4.217237e-03
      1.9550e+00    3.833015e-03
      1.9555e+00    2.707387e-03
      1.9560e+00    3.109418e-03
      1.9565e+00    3.454136e-03
      1.9570e+00    3.382485e-03
      1.9575e+00    4.122116e-03
      1.9580e+00    3.852080e-03
      1.9585e+00    4.415400e-03
      1.9590e+00    4.615267e-03
      1.9595e+00    6.138873e-03
      1.9600e+00    8.543969e-03
      1.9605e+00    8.741199e-03
      1.9610e+00    8.855186e-03
      1.9615e+00    9.288329e-03
      1.9620e+00    1.002084e-02
      1.9625e+00    9.344011e-03
      1.9630e+00    8.308436e-03
      1.9635e+00    8.131556e-03
      1.9640e+00    9.126265e-03
      1.9645e+00    1.194210e-02
      1.9650e+00    1.448369e-02
      1.9655e+00    1.547639e-02
      1.9660e+00    1.773417e-02
      1.9665e+00    1.969466e-02
      1.9670e+00    2.183849e-02
      1.9675e+00    2.391831e-02
      1.9680e+00    2.507619e-02
      1.9685e+00    2.760360e-02
      1.9690e+00    2.941616e-02
      1.9695e+00    3.276286e-02
      1.9700e+00    3.479106e-02
      1.9705e+00    3.798622e-02
      1.9710e+00    3.961547e-02
      1.9715e+00    3.987414e-02
      1.9720e+00    4.412736e-02
      1.9725e+00    5.108285e-02
      1.9730e+00    5.909158e-02
      1.9735e+00    6.229975e-02
      1.9740e+00    6.235387e-02
      1.9745e+00    6.898948e-02
      1.9750e+00    7.968623e-02
      1.9755e+00    8.629074e-02
      1.9760e+00    9.178547e-02
      1.9765e+00    1.021371e-01
      1.9770e+00    1.108695e-01
      1.9775e+00    1.176564e-01
      1.9780e+00    1.264462e-01
      1.9785e+00    1.358176e-01
      1.9790e+00    1.432096e-01
      1.9795e+00    1.359612e-01
      1.9800e+00    1.288489e-01
      1.9805e+00    1.476790e-01
      1.9810e+00    1.795824e-01
      1.9815e+00    2.029417e-01
      1.9820e+00    2.181147e-01
      1.9825e+00    2.276518e-01
      1.9830e+00    2.358362e-01
      1.9835e+00    2.562879e-01
      1.9840e+00    2.765629e-01
      1.9845e+00    2.916946e-01
      1.9850e+00    2.979883e-01
      1.9855e+00    3.162698e-01
      1.9860e+00    3.388492e-01
      1.9865e+00    3.346443e-01
      1.9870e+00    3.194248e-01
      1.9875e+00    3.621302e-01
      1.9880e+00    4.129216e-01
      1.9885e+00    4.391609e-01
      1.9890e+00    4.593936e-01
      1.9895e+00    4.611622e-01
      1.9900e+00    4.434161e-01
      1.9905e+00    4.601529e-01
      1.9910e+00    5.168816e-01
      1.9915e+00    5.655012e-01
      1.9920e+00    5.909796e-01
      1.9925e+00    6.146943e-01
      1.9930e+00    6.362741e-01
      1.9935e+00    6.451308e-01
      1.9940e+00    6.353753e-01
      1.9945e+00    6.509094e-01
      1.9950e+00    6.833745e-01
      1.9955e+00    6.833533e-01
      1.9960e+00    6.865372e-01
      1.9965e+00    6.788379e-01
      1.9970e+00    6.632914e-01
      1.9975e+00    6.450541e-01
      1.9980e+00    5.909057e-01
      1.9985e+00    5.642490e-01
      1.9990e+00    5.548734e-01
      1.9995e+00    5.255394e-01
      2.0000e+00    4.964139e-01
      2.0005e+00    4.608920e-01
      2.0010e+00    4.153114e-01
      2.0015e+00    3.847325e-01
      2.0020e+00    3.606241e-01
      2.0025e+00    3.244510e-01
      2.0030e+00    3.096919e-01
      2.0035e+00    3.201181e-01
      2.0040e+00    3.230232e-01
      2.0045e+00    3.181745e-01
      2.0050e+00    3.108445e-01
      2.0055e+00    3.068854e-01
      2.0060e+00    3.261777e-01
      2.0065e+00    3.759478e-01
      2.0070e+00    4.241325e-01
      2.0075e+00    4.624311e-01
      2.0080e+00    5.088408e-01
      2.0085e+00    5.866339e-01
      2.0090e+00    6.502547e-01
      2.0095e+00    6.034377e-01
      2.0100e+00    5.157461e-01
      2.0105e+00    4.637775e-01
      2.0110e+00    4.444589e-01
      2.0115e+00    4.390057e-01
      2.0120e+00    4.348549e-01
      2.0125e+00    4.351786e-01
      2.0130e+00    4.406855e-01
      2.0135e+00    4.448974e-01
      2.0140e+00    4.555110e-01
      2.0145e+00    4.740617e-01
      2.0150e+00    4.835974e-01
      2.0155e+00    4.933818e-01
      2.0160e+00    5.046790e-01
      2.0165e+00    5.058098e-01
      2.0170e+00    5.113483e-01
      2.0175e+00    5.344001e-01
      2.0180e+00    5.518235e-01
      2.0185e+00    5.729025e-01
      2.0190e+00    5.969158e-01
      2.0195e+00    6.283388e-01
      2.0200e+00    6.541104e-01
      2.0205e+00    6.698303e-01
      2.0210e+00    6.850348e-01
      2.0215e+00    7.098345e-01
      2.0220e+00    7.382809e-01
      2.0225e+00    7.648408e-01
      2.0230e+00    7.790712e-01
      2.0235e+00    7.928709e-01
      2.0240e+00    8.099045e-01
      2.0245e+00    8.309981e-01
      2.0250e+00    8.447126e-01
      2.0255e+00    8.616402e-01
      2.0260e+00    8.779766e-01
      2.0265e+00    8.893004e-01
      2.0270e+00    9.016005e-01
      2.0275e+00    9.024488e-01
      2.0280e+00    8.954499e-01
      2.0285e+00    8.970328e-01
      2.0290e+00    9.198428e-01
      2.0295e+00    9.380588e-01
      2.0300e+00    9.451096e-01
      2.0305e+00    9.443076e-01
      2.0310e+00    9.487674e-01
      2.0315e+00    9.533134e-01
      2.0320e+00    9.558617e-01
      2.0325e+00    9.498710e-01
      2.0330e+00    9.397870e-01
      2.0335e+00    9.384102e-01
      2.0340e+00    9.485262e-01
      2.0345e+00    9.514048e-01
      2.0350e+00    9.520975e-01
      2.0355e+00    9.523983e-01
      2.0360e+00    9.513280e-01
      2.0365e+00    9.522356e-01
      2.0370e+00    9.514175e-01
      2.0375e+00    9.506613e-01
      2.0380e+00    9.474879e-01
      2.0385e+00    9.446730e-01
      2.0390e+00    9.440718e-01
      2.0395e+00    9.340882e-01
      2.0400e+00    9.165145e-01
      2.0405e+00    9.158395e-01
      2.0410e+00    9.260677e-01
      2.0415e+00    9.282503e-01
      2.0420e+00    9.308142e-01
      2.0425e+00    9.314026e-01
      2.0430e+00    9.309647e-01
      2.0435e+00    9.323195e-01
      2.0440e+00    9.335205e-01
      2.0445e+00    9.360266e-01
      2.0450e+00    9.423007e-01
      2.0455e+00    9.462807e-01
      2.0460e+00    9.402774e-01
      2.0465e+00    9.257640e-01
      2.0470e+00    9.063551e-01
      2.0475e+00    8.828731e-01
      2.0480e+00    8.585084e-01
      2.0485e+00    8.375121e-01
      2.0490e+00    8.163747e-01
      2.0495e+00    7.932255e-01
      2.0500e+00    7.709463e-01
      2.0505e+00    7.558015e-01
      2.0510e+00    7.428955e-01
      2.0515e+00    7.228757e-01
      2.0520e+00    7.047577e-01
      2.0525e+00    6.927148e-01
      2.0530e+00    6.870953e-01
      2.0535e+00    6.743568e-01
      2.0540e+00    6.581864e-01
      2.0545e+00    6.521240e-01
      2.0550e+00    6.558447e-01
      2.0555e+00    6.618778e-01
      2.0560e+00    6.591097e-01
      2.0565e+00    6.562427e-01
      2.0570e+00    6.686991e-01
      2.0575e+00    6.888748e-01
      2.0580e+00    7.131016e-01
      2.0585e+00    7.390368e-01
      2.0590e+00    7.717386e-01
      2.0595e+00    8.200335e-01
      2.0600e+00    8.716142e-01
      2.0605e+00    8.823026e-01
      2.0610e+00    8.373540e-01
      2.0615e+00    7.979846e-01
      2.0620e+00    7.714420e-01
      2.0625e+00    7.467894e-01
      2.0630e+00    7.336399e-01
      2.0635e+00    7.288222e-01
      2.0640e+00    7.248683e-01
      2.0645e+00    7.217345e-01
      2.0650e+00    7.222677e-01
      2.0655e+00    7.244234e-01
      2.0660e+00    7.249390e-01
      2.0665e+00    7.342734e-01
      2.0670e+00    7.453133e-01
      2.0675e+00    7.554912e-01
      2.0680e+00    7.640482e-01
      2.0685e+00    7.735807e-01
      2.0690e+00    7.815678e-01
      2.0695e+00    7.875775e-01
      2.0700e+00    7.979156e-01
      2.0705e+00    8.063521e-01
      2.0710e+00    8.156088e-01
      2.0715e+00    8.273328e-01
      2.0720e+00    8.372019e-01
      2.0725e+00    8.506220e-01
      2.0730e+00    8.548634e-01
      2.0735e+00    8.570775e-01
      2.0740e+00    8.657758e-01
      2.0745e+00    8.709968e-01
      2.0750e+00    8.762805e-01
      2.0755e+00    8.857693e-01
      2.0760e+00    8.951271e-01
      2.0765e+00    9.031321e-01
      2.0770e+00    9.089698e-01
      2.0775e+00    9.066533e-01
      2.0780e+00    9.139226e-01
      2.0785e+00    9.357479e-01
      2.0790e+00    9.493731e-01
      2.0795e+00    9.576405e-01
      2.0800e+00    9.580140e-01
      2.0805e+00    9.594664e-01
      2.0810e+00    9.593822e-01
      2.0815e+00    9.536800e-01
      2.0820e+00    9.491780e-01
      2.0825e+00    9.441700e-01
      2.0830e+00    9.436199e-01
      2.0835e+00    9.440122e-01
      2.0840e+00    9.426459e-01
      2.0845e+00    9.367857e-01
      2.0850e+00    9.334215e-01
      2.0855e+00    9.455550e-01
      2.0860e+00    9.535440e-01
      2.0865e+00    9.577406e-01
      2.0870e+00    9.616920e-01
      2.0875e+00    9.636242e-01
      2.0880e+00    9.660965e-01
      2.0885e+00    9.656004e-01
      2.0890e+00    9.667279e-01
      2.0895e+00    9.650802e-01
      2.0900e+00    9.627175e-01
      2.0905e+00    9.661253e-01
      2.0910e+00    9.682899e-01
      2.0915e+00    9.688603e-01
      2.0920e+00    9.681034e-01
      2.0925e+00    9.671177e-01
      2.0930e+00    9.671919e-01
      2.0935e+00    9.589000e-01
      2.0940e+00    9.554431e-01
      2.0945e+00    9.687688e-01
      2.0950e+00    9.779789e-01
      2.0955e+00    9.803775e-01
      2.0960e+00    9.812810e-01
      2.0965e+00    9.839463e-01
      2.0970e+00    9.830372e-01
      2.0975e+00    9.844886e-01
      2.0980e+00    9.809368e-01
      2.0985e+00    9.641562e-01
      2.0990e+00    9.616594e-01
      2.0995e+00    9.748742e-01
      2.1000e+00    9.774831e-01
      2.1005e+00    9.757924e-01
      2.1010e+00    9.765500e-01
      2.1015e+00    9.647124e-01
      2.1020e+00    9.660442e-01
      2.1025e+00    9.801895e-01
      2.1030e+00    9.854159e-01
      2.1035e+00    9.865173e-01
      2.1040e+00    9.859892e-01
      2.1045e+00    9.849061e-01
      2.1050e+00    9.814429e-01
      2.1055e+00    9.811803e-01
      2.1060e+00    9.823378e-01
      2.1065e+00    9.837925e-01
      2.1070e+00    9.848795e-01
      2.1075e+00    9.840196e-01
      2.1080e+00    9.848699e-01
      2.1085e+00    9.849042e-01
      2.1090e+00    9.833499e-01
      2.1095e+00    9.807154e-01
      2.1100e+00    9.790562e-01
      2.1105e+00    9.832755e-01
      2.1110e+00    9.830873e-01
      2.1115e+00    9.765946e-01
      2.1120e+00    9.729664e-01
      2.1125e+00    9.782046e-01
      2.1130e+00    9.846603e-01
      2.1135e+00    9.886396e-01
      2.1140e+00    9.883296e-01
      2.1145e+00    9.873618e-01
      2.1150e+00    9.853528e-01
      2.1155e+00    9.845511e-01
      2.1160e+00    9.840686e-01
      2.1165e+00    9.844672e-01
      2.1170e+00    9.857299e-01
      2.1175e+00    9.828682e-01
      2.1180e+00    9.756796e-01
      2.1185e+00    9.631267e-01
      2.1190e+00    9.717472e-01
      2.1195e+00    9.795722e-01
      2.1200e+00    9.777469e-01
      2.1205e+00    9.809775e-01
      2.1210e+00    9.846636e-01
      2.1215e+00    9.870660e-01
      2.1220e+00    9.887708e-01
      2.1225e+00    9.889814e-01
      2.1230e+00    9.891711e-01
      2.1235e+00    9.875965e-01
      2.1240e+00    9.828112e-01
      2.1245e+00    9.744314e-01
      2.1250e+00    9.810862e-01
      2.1255e+00    9.874060e-01
      2.1260e+00    9.882979e-01
      2.1265e+00    9.865861e-01
      2.1270e+00    9.798816e-01
      2.1275e+00    9.660740e-01
      2.1280e+00    9.644076e-01
      2.1285e+00    9.816825e-01
      2.1290e+00    9.868203e-01
      2.1295e+00    9.873850e-01
      2.1300e+00    9.888753e-01
      2.1305e+00    9.918752e-01
      2.1310e+00    9.918060e-01
      2.1315e+00    9.918928e-01
      2.1320e+00    9.927936e-01
      2.1325e+00    9.913340e-01
      2.1330e+00    9.932401e-01
      2.1335e+00    9.939800e-01
      2.1340e+00    9.952281e-01
      2.1345e+00    9.936571e-01
      2.1350e+00    9.962135e-01
      2.1355e+00    9.934687e-01
      2.1360e+00    9.915999e-01
      2.1365e+00    9.932071e-01
      2.1370e+00    9.942663e-01
      2.1375e+00    9.967211e-01
      2.1380e+00    9.937229e-01
      2.1385e+00    9.954175e-01
      2.1390e+00    9.938326e-01
      2.1395e+00    9.921118e-01
      2.1400e+00    9.927357e-01
      2.1405e+00    9.948536e-01
      2.1410e+00    9.950020e-01
      2.1415e+00    9.945309e-01
      2.1420e+00    9.941762e-01
      2.1425e+00    9.912661e-01
      2.1430e+00    9.890854e-01
      2.1435e+00    9.899834e-01
      2.1440e+00    9.877322e-01
      2.1445e+00    9.846163e-01
      2.1450e+00    9.822817e-01
      2.1455e+00    9.811760e-01
      2.1460e+00    9.806012e-01
      2.1465e+00    9.801364e-01
      2.1470e+00    9.807965e-01
      2.1475e+00    9.811329e-01
      2.1480e+00    9.827010e-01
      2.1485e+00    9.840873e-01
      2.1490e+00    9.825471e-01
      2.1495e+00    9.793350e-01
      2.1500e+00    9.801492e-01
      2.1505e+00    9.797914e-01
      2.1510e+00    9.697425e-01
      2.1515e+00    9.590704e-01
      2.1520e+00    9.638247e-01
      2.1525e+00    9.703755e-01
      2.1530e+00    9.728750e-01
      2.1535e+00    9.784509e-01
      2.1540e+00    9.790120e-01
      2.1545e+00    9.793139e-01
      2.1550e+00    9.817591e-01
      2.1555e+00    9.856230e-01
      2.1560e+00    9.872142e-01
      2.1565e+00    9.864041e-01
      2.1570e+00    9.844882e-01
      2.1575e+00    9.823889e-01
      2.1580e+00    9.837635e-01
      2.1585e+00    9.810221e-01
      2.1590e+00    9.745980e-01
      2.1595e+00    9.735504e-01
      2.1600e+00    9.769854e-01
      2.1605e+00    9.747258e-01
      2.1610e+00    9.685117e-01
      2.1615e+00    9.708812e-01
      2.1620e+00    9.757510e-01
      2.1625e+00    9.724620e-01
      2.1630e+00    9.561734e-01
      2.1635e+00    9.424543e-01
      2.1640e+00    9.615733e-01
      2.1645e+00    9.783674e-01
      2.1650e+00    9.800200e-01
      2.1655e+00    9.813700e-01
      2.1660e+00    9.815101e-01
      2.1665e+00    9.777530e-01
      2.1670e+00    9.748563e-01
      2.1675e+00    9.805449e-01
      2.1680e+00    9.785182e-01
      2.1685e+00    9.655208e-01
      2.1690e+00    9.707944e-01
      2.1695e+00    9.831726e-01
      2.1700e+00    9.838557e-01
      2.1705e+00    9.819423e-01
      2.1710e+00    9.829551e-01
      2.1715e+00    9.823979e-01
      2.1720e+00    9.764869e-01
      2.1725e+00    9.625180e-01
      2.1730e+00    9.633132e-01
      2.1735e+00    9.731590e-01
      2.1740e+00    9.711186e-01
      2.1745e+00    9.656222e-01
      2.1750e+00    9.695226e-01
      2.1755e+00    9.736537e-01
      2.1760e+00    9.660203e-01
      2.1765e+00    9.663261e-01
      2.1770e+00    9.741272e-01
      2.1775e+00    9.736578e-01
      2.1780e+00    9.604905e-01
      2.1785e+00    9.487468e-01
      2.1790e+00    9.521133e-01
      2.1795e+00    9.569596e-01
      2.1800e+00    9.675555e-01
      2.1805e+00    9.694309e-01
      2.1810e+00    9.692732e-01
      2.1815e+00    9.674339e-01
      2.1820e+00    9.678605e-01
      2.1825e+00    9.639358e-01
      2.1830e+00    9.440813e-01
      2.1835e+00    9.350983e-01
      2.1840e+00    9.447744e-01
      2.1845e+00    9.399490e-01
      2.1850e+00    9.364157e-01
      2.1855e+00    9.609470e-01
      2.1860e+00    9.748901e-01
      2.1865e+00    9.719411e-01
      2.1870e+00    9.659992e-01
      2.1875e+00    9.601807e-01
      2.1880e+00    9.564007e-01
      2.1885e+00    9.608284e-01
      2.1890e+00    9.639474e-01
      2.1895e+00    9.588973e-01
      2.1900e+00    9.538861e-01
      2.1905e+00    9.515358e-01
      2.1910e+00    9.569483e-01
      2.1915e+00    9.589130e-01
      2.1920e+00    9.584804e-01
      2.1925e+00    9.593852e-01
      2.1930e+00    9.578755e-01
      2.1935e+00    9.570538e-01
      2.1940e+00    9.517986e-01
      2.1945e+00    9.363135e-01
      2.1950e+00    9.298468e-01
      2.1955e+00    9.428409e-01
      2.1960e+00    9.505102e-01
      2.1965e+00    9.456611e-01
      2.1970e+00    9.433689e-01
      2.1975e+00    9.378563e-01
      2.1980e+00    9.193710e-01
      2.1985e+00    9.084293e-01
      2.1990e+00    9.098380e-01
      2.1995e+00    8.877879e-01
      2.2000e+00    8.552859e-01
      2.2005e+00    8.607109e-01
      2.2010e+00    9.049958e-01
      2.2015e+00    9.230194e-01
      2.2020e+00    9.161442e-01
      2.2025e+00    9.173446e-01
      2.2030e+00    9.271153e-01
      2.2035e+00    9.375264e-01
      2.2040e+00    9.395534e-01
      2.2045e+00    9.242595e-01
      2.2050e+00    9.166540e-01
      2.2055e+00    9.322561e-01
      2.2060e+00    9.432730e-01
      2.2065e+00    9.446478e-01
      2.2070e+00    9.423722e-01
      2.2075e+00    9.431476e-01
      2.2080e+00    9.425333e-01
      2.2085e+00    9.442458e-01
      2.2090e+00    9.442928e-01
      2.2095e+00    9.469097e-01
      2.2100e+00    9.456188e-01
      2.2105e+00    9.411648e-01
      2.2110e+00    9.386937e-01
      2.2115e+00    9.402903e-01
      2.2120e+00    9.466385e-01
      2.2125e+00    9.485891e-01
      2.2130e+00    9.477428e-01
      2.2135e+00    9.457687e-01
      2.2140e+00    9.457550e-01
      2.2145e+00    9.413632e-01
      2.2150e+00    9.377576e-01
      2.2155e+00    9.322575e-01
      2.2160e+00    9.157738e-01
      2.2165e+00    9.064682e-01
      2.2170e+00    9.204367e-01
      2.2175e+00    9.302384e-01
      2.2180e+00    9.289601e-01
      2.2185e+00    9.281442e-01
      2.2190e+00    9.297520e-01
      2.2195e+00    9.302817e-01
      2.2200e+00    9.306993e-01
      2.2205e+00    9.267521e-01
      2.2210e+00    9.148216e-01
      2.2215e+00    9.016173e-01
      2.2220e+00    9.108208e-01
      2.2225e+00    9.275919e-01
      2.2230e+00    9.330353e-01
      2.2235e+00    9.349883e-01
      2.2240e+00    9.320127e-01
      2.2245e+00    9.331019e-01
      2.2250e+00    9.317946e-01
      2.2255e+00    9.323231e-01
      2.2260e+00    9.291513e-01
      2.2265e+00    9.166708e-01
      2.2270e+00    9.119382e-01
      2.2275e+00    9.203291e-01
      2.2280e+00    9.323945e-01
      2.2285e+00    9.371475e-01
      2.2290e+00    9.384145e-01
      2.2295e+00    9.399185e-01
      2.2300e+00    9.396270e-01
      2.2305e+00    9.360008e-01
      2.2310e+00    9.265169e-01
      2.2315e+00    9.122593e-01
      2.2320e+00    9.054403e-01
      2.2325e+00    9.061004e-01
      2.2330e+00    9.174429e-01
      2.2335e+00    9.174742e-01
      2.2340e+00    9.208236e-01
      2.2345e+00    9.278516e-01
      2.2350e+00    9.268523e-01
      2.2355e+00    9.235686e-01
      2.2360e+00    9.168390e-01
      2.2365e+00    9.137987e-01
      2.2370e+00    9.203248e-01
      2.2375e+00    9.167831e-01
      2.2380e+00    9.178387e-01
      2.2385e+00    9.306528e-01
      2.2390e+00    9.377160e-01
      2.2395e+00    9.347424e-01
      2.2400e+00    9.260325e-01
      2.2405e+00    9.205010e-01
      2.2410e+00    9.158469e-01
      2.2415e+00    9.132928e-01
      2.2420e+00    9.195913e-01
      2.2425e+00    9.205098e-01
      2.2430e+00    9.183670e-01
      2.2435e+00    9.097557e-01
      2.2440e+00    8.986467e-01
      2.2445e+00    9.106600e-01
      2.2450e+00    9.265761e-01
      2.2455e+00    9.228297e-01
      2.2460e+00    9.088641e-01
      2.2465e+00    8.970212e-01
      2.2470e+00    8.874173e-01
      2.2475e+00    8.975839e-01
      2.2480e+00    9.220924e-01
      2.2485e+00    9.283580e-01
      2.2490e+00    9.246068e-01
      2.2495e+00    9.179054e-01
      2.2500e+00    9.138164e-01
      2.2505e+00    9.130927e-01
      2.2510e+00    9.158816e-01
      2.2515e+00    9.216372e-01
      2.2520e+00    9.204958e-01
      2.2525e+00    9.158517e-01
      2.2530e+00    9.118501e-01
      2.2535e+00    8.996475e-01
      2.2540e+00    8.873164e-01
      2.2545e+00    8.982594e-01
      2.2550e+00    9.088800e-01
      2.2555e+00    8.992709e-01
      2.2560e+00    8.905867e-01
      2.2565e+00    8.814938e-01
      2.2570e+00    8.752498e-01
      2.2575e+00    8.934486e-01
      2.2580e+00    9.025389e-01
      2.2585e+00    9.052042e-01
      2.2590e+00    9.139835e-01
      2.2595e+00    9.126625e-01
      2.2600e+00    9.000048e-01
      2.2605e+00    8.859938e-01
      2.2610e+00    8.648747e-01
      2.2615e+00    8.503583e-01
      2.2620e+00    8.475762e-01
      2.2625e+00    8.729230e-01
      2.2630e+00    8.975390e-01
      2.2635e+00    8.892085e-01
      2.2640e+00    8.816110e-01
      2.2645e+00    8.720511e-01
      2.2650e+00    8.732153e-01
      2.2655e+00    8.987226e-01
      2.2660e+00    9.121030e-01
      2.2665e+00    9.082888e-01
      2.2670e+00    9.003228e-01
      2.2675e+00    8.842208e-01
      2.2680e+00    8.567312e-01
      2.2685e+00    8.269460e-01
      2.2690e+00    8.493075e-01
      2.2695e+00    8.874700e-01
      2.2700e+00    8.814203e-01
      2.2705e+00    8.709967e-01
      2.2710e+00    8.879461e-01
      2.2715e+00    8.883767e-01
      2.2720e+00    8.678419e-01
      2.2725e+00    8.556669e-01
      2.2730e+00    8.761840e-01
      2.2735e+00    8.916049e-01
      2.2740e+00    8.979275e-01
      2.2745e+00    8.902416e-01
      2.2750e+00    8.567303e-01
      2.2755e+00    8.073634e-01
      2.2760e+00    8.191313e-01
      2.2765e+00    8.584573e-01
      2.2770e+00    8.727976e-01
      2.2775e+00    8.888392e-01
      2.2780e+00    9.060463e-01
      2.2785e+00    9.117866e-01
      2.2790e+00    9.187031e-01
      2.2795e+00    9.213864e-01
      2.2800e+00    9.050138e-01
      2.2805e+00    8.656211e-01
      2.2810e+00    8.604988e-01
      2.2815e+00    8.906667e-01
      2.2820e+00    8.923237e-01
      2.2825e+00    8.473796e-01
      2.2830e+00    8.111732e-01
      2.2835e+00    8.395037e-01
      2.2840e+00    8.482227e-01
      2.2845e+00    8.742951e-01
      2.2850e+00    8.736499e-01
      2.2855e+00    8.711448e-01
      2.2860e+00    8.979411e-01
      2.2865e+00    9.032345e-01
      2.2870e+00    9.006444e-01
      2.2875e+00    8.979816e-01
      2.2880e+00    8.946235e-01
      2.2885e+00    8.964164e-01
      2.2890e+00    8.766976e-01
      2.2895e+00    8.243776e-01
      2.2900e+00    8.119172e-01
      2.2905e+00    8.592262e-01
      2.2910e+00    8.906869e-01
      2.2915e+00    8.953701e-01
      2.2920e+00    8.812619e-01
      2.2925e+00    8.691319e-01
      2.2930e+00    8.878009e-01
      2.2935e+00    8.843037e-01
      2.2940e+00    8.759930e-01
      2.2945e+00    8.726322e-01
      2.2950e+00    8.513463e-01
      2.2955e+00    8.424044e-01
      2.2960e+00    8.490893e-01
      2.2965e+00    8.778492e-01
      2.2970e+00    9.034933e-01
      2.2975e+00    9.057125e-01
      2.2980e+00    8.650865e-01
      2.2985e+00    8.271380e-01
      2.2990e+00    8.381612e-01
      2.2995e+00    8.503443e-01
      2.3000e+00    8.335412e-01
      2.3005e+00    8.220174e-01
      2.3010e+00    8.485082e-01
      2.3015e+00    8.764657e-01
      2.3020e+00    8.731309e-01
      2.3025e+00    8.601896e-01
      2.3030e+00    8.492429e-01
      2.3035e+00    8.208974e-01
      2.3040e+00    8.026010e-01
      2.3045e+00    8.025484e-01
      2.3050e+00    8.174304e-01
      2.3055e+00    8.222159e-01
      2.3060e+00    8.183980e-01
      2.3065e+00    8.115448e-01
      2.3070e+00    7.983915e-01
      2.3075e+00    7.714976e-01
      2.3080e+00    7.843592e-01
      2.3085e+00    7.973884e-01
      2.3090e+00    7.866489e-01
      2.3095e+00    7.744812e-01
      2.3100e+00    7.706926e-01
      2.3105e+00    7.654448e-01
      2.3110e+00    7.562257e-01
      2.3115e+00    7.353876e-01
      2.3120e+00    7.072124e-01
      2.3125e+00    6.911011e-01
      2.3130e+00    6.806383e-01
      2.3135e+00    6.650738e-01
      2.3140e+00    6.450710e-01
      2.3145e+00    6.265938e-01
      2.3150e+00    6.036371e-01
      2.3155e+00    5.701615e-01
      2.3160e+00    5.153745e-01
      2.3165e+00    4.471112e-01
      2.3170e+00    3.925507e-01
      2.3175e+00    3.864028e-01
      2.3180e+00    3.940874e-01
      2.3185e+00    3.991943e-01
      2.3190e+00    4.014377e-01
      2.3195e+00    3.930536e-01
      2.3200e+00    3.815442e-01
      2.3205e+00    3.682556e-01
      2.3210e+00    3.539413e-01
      2.3215e+00    3.365090e-01
      2.3220e+00    3.153118e-01
      2.3225e+00    3.001348e-01
      2.3230e+00    2.875349e-01
      2.3235e+00    2.760797e-01
      2.3240e+00    2.629991e-01
      2.3245e+00    2.512648e-01
      2.3250e+00    2.328337e-01
      2.3255e+00    2.166270e-01
      2.3260e+00    2.089958e-01
      2.3265e+00    1.993343e-01
      2.3270e+00    1.927206e-01
      2.3275e+00    1.855323e-01
      2.3280e+00    1.707602e-01
      2.3285e+00    1.539369e-01
      2.3290e+00    1.483417e-01
      2.3295e+00    1.445581e-01
      2.3300e+00    1.355563e-01
      2.3305e+00    1.289401e-01
      2.3310e+00    1.185871e-01
      2.3315e+00    1.081077e-01
      2.3320e+00    1.007651e-01
      2.3325e+00    9.855341e-02
      2.3330e+00    9.322158e-02
      2.3335e+00    8.846963e-02
      2.3340e+00    8.566514e-02
      2.3345e+00    7.976013e-02
      2.3350e+00    7.593288e-02
      2.3355e+00    7.258692e-02
      2.3360e+00    6.846471e-02
      2.3365e+00    6.414870e-02
      2.3370e+00    6.177424e-02
      2.3375e+00    5.766562e-02
      2.3380e+00    5.055563e-02
      2.3385e+00    4.577620e-02
      2.3390e+00    4.287131e-02
      2.3395e+00    3.777262e-02
      2.3400e+00    3.417337e-02
      2.3405e+00    3.332485e-02
      2.3410e+00    3.275811e-02
      2.3415e+00    3.147479e-02
      2.3420e+00    3.025000e-02
      2.3425e+00    2.941443e-02
      2.3430e+00    2.610745e-02
      2.3435e+00    2.579345e-02
      2.3440e+00    2.495635e-02
      2.3445e+00    2.360064e-02
      2.3450e+00    2.130745e-02
      2.3455e+00    1.937982e-02
      2.3460e+00    1.901538e-02
      2.3465e+00    1.847930e-02
      2.3470e+00    1.895411e-02
      2.3475e+00    1.868419e-02
      2.3480e+00    1.612378e-02
      2.3485e+00    1.565707e-02
      2.3490e+00    1.402932e-02
      2.3495e+00    1.545789e-02
      2.3500e+00    1.509383e-02
      2.3505e+00    1.305830e-02
      2.3510e+00    1.222922e-02
      2.3515e+00    1.059042e-02
      2.3520e+00    1.073254e-02
      2.3525e+00    1.013544e-02
      2.3530e+00    1.101126e-02
      2.3535e+00    1.027680e-02
      2.3540e+00    1.083765e-02
      2.3545e+00    9.417183e-03
      2.3550e+00    1.096995e-02
      2.3555e+00    9.493541e-03
      2.3560e+00    8.392997e-03
      2.3565e+00    7.780340e-03
      2.3570e+00    9.511467e-03
      2.3575e+00    9.203615e-03
      2.3580e+00    7.858998e-03
      2.3585e+00    7.097598e-03
      2.3590e+00    5.587367e-03
      2.3595e+00    5.999767e-03
      2.3600e+00    5.898500e-03
      2.3605e+00    5.211971e-03
      2.3610e+00    3.067497e-03
      2.3615e+00    2.264849e-03
      2.3620e+00    1.986219e-03
      2.3625e+00    1.369699e-03
