#  wavelength_um     transmission
#
      1.9215e+00    1.985353e-06
      1.9220e+00    5.346838e-07
      1.9225e+00    2.851343e-05
      1.9230e+00    3.102684e-05
      1.9235e+00    3.732853e-06
      1.9240e+00    9.590130e-08
      1.9245e+00    1.244262e-06
      1.9250e+00    3.091495e-05
      1.9255e+00    8.363330e-05
      1.9260e+00    3.251160e-05
      1.9265e+00    3.007870e-05
      1.9270e+00    1.383710e-06
      1.9275e+00    1.629909e-05
      1.9280e+00    4.850112e-05
      1.9285e+00    4.007259e-06
      1.9290e+00    1.563286e-05
      1.9295e+00    7.404050e-05
      1.9300e+00    2.433097e-05
      1.9305e+00    3.354361e-05
      1.9310e+00    1.349752e-05
      1.9315e+00    4.105014e-05
      1.9320e+00    1.469953e-05
      1.9325e+00    1.636795e-04
      1.9330e+00    7.813840e-05
      1.9335e+00    8.133337e-05
      1.9340e+00    2.011718e-05
      1.9345e+00    9.182696e-05
      1.9350e+00    3.100235e-04
      1.9355e+00    2.768060e-04
      1.9360e+00    1.276057e-04
      1.9365e+00    2.064602e-06
      1.9370e+00    1.861101e-04
      1.9375e+00    2.246933e-04
      1.9380e+00    1.834172e-05
      1.9385e+00    1.454918e-04
      1.9390e+00    5.556598e-05
      1.9395e+00    1.452430e-04
      1.9400e+00    1.235424e-04
      1.9405e+00    2.645104e-04
      1.9410e+00    1.252224e-04
      1.9415e+00    1.688954e-04
      1.9420e+00    2.878312e-04
      1.9425e+00    9.313076e-04
      1.9430e+00    6.744410e-04
      1.9435e+00    2.670820e-04
      1.9440e+00    6.413057e-04
      1.9445e+00    2.194337e-04
      1.9450e+00    4.458968e-04
      1.9455e+00    6.813114e-04
      1.9460e+00    6.489945e-04
      1.9465e+00    8.670816e-04
      1.9470e+00    3.532895e-04
      1.9475e+00    7.422123e-04
      1.9480e+00    7.346557e-04
      1.9485e+00    5.962477e-04
      1.9490e+00    8.841582e-04
      1.9495e+00    1.036667e-03
      1.9500e+00    1.041751e-03
      1.9505e+00    1.057099e-03
      1.9510e+00    1.277446e-03
      1.9515e+00    1.698339e-03
      1.9520e+00    2.247498e-03
      1.9525e+00    1.153256e-03
      1.9530e+00    9.332151e-04
      1.9535e+00    4.936992e-04
      1.9540e+00    1.704918e-03
      1.9545e+00    1.155325e-03
      1.9550e+00    1.633586e-03
      1.9555e+00    1.467910e-03
      1.9560e+00    1.493302e-03
      1.9565e+00    1.062157e-03
      1.9570e+00    1.887977e-03
      1.9575e+00    1.113107e-03
      1.9580e+00    2.064673e-03
      1.9585e+00    1.823858e-03
      1.9590e+00    1.793475e-03
      1.9595e+00    1.375039e-03
      1.9600e+00    3.507600e-03
      1.9605e+00    4.869920e-03
      1.9610e+00    2.877366e-03
      1.9615e+00    3.838369e-03
      1.9620e+00    3.248325e-03
      1.9625e+00    3.844761e-03
      1.9630e+00    4.751922e-03
      1.9635e+00    1.452194e-03
      1.9640e+00    3.548295e-03
      1.9645e+00    4.391050e-03
      1.9650e+00    8.361892e-03
      1.9655e+00    4.216877e-03
      1.9660e+00    5.674050e-03
      1.9665e+00    6.259654e-03
      1.9670e+00    1.026262e-02
      1.9675e+00    8.422900e-03
      1.9680e+00    5.597912e-03
      1.9685e+00    1.144155e-02
      1.9690e+00    8.564946e-03
      1.9695e+00    1.112347e-02
      1.9700e+00    1.176577e-02
      1.9705e+00    1.444264e-02
      1.9710e+00    1.149435e-02
      1.9715e+00    7.173949e-03
      1.9720e+00    1.390458e-02
      1.9725e+00    1.213053e-02
      1.9730e+00    1.750955e-02
      1.9735e+00    1.889570e-02
      1.9740e+00    1.440042e-02
      1.9745e+00    1.569361e-02
      1.9750e+00    2.320148e-02
      1.9755e+00    2.156919e-02
      1.9760e+00    2.132495e-02
      1.9765e+00    2.583232e-02
      1.9770e+00    2.904233e-02
      1.9775e+00    2.760248e-02
      1.9780e+00    3.166287e-02
      1.9785e+00    3.175693e-02
      1.9790e+00    3.722159e-02
      1.9795e+00    3.055006e-02
      1.9800e+00    2.248145e-02
      1.9805e+00    2.681026e-02
      1.9810e+00    4.465653e-02
      1.9815e+00    4.789697e-02
      1.9820e+00    5.062350e-02
      1.9825e+00    5.347945e-02
      1.9830e+00    4.575131e-02
      1.9835e+00    5.961043e-02
      1.9840e+00    6.398051e-02
      1.9845e+00    6.600848e-02
      1.9850e+00    6.618858e-02
      1.9855e+00    6.485226e-02
      1.9860e+00    7.956171e-02
      1.9865e+00    8.021434e-02
      1.9870e+00    5.142153e-02
      1.9875e+00    7.354557e-02
      1.9880e+00    9.353178e-02
      1.9885e+00    1.042057e-01
      1.9890e+00    1.119494e-01
      1.9895e+00    1.061976e-01
      1.9900e+00    7.115724e-02
      1.9905e+00    1.119113e-01
      1.9910e+00    1.212804e-01
      1.9915e+00    1.468668e-01
      1.9920e+00    1.486544e-01
      1.9925e+00    1.618593e-01
      1.9930e+00    1.744133e-01
      1.9935e+00    1.829762e-01
      1.9940e+00    1.279648e-01
      1.9945e+00    1.972341e-01
      1.9950e+00    2.010693e-01
      1.9955e+00    1.779383e-01
      1.9960e+00    2.328747e-01
      1.9965e+00    2.114185e-01
      1.9970e+00    2.101746e-01
      1.9975e+00    2.323367e-01
      1.9980e+00    1.732601e-01
      1.9985e+00    2.093834e-01
      1.9990e+00    2.301019e-01
      1.9995e+00    2.218872e-01
      2.0000e+00    2.118919e-01
      2.0005e+00    1.996863e-01
      2.0010e+00    1.711824e-01
      2.0015e+00    1.681192e-01
      2.0020e+00    1.586520e-01
      2.0025e+00    1.246186e-01
      2.0030e+00    2.438651e-01
      2.0035e+00    2.122004e-01
      2.0040e+00    1.401261e-01
      2.0045e+00    1.680611e-01
      2.0050e+00    2.712479e-01
      2.0055e+00    1.535017e-01
      2.0060e+00    1.473724e-01
      2.0065e+00    3.747054e-01
      2.0070e+00    2.087075e-01
      2.0075e+00    4.627031e-01
      2.0080e+00    3.395162e-01
      2.0085e+00    4.469567e-01
      2.0090e+00    5.865881e-01
      2.0095e+00    4.381809e-01
      2.0100e+00    3.488365e-01
      2.0105e+00    5.532773e-01
      2.0110e+00    3.862814e-01
      2.0115e+00    4.457708e-01
      2.0120e+00    2.625713e-01
      2.0125e+00    6.359132e-01
      2.0130e+00    3.451906e-01
      2.0135e+00    4.286234e-01
      2.0140e+00    5.352324e-01
      2.0145e+00    2.762287e-01
      2.0150e+00    3.543679e-01
      2.0155e+00    5.049583e-01
      2.0160e+00    5.894455e-01
      2.0165e+00    3.494983e-01
      2.0170e+00    4.959153e-01
      2.0175e+00    4.849466e-01
      2.0180e+00    5.075854e-01
      2.0185e+00    6.456528e-01
      2.0190e+00    4.485600e-01
      2.0195e+00    6.884331e-01
      2.0200e+00    6.140027e-01
      2.0205e+00    5.662003e-01
      2.0210e+00    7.989940e-01
      2.0215e+00    6.278237e-01
      2.0220e+00    7.405759e-01
      2.0225e+00    7.772872e-01
      2.0230e+00    7.175115e-01
      2.0235e+00    7.935490e-01
      2.0240e+00    7.518544e-01
      2.0245e+00    8.188670e-01
      2.0250e+00    8.592330e-01
      2.0255e+00    7.900181e-01
      2.0260e+00    9.483666e-01
      2.0265e+00    9.036691e-01
      2.0270e+00    8.906975e-01
      2.0275e+00    8.672334e-01
      2.0280e+00    8.148299e-01
      2.0285e+00    8.669785e-01
      2.0290e+00    8.695913e-01
      2.0295e+00    9.414507e-01
      2.0300e+00    9.616572e-01
      2.0305e+00    8.843983e-01
      2.0310e+00    9.345627e-01
      2.0315e+00    9.496970e-01
      2.0320e+00    9.511236e-01
      2.0325e+00    9.530120e-01
      2.0330e+00    9.231280e-01
      2.0335e+00    8.782240e-01
      2.0340e+00    9.513214e-01
      2.0345e+00    9.574646e-01
      2.0350e+00    9.495126e-01
      2.0355e+00    9.526885e-01
      2.0360e+00    9.541916e-01
      2.0365e+00    9.549467e-01
      2.0370e+00    9.574447e-01
      2.0375e+00    9.449132e-01
      2.0380e+00    9.346564e-01
      2.0385e+00    9.169081e-01
      2.0390e+00    9.606134e-01
      2.0395e+00    9.420379e-01
      2.0400e+00    8.497901e-01
      2.0405e+00    8.513137e-01
      2.0410e+00    9.323536e-01
      2.0415e+00    9.267976e-01
      2.0420e+00    9.143953e-01
      2.0425e+00    9.049187e-01
      2.0430e+00    9.331649e-01
      2.0435e+00    9.002974e-01
      2.0440e+00    8.951120e-01
      2.0445e+00    8.997349e-01
      2.0450e+00    9.059306e-01
      2.0455e+00    9.292913e-01
      2.0460e+00    9.213361e-01
      2.0465e+00    9.343833e-01
      2.0470e+00    9.131230e-01
      2.0475e+00    8.578752e-01
      2.0480e+00    8.401027e-01
      2.0485e+00    8.243695e-01
      2.0490e+00    7.961711e-01
      2.0495e+00    8.779376e-01
      2.0500e+00    7.456011e-01
      2.0505e+00    7.006454e-01
      2.0510e+00    7.591635e-01
      2.0515e+00    8.006539e-01
      2.0520e+00    6.587868e-01
      2.0525e+00    6.288933e-01
      2.0530e+00    9.253065e-01
      2.0535e+00    5.904079e-01
      2.0540e+00    5.829656e-01
      2.0545e+00    7.606125e-01
      2.0550e+00    6.502193e-01
      2.0555e+00    5.730234e-01
      2.0560e+00    8.249913e-01
      2.0565e+00    5.604409e-01
      2.0570e+00    7.178828e-01
      2.0575e+00    6.648320e-01
      2.0580e+00    6.083132e-01
      2.0585e+00    9.194070e-01
      2.0590e+00    6.757134e-01
      2.0595e+00    8.304176e-01
      2.0600e+00    8.750495e-01
      2.0605e+00    8.587450e-01
      2.0610e+00    7.313811e-01
      2.0615e+00    8.821632e-01
      2.0620e+00    6.845535e-01
      2.0625e+00    7.633229e-01
      2.0630e+00    6.754321e-01
      2.0635e+00    6.014894e-01
      2.0640e+00    9.101418e-01
      2.0645e+00    6.788111e-01
      2.0650e+00    7.757797e-01
      2.0655e+00    5.914708e-01
      2.0660e+00    7.860343e-01
      2.0665e+00    6.116896e-01
      2.0670e+00    9.003684e-01
      2.0675e+00    6.178149e-01
      2.0680e+00    7.350957e-01
      2.0685e+00    7.681443e-01
      2.0690e+00    8.324437e-01
      2.0695e+00    6.589011e-01
      2.0700e+00    8.784726e-01
      2.0705e+00    7.277777e-01
      2.0710e+00    7.984079e-01
      2.0715e+00    7.150173e-01
      2.0720e+00    8.358822e-01
      2.0725e+00    7.400137e-01
      2.0730e+00    9.244594e-01
      2.0735e+00    7.754960e-01
      2.0740e+00    8.413335e-01
      2.0745e+00    8.466203e-01
      2.0750e+00    7.865372e-01
      2.0755e+00    8.451023e-01
      2.0760e+00    8.266249e-01
      2.0765e+00    8.772529e-01
      2.0770e+00    8.453524e-01
      2.0775e+00    8.364944e-01
      2.0780e+00    8.459749e-01
      2.0785e+00    8.812148e-01
      2.0790e+00    9.132353e-01
      2.0795e+00    9.004421e-01
      2.0800e+00    9.114000e-01
      2.0805e+00    9.119838e-01
      2.0810e+00    9.027513e-01
      2.0815e+00    9.017991e-01
      2.0820e+00    8.890908e-01
      2.0825e+00    9.016903e-01
      2.0830e+00    8.806488e-01
      2.0835e+00    8.824534e-01
      2.0840e+00    8.961684e-01
      2.0845e+00    8.386016e-01
      2.0850e+00    8.757630e-01
      2.0855e+00    8.750030e-01
      2.0860e+00    9.009470e-01
      2.0865e+00    8.948736e-01
      2.0870e+00    9.091677e-01
      2.0875e+00    8.955365e-01
      2.0880e+00    9.223097e-01
      2.0885e+00    8.931923e-01
      2.0890e+00    9.124651e-01
      2.0895e+00    9.074402e-01
      2.0900e+00    8.881195e-01
      2.0905e+00    9.077918e-01
      2.0910e+00    9.218527e-01
      2.0915e+00    9.121754e-01
      2.0920e+00    9.273952e-01
      2.0925e+00    9.012079e-01
      2.0930e+00    9.289100e-01
      2.0935e+00    8.972587e-01
      2.0940e+00    8.837303e-01
      2.0945e+00    9.288310e-01
      2.0950e+00    9.292156e-01
      2.0955e+00    9.327426e-01
      2.0960e+00    9.296731e-01
      2.0965e+00    9.390342e-01
      2.0970e+00    9.335531e-01
      2.0975e+00    9.315096e-01
      2.0980e+00    9.365981e-01
      2.0985e+00    8.309874e-01
      2.0990e+00    9.055033e-01
      2.0995e+00    9.425626e-01
      2.1000e+00    9.333543e-01
      2.1005e+00    9.118781e-01
      2.1010e+00    9.412828e-01
      2.1015e+00    8.747936e-01
      2.1020e+00    8.913619e-01
      2.1025e+00    9.418915e-01
      2.1030e+00    9.418971e-01
      2.1035e+00    9.484946e-01
      2.1040e+00    9.441977e-01
      2.1045e+00    9.432422e-01
      2.1050e+00    9.381136e-01
      2.1055e+00    9.434420e-01
      2.1060e+00    9.481070e-01
      2.1065e+00    9.406286e-01
      2.1070e+00    9.486302e-01
      2.1075e+00    9.459556e-01
      2.1080e+00    9.480958e-01
      2.1085e+00    9.467052e-01
      2.1090e+00    9.471791e-01
      2.1095e+00    9.318259e-01
      2.1100e+00    9.381162e-01
      2.1105e+00    9.495210e-01
      2.1110e+00    9.487731e-01
      2.1115e+00    9.522087e-01
      2.1120e+00    8.947043e-01
      2.1125e+00    9.373857e-01
      2.1130e+00    9.556719e-01
      2.1135e+00    9.574262e-01
      2.1140e+00    9.582986e-01
      2.1145e+00    9.564643e-01
      2.1150e+00    9.565487e-01
      2.1155e+00    9.505380e-01
      2.1160e+00    9.614400e-01
      2.1165e+00    9.487100e-01
      2.1170e+00    9.616523e-01
      2.1175e+00    9.592131e-01
      2.1180e+00    9.587521e-01
      2.1185e+00    8.802366e-01
      2.1190e+00    9.391848e-01
      2.1195e+00    9.619595e-01
      2.1200e+00    9.243341e-01
      2.1205e+00    9.481808e-01
      2.1210e+00    9.639832e-01
      2.1215e+00    9.629072e-01
      2.1220e+00    9.702196e-01
      2.1225e+00    9.706810e-01
      2.1230e+00    9.704138e-01
      2.1235e+00    9.709516e-01
      2.1240e+00    9.700184e-01
      2.1245e+00    9.072141e-01
      2.1250e+00    9.469680e-01
      2.1255e+00    9.734444e-01
      2.1260e+00    9.756181e-01
      2.1265e+00    9.743617e-01
      2.1270e+00    9.725017e-01
      2.1275e+00    9.032654e-01
      2.1280e+00    9.442515e-01
      2.1285e+00    9.754616e-01
      2.1290e+00    9.765410e-01
      2.1295e+00    9.770610e-01
      2.1300e+00    9.774880e-01
      2.1305e+00    9.772088e-01
      2.1310e+00    9.779920e-01
      2.1315e+00    9.779336e-01
      2.1320e+00    9.782825e-01
      2.1325e+00    9.778122e-01
      2.1330e+00    9.784794e-01
      2.1335e+00    9.785370e-01
      2.1340e+00    9.795232e-01
      2.1345e+00    9.797842e-01
      2.1350e+00    9.794951e-01
      2.1355e+00    9.712506e-01
      2.1360e+00    9.568194e-01
      2.1365e+00    9.762777e-01
      2.1370e+00    9.810820e-01
      2.1375e+00    9.809730e-01
      2.1380e+00    9.814576e-01
      2.1385e+00    9.802223e-01
      2.1390e+00    9.793699e-01
      2.1395e+00    9.804493e-01
      2.1400e+00    9.816915e-01
      2.1405e+00    9.834764e-01
      2.1410e+00    9.837121e-01
      2.1415e+00    9.839708e-01
      2.1420e+00    9.844732e-01
      2.1425e+00    9.832282e-01
      2.1430e+00    9.830230e-01
      2.1435e+00    9.842945e-01
      2.1440e+00    9.852246e-01
      2.1445e+00    9.802064e-01
      2.1450e+00    9.859808e-01
      2.1455e+00    9.855391e-01
      2.1460e+00    9.828982e-01
      2.1465e+00    9.852365e-01
      2.1470e+00    9.843618e-01
      2.1475e+00    9.834757e-01
      2.1480e+00    9.785971e-01
      2.1485e+00    9.780741e-01
      2.1490e+00    9.814567e-01
      2.1495e+00    9.810929e-01
      2.1500e+00    9.661587e-01
      2.1505e+00    9.772029e-01
      2.1510e+00    9.793808e-01
      2.1515e+00    9.054429e-01
      2.1520e+00    9.363960e-01
      2.1525e+00    9.514622e-01
      2.1530e+00    9.408851e-01
      2.1535e+00    9.646819e-01
      2.1540e+00    9.663803e-01
      2.1545e+00    9.606836e-01
      2.1550e+00    9.720262e-01
      2.1555e+00    9.743535e-01
      2.1560e+00    9.812489e-01
      2.1565e+00    9.775322e-01
      2.1570e+00    9.808303e-01
      2.1575e+00    9.811107e-01
      2.1580e+00    9.725888e-01
      2.1585e+00    9.681361e-01
      2.1590e+00    9.337159e-01
      2.1595e+00    9.721331e-01
      2.1600e+00    9.629564e-01
      2.1605e+00    9.744915e-01
      2.1610e+00    9.602852e-01
      2.1615e+00    9.692461e-01
      2.1620e+00    9.782211e-01
      2.1625e+00    9.646308e-01
      2.1630e+00    9.704334e-01
      2.1635e+00    8.331485e-01
      2.1640e+00    9.737210e-01
      2.1645e+00    9.785993e-01
      2.1650e+00    9.784694e-01
      2.1655e+00    9.794007e-01
      2.1660e+00    9.776797e-01
      2.1665e+00    9.681252e-01
      2.1670e+00    9.661950e-01
      2.1675e+00    9.709871e-01
      2.1680e+00    9.790581e-01
      2.1685e+00    9.276504e-01
      2.1690e+00    9.384527e-01
      2.1695e+00    9.801146e-01
      2.1700e+00    9.791201e-01
      2.1705e+00    9.838843e-01
      2.1710e+00    9.853536e-01
      2.1715e+00    9.860938e-01
      2.1720e+00    9.862281e-01
      2.1725e+00    9.569578e-01
      2.1730e+00    9.660873e-01
      2.1735e+00    9.812938e-01
      2.1740e+00    9.540961e-01
      2.1745e+00    9.268817e-01
      2.1750e+00    9.788815e-01
      2.1755e+00    9.777168e-01
      2.1760e+00    9.526547e-01
      2.1765e+00    9.372726e-01
      2.1770e+00    9.844424e-01
      2.1775e+00    9.849068e-01
      2.1780e+00    9.768113e-01
      2.1785e+00    9.580241e-01
      2.1790e+00    9.222340e-01
      2.1795e+00    9.613988e-01
      2.1800e+00    9.810015e-01
      2.1805e+00    9.811815e-01
      2.1810e+00    9.804634e-01
      2.1815e+00    9.814890e-01
      2.1820e+00    9.811709e-01
      2.1825e+00    9.791115e-01
      2.1830e+00    9.271800e-01
      2.1835e+00    8.541834e-01
      2.1840e+00    9.550083e-01
      2.1845e+00    9.267616e-01
      2.1850e+00    8.627074e-01
      2.1855e+00    9.647690e-01
      2.1860e+00    9.739645e-01
      2.1865e+00    9.745346e-01
      2.1870e+00    9.503216e-01
      2.1875e+00    9.289924e-01
      2.1880e+00    9.223369e-01
      2.1885e+00    9.496695e-01
      2.1890e+00    9.709140e-01
      2.1895e+00    9.612641e-01
      2.1900e+00    9.661074e-01
      2.1905e+00    9.184823e-01
      2.1910e+00    9.552068e-01
      2.1915e+00    9.682295e-01
      2.1920e+00    9.676930e-01
      2.1925e+00    9.665459e-01
      2.1930e+00    9.663921e-01
      2.1935e+00    9.656780e-01
      2.1940e+00    9.492918e-01
      2.1945e+00    8.935314e-01
      2.1950e+00    9.081714e-01
      2.1955e+00    9.615994e-01
      2.1960e+00    9.582930e-01
      2.1965e+00    9.430282e-01
      2.1970e+00    9.438347e-01
      2.1975e+00    9.523383e-01
      2.1980e+00    8.935952e-01
      2.1985e+00    8.578514e-01
      2.1990e+00    9.239664e-01
      2.1995e+00    8.962894e-01
      2.2000e+00    8.626105e-01
      2.2005e+00    8.763654e-01
      2.2010e+00    9.209870e-01
      2.2015e+00    9.265971e-01
      2.2020e+00    9.178850e-01
      2.2025e+00    9.220205e-01
      2.2030e+00    9.302184e-01
      2.2035e+00    9.422590e-01
      2.2040e+00    9.106460e-01
      2.2045e+00    9.217191e-01
      2.2050e+00    8.490989e-01
      2.2055e+00    9.139531e-01
      2.2060e+00    9.387847e-01
      2.2065e+00    9.093988e-01
      2.2070e+00    9.437141e-01
      2.2075e+00    9.091868e-01
      2.2080e+00    9.423130e-01
      2.2085e+00    9.412107e-01
      2.2090e+00    9.427075e-01
      2.2095e+00    9.375828e-01
      2.2100e+00    9.376787e-01
      2.2105e+00    9.246100e-01
      2.2110e+00    9.338201e-01
      2.2115e+00    9.328158e-01
      2.2120e+00    9.395924e-01
      2.2125e+00    9.392322e-01
      2.2130e+00    9.376480e-01
      2.2135e+00    9.378313e-01
      2.2140e+00    9.350243e-01
      2.2145e+00    9.192049e-01
      2.2150e+00    9.119027e-01
      2.2155e+00    9.050414e-01
      2.2160e+00    8.800438e-01
      2.2165e+00    9.112863e-01
      2.2170e+00    9.218812e-01
      2.2175e+00    9.328215e-01
      2.2180e+00    9.289386e-01
      2.2185e+00    9.283813e-01
      2.2190e+00    9.323255e-01
      2.2195e+00    9.300433e-01
      2.2200e+00    9.274629e-01
      2.2205e+00    9.268457e-01
      2.2210e+00    9.140815e-01
      2.2215e+00    9.001402e-01
      2.2220e+00    9.158309e-01
      2.2225e+00    9.251250e-01
      2.2230e+00    9.227952e-01
      2.2235e+00    9.228157e-01
      2.2240e+00    9.242125e-01
      2.2245e+00    9.228649e-01
      2.2250e+00    9.064858e-01
      2.2255e+00    9.060963e-01
      2.2260e+00    9.178216e-01
      2.2265e+00    9.059261e-01
      2.2270e+00    8.955868e-01
      2.2275e+00    9.095353e-01
      2.2280e+00    9.197526e-01
      2.2285e+00    9.208966e-01
      2.2290e+00    9.194925e-01
      2.2295e+00    9.214723e-01
      2.2300e+00    9.210555e-01
      2.2305e+00    9.177923e-01
      2.2310e+00    9.163184e-01
      2.2315e+00    8.865117e-01
      2.2320e+00    8.931405e-01
      2.2325e+00    8.969598e-01
      2.2330e+00    9.112595e-01
      2.2335e+00    8.981413e-01
      2.2340e+00    9.101316e-01
      2.2345e+00    9.153553e-01
      2.2350e+00    9.116638e-01
      2.2355e+00    9.120850e-01
      2.2360e+00    8.962727e-01
      2.2365e+00    8.950681e-01
      2.2370e+00    9.111087e-01
      2.2375e+00    9.010240e-01
      2.2380e+00    8.922243e-01
      2.2385e+00    9.130482e-01
      2.2390e+00    9.172674e-01
      2.2395e+00    9.118673e-01
      2.2400e+00    8.994211e-01
      2.2405e+00    9.078464e-01
      2.2410e+00    9.093948e-01
      2.2415e+00    8.936574e-01
      2.2420e+00    9.112103e-01
      2.2425e+00    9.124587e-01
      2.2430e+00    9.085579e-01
      2.2435e+00    9.064926e-01
      2.2440e+00    8.832991e-01
      2.2445e+00    9.014683e-01
      2.2450e+00    9.202963e-01
      2.2455e+00    9.173735e-01
      2.2460e+00    8.968950e-01
      2.2465e+00    8.852144e-01
      2.2470e+00    8.689181e-01
      2.2475e+00    8.906338e-01
      2.2480e+00    9.160916e-01
      2.2485e+00    9.180909e-01
      2.2490e+00    9.150762e-01
      2.2495e+00    9.079494e-01
      2.2500e+00    9.072432e-01
      2.2505e+00    8.984453e-01
      2.2510e+00    9.043011e-01
      2.2515e+00    9.145272e-01
      2.2520e+00    9.050706e-01
      2.2525e+00    9.031103e-01
      2.2530e+00    9.105171e-01
      2.2535e+00    9.032506e-01
      2.2540e+00    8.858651e-01
      2.2545e+00    8.806165e-01
      2.2550e+00    9.069239e-01
      2.2555e+00    8.906666e-01
      2.2560e+00    8.919171e-01
      2.2565e+00    8.901432e-01
      2.2570e+00    8.707263e-01
      2.2575e+00    8.975273e-01
      2.2580e+00    9.010897e-01
      2.2585e+00    8.976838e-01
      2.2590e+00    9.198227e-01
      2.2595e+00    9.119651e-01
      2.2600e+00    9.068501e-01
      2.2605e+00    8.909606e-01
      2.2610e+00    8.664953e-01
      2.2615e+00    8.929889e-01
      2.2620e+00    8.445980e-01
      2.2625e+00    8.777195e-01
      2.2630e+00    9.263356e-01
      2.2635e+00    9.001179e-01
      2.2640e+00    8.892666e-01
      2.2645e+00    8.658307e-01
      2.2650e+00    8.874810e-01
      2.2655e+00    9.252626e-01
      2.2660e+00    9.239720e-01
      2.2665e+00    9.278661e-01
      2.2670e+00    9.217386e-01
      2.2675e+00    9.051166e-01
      2.2680e+00    8.789419e-01
      2.2685e+00    8.444148e-01
      2.2690e+00    8.850845e-01
      2.2695e+00    9.159141e-01
      2.2700e+00    9.006806e-01
      2.2705e+00    8.936130e-01
      2.2710e+00    9.146357e-01
      2.2715e+00    9.150578e-01
      2.2720e+00    8.849631e-01
      2.2725e+00    8.878636e-01
      2.2730e+00    9.190308e-01
      2.2735e+00    9.222279e-01
      2.2740e+00    9.212840e-01
      2.2745e+00    9.221928e-01
      2.2750e+00    8.864272e-01
      2.2755e+00    8.404943e-01
      2.2760e+00    8.414562e-01
      2.2765e+00    9.002536e-01
      2.2770e+00    9.169480e-01
      2.2775e+00    8.962520e-01
      2.2780e+00    9.353600e-01
      2.2785e+00    9.261688e-01
      2.2790e+00    9.381959e-01
      2.2795e+00    9.428500e-01
      2.2800e+00    9.458853e-01
      2.2805e+00    9.110903e-01
      2.2810e+00    8.480167e-01
      2.2815e+00    9.314020e-01
      2.2820e+00    9.358237e-01
      2.2825e+00    8.947013e-01
      2.2830e+00    8.434902e-01
      2.2835e+00    9.155186e-01
      2.2840e+00    8.690963e-01
      2.2845e+00    9.164194e-01
      2.2850e+00    8.955280e-01
      2.2855e+00    9.095466e-01
      2.2860e+00    9.468411e-01
      2.2865e+00    9.374275e-01
      2.2870e+00    9.343675e-01
      2.2875e+00    9.391959e-01
      2.2880e+00    9.302916e-01
      2.2885e+00    9.388492e-01
      2.2890e+00    9.315978e-01
      2.2895e+00    8.649107e-01
      2.2900e+00    8.472554e-01
      2.2905e+00    9.093931e-01
      2.2910e+00    9.240622e-01
      2.2915e+00    9.352782e-01
      2.2920e+00    9.313930e-01
      2.2925e+00    8.832243e-01
      2.2930e+00    9.362290e-01
      2.2935e+00    9.201824e-01
      2.2940e+00    9.202929e-01
      2.2945e+00    9.015798e-01
      2.2950e+00    9.037651e-01
      2.2955e+00    8.905765e-01
      2.2960e+00    8.917750e-01
      2.2965e+00    9.162861e-01
      2.2970e+00    9.386927e-01
      2.2975e+00    9.437717e-01
      2.2980e+00    8.983119e-01
      2.2985e+00    8.610479e-01
      2.2990e+00    8.924258e-01
      2.2995e+00    8.947383e-01
      2.3000e+00    9.026512e-01
      2.3005e+00    8.690035e-01
      2.3010e+00    8.685305e-01
      2.3015e+00    9.398405e-01
      2.3020e+00    9.057238e-01
      2.3025e+00    8.998510e-01
      2.3030e+00    9.299027e-01
      2.3035e+00    8.846680e-01
      2.3040e+00    8.812182e-01
      2.3045e+00    8.574344e-01
      2.3050e+00    8.850249e-01
      2.3055e+00    9.138169e-01
      2.3060e+00    9.119914e-01
      2.3065e+00    9.000833e-01
      2.3070e+00    8.752889e-01
      2.3075e+00    8.728812e-01
      2.3080e+00    9.018046e-01
      2.3085e+00    9.218357e-01
      2.3090e+00    9.047683e-01
      2.3095e+00    8.865140e-01
      2.3100e+00    9.027423e-01
      2.3105e+00    9.177927e-01
      2.3110e+00    9.173347e-01
      2.3115e+00    9.031480e-01
      2.3120e+00    8.782221e-01
      2.3125e+00    8.931920e-01
      2.3130e+00    8.998164e-01
      2.3135e+00    8.921902e-01
      2.3140e+00    8.880892e-01
      2.3145e+00    8.771825e-01
      2.3150e+00    8.658608e-01
      2.3155e+00    8.544713e-01
      2.3160e+00    7.892871e-01
      2.3165e+00    7.153431e-01
      2.3170e+00    6.230439e-01
      2.3175e+00    7.056517e-01
      2.3180e+00    6.598951e-01
      2.3185e+00    7.035325e-01
      2.3190e+00    7.473233e-01
      2.3195e+00    7.369924e-01
      2.3200e+00    7.376936e-01
      2.3205e+00    7.240082e-01
      2.3210e+00    7.220696e-01
      2.3215e+00    6.833149e-01
      2.3220e+00    6.472041e-01
      2.3225e+00    6.653128e-01
      2.3230e+00    6.236137e-01
      2.3235e+00    6.184834e-01
      2.3240e+00    6.319636e-01
      2.3245e+00    6.550083e-01
      2.3250e+00    6.361291e-01
      2.3255e+00    5.897988e-01
      2.3260e+00    5.980024e-01
      2.3265e+00    5.830345e-01
      2.3270e+00    5.800346e-01
      2.3275e+00    5.617062e-01
      2.3280e+00    5.083102e-01
      2.3285e+00    4.842672e-01
      2.3290e+00    5.041345e-01
      2.3295e+00    4.914930e-01
      2.3300e+00    4.856397e-01
      2.3305e+00    4.627977e-01
      2.3310e+00    4.270687e-01
      2.3315e+00    4.073984e-01
      2.3320e+00    4.044311e-01
      2.3325e+00    3.936766e-01
      2.3330e+00    3.906031e-01
      2.3335e+00    3.718893e-01
      2.3340e+00    3.545425e-01
      2.3345e+00    3.423846e-01
      2.3350e+00    3.221326e-01
      2.3355e+00    3.088739e-01
      2.3360e+00    3.019539e-01
      2.3365e+00    2.954918e-01
      2.3370e+00    2.864936e-01
      2.3375e+00    2.744059e-01
      2.3380e+00    2.473048e-01
      2.3385e+00    2.234466e-01
      2.3390e+00    2.310578e-01
      2.3395e+00    2.116687e-01
      2.3400e+00    1.850348e-01
      2.3405e+00    1.806633e-01
      2.3410e+00    1.863819e-01
      2.3415e+00    1.644932e-01
      2.3420e+00    1.632463e-01
      2.3425e+00    1.783954e-01
      2.3430e+00    1.652434e-01
      2.3435e+00    1.538339e-01
      2.3440e+00    1.515244e-01
      2.3445e+00    1.406093e-01
      2.3450e+00    1.264271e-01
      2.3455e+00    1.226133e-01
      2.3460e+00    1.225463e-01
      2.3465e+00    1.166674e-01
      2.3470e+00    1.073846e-01
      2.3475e+00    9.792401e-02
      2.3480e+00    9.343325e-02
      2.3485e+00    9.631623e-02
      2.3490e+00    9.141934e-02
      2.3495e+00    8.129626e-02
      2.3500e+00    7.887866e-02
      2.3505e+00    7.054762e-02
      2.3510e+00    7.149303e-02
      2.3515e+00    6.510354e-02
      2.3520e+00    4.910157e-02
      2.3525e+00    5.101278e-02
      2.3530e+00    6.314500e-02
      2.3535e+00    5.300022e-02
      2.3540e+00    5.992825e-02
      2.3545e+00    5.653497e-02
      2.3550e+00    5.247249e-02
      2.3555e+00    4.713276e-02
      2.3560e+00    4.402331e-02
      2.3565e+00    4.307837e-02
      2.3570e+00    4.237742e-02
      2.3575e+00    4.091292e-02
      2.3580e+00    3.812850e-02
      2.3585e+00    2.782445e-02
      2.3590e+00    3.204309e-02
      2.3595e+00    3.497970e-02
      2.3600e+00    3.392288e-02
      2.3605e+00    3.189846e-02
      2.3610e+00    3.110666e-02
      2.3615e+00    2.838319e-02
      2.3620e+00    2.568140e-02
      2.3625e+00    2.677190e-02
      2.3630e+00    2.527040e-02
      2.3635e+00    2.344231e-02
      2.3640e+00    1.832042e-02
      2.3645e+00    1.996650e-02
      2.3650e+00    2.074152e-02
      2.3655e+00    2.021105e-02
      2.3660e+00    1.874822e-02
      2.3665e+00    1.773328e-02
      2.3670e+00    1.652341e-02
      2.3675e+00    1.308200e-02
      2.3680e+00    1.509664e-02
      2.3685e+00    1.413826e-02
      2.3690e+00    1.194113e-02
      2.3695e+00    1.256921e-02
      2.3700e+00    1.085730e-02
      2.3705e+00    8.190960e-03
      2.3710e+00    7.040599e-03
      2.3715e+00    7.129373e-03
      2.3720e+00    8.368046e-03
      2.3725e+00    9.257701e-03
      2.3730e+00    9.015074e-03
      2.3735e+00    9.072383e-03
      2.3740e+00    8.878963e-03
      2.3745e+00    8.756252e-03
      2.3750e+00    8.482288e-03
      2.3755e+00    7.842738e-03
      2.3760e+00    7.243691e-03
      2.3765e+00    5.412076e-03
      2.3770e+00    6.033980e-03
      2.3775e+00    6.225211e-03
      2.3780e+00    4.244420e-03
      2.3785e+00    5.195024e-03
      2.3790e+00    5.815629e-03
      2.3795e+00    5.365620e-03
      2.3800e+00    4.991252e-03
      2.3805e+00    4.890389e-03
      2.3810e+00    4.725303e-03
      2.3815e+00    4.899390e-03
      2.3820e+00    4.762072e-03
      2.3825e+00    4.372011e-03
      2.3830e+00    3.249000e-03
      2.3835e+00    2.333490e-03
      2.3840e+00    2.479555e-03
      2.3845e+00    3.475702e-03
      2.3850e+00    3.640185e-03
      2.3855e+00    3.382953e-03
      2.3860e+00    2.383877e-03
      2.3865e+00    2.712873e-03
      2.3870e+00    2.948094e-03
      2.3875e+00    2.902271e-03
      2.3880e+00    2.416370e-03
      2.3885e+00    2.011080e-03
      2.3890e+00    2.733877e-03
      2.3895e+00    2.526141e-03
      2.3900e+00    2.340918e-03
      2.3905e+00    2.284897e-03
      2.3910e+00    2.141331e-03
      2.3915e+00    1.568270e-03
      2.3920e+00    1.509244e-03
      2.3925e+00    1.945804e-03
      2.3930e+00    1.808625e-03
      2.3935e+00    1.910830e-03
      2.3940e+00    1.751370e-03
      2.3945e+00    1.462927e-03
      2.3950e+00    1.701092e-03
      2.3955e+00    1.577110e-03
      2.3960e+00    1.545097e-03
      2.3965e+00    1.345989e-03
      2.3970e+00    8.792635e-04
      2.3975e+00    1.116274e-03
      2.3980e+00    1.242199e-03
      2.3985e+00    1.294762e-03
      2.3990e+00    1.175777e-03
      2.3995e+00    1.264297e-03
      2.4000e+00    1.076481e-03
      2.4005e+00    9.393331e-04
      2.4010e+00    1.048787e-03
      2.4015e+00    1.090576e-03
      2.4020e+00    1.010174e-03
      2.4025e+00    1.096722e-03
      2.4030e+00    8.905452e-04
      2.4035e+00    9.078216e-04
      2.4040e+00    7.706876e-04
      2.4045e+00    4.025608e-04
      2.4050e+00    7.063120e-04
      2.4055e+00    7.615127e-04
      2.4060e+00    6.407356e-04
      2.4065e+00    5.605523e-04
      2.4070e+00    5.175077e-04
      2.4075e+00    6.106426e-04
      2.4080e+00    4.702635e-04
      2.4085e+00    6.133495e-04
      2.4090e+00    5.106916e-04
      2.4095e+00    4.702324e-04
      2.4100e+00    4.844705e-04
