#wavelength_um     transmission
#
  2.9650e+00    1.687473e-03
  2.9670e+00    1.693930e-03
  2.9680e+00    1.894103e-03
  2.9700e+00    6.909169e-04
  2.9720e+00    1.035299e-03
  2.9730e+00    5.897546e-04
  2.9750e+00    1.216100e-03
  2.9770e+00    1.711149e-03
  2.9780e+00    1.874731e-03
  2.9800e+00    2.014636e-03
  2.9820e+00    2.216961e-03
  2.9840e+00    2.188980e-03
  2.9850e+00    1.872579e-03
  2.9870e+00    1.480844e-03
  2.9890e+00    1.343091e-03
  2.9900e+00    1.693930e-03
  2.9920e+00    2.180370e-03
  2.9940e+00    2.365476e-03
  2.9960e+00    2.281533e-03
  2.9970e+00    1.868274e-03
  2.9990e+00    1.009470e-03
  3.0010e+00    1.930693e-03
  3.0030e+00    1.358158e-03
  3.0040e+00    3.551442e-04
  3.0060e+00    9.470512e-05
  3.0080e+00    9.255273e-04
  3.0100e+00    9.900990e-04
  3.0110e+00    6.715454e-04
  3.0130e+00    1.112785e-03
  3.0150e+00    5.294877e-04
  3.0170e+00    1.009470e-03
  3.0180e+00    1.123547e-03
  3.0200e+00    1.020232e-03
  3.0220e+00    8.889367e-04
  3.0240e+00    8.631081e-04
  3.0250e+00    1.022385e-03
  3.0270e+00    9.771847e-04
  3.0290e+00    9.212226e-04
  3.0310e+00    1.149376e-03
  3.0320e+00    1.360310e-03
  3.0340e+00    1.198881e-03
  3.0360e+00    7.640982e-04
  3.0380e+00    4.821352e-04
  3.0400e+00    6.328024e-04
  3.0410e+00    7.232028e-04
  3.0430e+00    6.586311e-04
  3.0450e+00    4.024968e-04
  3.0470e+00    1.112785e-03
  3.0480e+00    9.276797e-04
  3.0500e+00    6.844598e-04
  3.0520e+00    5.294877e-04
  3.0540e+00    6.220405e-04
  3.0560e+00    9.104606e-04
  3.0570e+00    1.142919e-03
  3.0590e+00    1.082652e-03
  3.0610e+00    7.038313e-04
  3.0630e+00    8.695652e-04
  3.0650e+00    1.239776e-03
  3.0670e+00    1.256995e-03
  3.0680e+00    1.272062e-03
  3.0700e+00    1.177357e-03
  3.0720e+00    1.229014e-03
  3.0740e+00    8.329746e-04
  3.0760e+00    8.932415e-04
  3.0770e+00    7.382695e-04
  3.0790e+00    8.566509e-04
  3.0810e+00    6.500215e-04
  3.0830e+00    6.005166e-04
  3.0850e+00    4.089539e-04
  3.0870e+00    3.164012e-04
  3.0880e+00    3.981920e-04
  3.0900e+00    5.983642e-04
  3.0920e+00    7.232028e-04
  3.0940e+00    8.523461e-04
  3.0960e+00    4.024968e-04
  3.0980e+00    4.563065e-04
  3.1000e+00    6.026690e-04
  3.1010e+00    7.727077e-04
  3.1030e+00    8.953939e-04
  3.1050e+00    1.190271e-03
  3.1070e+00    1.773569e-03
  3.1090e+00    2.369781e-03
  3.1110e+00    2.643134e-03
  3.1130e+00    2.793801e-03
  3.1140e+00    3.179079e-03
  3.1160e+00    3.747310e-03
  3.1180e+00    4.278950e-03
  3.1200e+00    4.771847e-03
  3.1220e+00    5.495049e-03
  3.1240e+00    6.625054e-03
  3.1260e+00    7.770125e-03
  3.1280e+00    8.540680e-03
  3.1290e+00    9.175635e-03
  3.1310e+00    1.013345e-02
  3.1330e+00    1.167886e-02
  3.1350e+00    1.376883e-02
  3.1370e+00    1.621825e-02
  3.1390e+00    1.902927e-02
  3.1410e+00    2.242789e-02
  3.1430e+00    2.636677e-02
  3.1450e+00    3.049935e-02
  3.1470e+00    3.506242e-02
  3.1480e+00    4.057254e-02
  3.1500e+00    4.780456e-02
  3.1520e+00    5.710288e-02
  3.1540e+00    6.799397e-02
  3.1560e+00    8.073612e-02
  3.1580e+00    9.575979e-02
  3.1600e+00    1.133018e-01
  3.1620e+00    1.336203e-01
  3.1640e+00    1.569737e-01
  3.1660e+00    1.849333e-01
  3.1680e+00    2.163151e-01
  3.1700e+00    2.501076e-01
  3.1720e+00    2.890659e-01
  3.1730e+00    3.312527e-01
  3.1750e+00    3.749462e-01
  3.1770e+00    4.210073e-01
  3.1790e+00    4.687904e-01
  3.1810e+00    5.137753e-01
  3.1830e+00    5.561774e-01
  3.1850e+00    5.998709e-01
  3.1870e+00    6.394748e-01
  3.1890e+00    6.721911e-01
  3.1910e+00    7.036160e-01
  3.1930e+00    7.315971e-01
  3.1950e+00    7.526905e-01
  3.1970e+00    7.684029e-01
  3.1990e+00    7.819630e-01
  3.2010e+00    7.901421e-01
  3.2030e+00    7.914335e-01
  3.2050e+00    7.927249e-01
  3.2070e+00    7.938011e-01
  3.2090e+00    7.905725e-01
  3.2110e+00    7.864830e-01
  3.2130e+00    7.802411e-01
  3.2150e+00    7.727077e-01
  3.2170e+00    7.664658e-01
  3.2190e+00    7.617305e-01
  3.2210e+00    7.569953e-01
  3.2230e+00    7.479552e-01
  3.2250e+00    7.410676e-01
  3.2270e+00    7.391304e-01
  3.2290e+00    7.339647e-01
  3.2310e+00    7.303056e-01
  3.2330e+00    7.294447e-01
  3.2350e+00    7.285837e-01
  3.2370e+00    7.307361e-01
  3.2390e+00    7.326733e-01
  3.2410e+00    7.341799e-01
  3.2430e+00    7.369781e-01
  3.2450e+00    7.414981e-01
  3.2470e+00    7.496771e-01
  3.2490e+00    7.557038e-01
  3.2510e+00    7.613000e-01
  3.2530e+00    7.701248e-01
  3.2550e+00    7.783039e-01
  3.2570e+00    7.866982e-01
  3.2590e+00    7.963840e-01
  3.2610e+00    8.045631e-01
  3.2630e+00    8.129574e-01
  3.2650e+00    8.215669e-01
  3.2670e+00    8.284546e-01
  3.2700e+00    8.366337e-01
  3.2720e+00    8.465347e-01
  3.2740e+00    8.525613e-01
  3.2760e+00    8.592338e-01
  3.2780e+00    8.659062e-01
  3.2800e+00    8.684890e-01
  3.2820e+00    8.736548e-01
  3.2840e+00    8.766681e-01
  3.2860e+00    8.758072e-01
  3.2880e+00    8.773138e-01
  3.2900e+00    8.796815e-01
  3.2920e+00    8.816186e-01
  3.2940e+00    8.803272e-01
  3.2970e+00    8.792510e-01
  3.2990e+00    8.790357e-01
  3.3010e+00    8.740852e-01
  3.3030e+00    8.730090e-01
  3.3050e+00    8.736548e-01
  3.3070e+00    8.682738e-01
  3.3090e+00    8.665519e-01
  3.3110e+00    8.659062e-01
  3.3130e+00    8.635385e-01
  3.3160e+00    8.631081e-01
  3.3180e+00    8.594490e-01
  3.3200e+00    8.538528e-01
  3.3220e+00    8.532071e-01
  3.3240e+00    8.547137e-01
  3.3260e+00    8.551442e-01
  3.3280e+00    8.551442e-01
  3.3300e+00    8.532071e-01
  3.3330e+00    8.536375e-01
  3.3350e+00    8.570814e-01
  3.3370e+00    8.572966e-01
  3.3390e+00    8.568661e-01
  3.3410e+00    8.583728e-01
  3.3430e+00    8.579423e-01
  3.3450e+00    8.575118e-01
  3.3480e+00    8.581576e-01
  3.3500e+00    8.594490e-01
  3.3520e+00    8.592338e-01
  3.3540e+00    8.583728e-01
  3.3560e+00    8.577271e-01
  3.3580e+00    8.544985e-01
  3.3610e+00    8.544985e-01
  3.3630e+00    8.544985e-01
  3.3650e+00    8.519156e-01
  3.3670e+00    8.532071e-01
  3.3690e+00    8.510547e-01
  3.3720e+00    8.439518e-01
  3.3740e+00    8.461042e-01
  3.3760e+00    8.489023e-01
  3.3780e+00    8.469651e-01
  3.3800e+00    8.473956e-01
  3.3830e+00    8.476109e-01
  3.3850e+00    8.478261e-01
  3.3870e+00    8.521309e-01
  3.3890e+00    8.560052e-01
  3.3910e+00    8.611709e-01
  3.3940e+00    8.659062e-01
  3.3960e+00    8.691347e-01
  3.3980e+00    8.773138e-01
  3.4000e+00    8.833405e-01
  3.4030e+00    8.874300e-01
  3.4050e+00    8.956091e-01
  3.4070e+00    8.999139e-01
  3.4090e+00    9.029273e-01
  3.4110e+00    9.106759e-01
  3.4140e+00    9.162721e-01
  3.4160e+00    9.156264e-01
  3.4180e+00    9.173483e-01
  3.4200e+00    9.225140e-01
  3.4230e+00    9.244511e-01
  3.4250e+00    9.261731e-01
  3.4270e+00    9.274645e-01
  3.4300e+00    9.216530e-01
  3.4320e+00    9.160568e-01
  3.4340e+00    9.160568e-01
  3.4360e+00    9.141197e-01
  3.4390e+00    9.085235e-01
  3.4410e+00    9.035730e-01
  3.4430e+00    8.981920e-01
  3.4450e+00    8.934567e-01
  3.4480e+00    8.897977e-01
  3.4500e+00    8.846319e-01
  3.4520e+00    8.816186e-01
  3.4550e+00    8.790357e-01
  3.4570e+00    8.749462e-01
  3.4590e+00    8.738700e-01
  3.4620e+00    8.736548e-01
  3.4640e+00    8.736548e-01
  3.4660e+00    8.751614e-01
  3.4690e+00    8.751614e-01
  3.4710e+00    8.747310e-01
  3.4730e+00    8.770986e-01
  3.4760e+00    8.814034e-01
  3.4780e+00    8.854929e-01
  3.4800e+00    8.906586e-01
  3.4830e+00    8.973310e-01
  3.4850e+00    9.020663e-01
  3.4870e+00    9.083082e-01
  3.4900e+00    9.151959e-01
  3.4920e+00    9.190702e-01
  3.4940e+00    9.250969e-01
  3.4970e+00    9.321997e-01
  3.4990e+00    9.380112e-01
  3.5010e+00    9.455446e-01
  3.5040e+00    9.502798e-01
  3.5060e+00    9.502798e-01
  3.5080e+00    9.530779e-01
  3.5110e+00    9.608265e-01
  3.5130e+00    9.664227e-01
  3.5160e+00    9.696513e-01
  3.5180e+00    9.726647e-01
  3.5200e+00    9.741713e-01
  3.5230e+00    9.752475e-01
  3.5250e+00    9.767542e-01
  3.5280e+00    9.773999e-01
  3.5300e+00    9.793371e-01
  3.5320e+00    9.812742e-01
  3.5350e+00    9.795523e-01
  3.5370e+00    9.750323e-01
  3.5400e+00    9.728799e-01
  3.5420e+00    9.733104e-01
  3.5440e+00    9.709427e-01
  3.5470e+00    9.683599e-01
  3.5490e+00    9.681446e-01
  3.5520e+00    9.666380e-01
  3.5540e+00    9.644856e-01
  3.5570e+00    9.614722e-01
  3.5590e+00    9.586741e-01
  3.5610e+00    9.588894e-01
  3.5640e+00    9.588894e-01
  3.5660e+00    9.580284e-01
  3.5690e+00    9.552303e-01
  3.5710e+00    9.522170e-01
  3.5740e+00    9.502798e-01
  3.5760e+00    9.502798e-01
  3.5790e+00    9.520017e-01
  3.5810e+00    9.513560e-01
  3.5840e+00    9.502798e-01
  3.5860e+00    9.524322e-01
  3.5890e+00    9.556608e-01
  3.5910e+00    9.582437e-01
  3.5940e+00    9.603960e-01
  3.5960e+00    9.621179e-01
  3.5990e+00    9.638399e-01
  3.6010e+00    9.634094e-01
  3.6040e+00    9.629789e-01
  3.6060e+00    9.638399e-01
  3.6090e+00    9.631941e-01
  3.6110e+00    9.653465e-01
  3.6140e+00    9.683599e-01
  3.6160e+00    9.672837e-01
  3.6190e+00    9.668532e-01
  3.6210e+00    9.662075e-01
  3.6240e+00    9.662075e-01
  3.6260e+00    9.670684e-01
  3.6290e+00    9.640551e-01
  3.6310e+00    9.601808e-01
  3.6340e+00    9.578132e-01
  3.6360e+00    9.545846e-01
  3.6390e+00    9.517865e-01
  3.6410e+00    9.500646e-01
  3.6440e+00    9.455446e-01
  3.6470e+00    9.412398e-01
  3.6490e+00    9.395179e-01
  3.6520e+00    9.349979e-01
  3.6540e+00    9.315540e-01
  3.6570e+00    9.321997e-01
  3.6590e+00    9.281102e-01
  3.6620e+00    9.229445e-01
  3.6650e+00    9.216530e-01
  3.6670e+00    9.210073e-01
  3.6700e+00    9.212226e-01
  3.6720e+00    9.231597e-01
  3.6750e+00    9.227292e-01
  3.6780e+00    9.210073e-01
  3.6800e+00    9.231597e-01
  3.6830e+00    9.287559e-01
  3.6850e+00    9.311236e-01
  3.6880e+00    9.317693e-01
  3.6910e+00    9.358588e-01
  3.6930e+00    9.412398e-01
  3.6960e+00    9.459750e-01
  3.6990e+00    9.500646e-01
  3.7010e+00    9.537236e-01
  3.7040e+00    9.563065e-01
  3.7070e+00    9.606113e-01
  3.7090e+00    9.685751e-01
  3.7120e+00    9.758932e-01
  3.7150e+00    9.793371e-01
  3.7170e+00    9.806285e-01
  3.7200e+00    9.819199e-01
  3.7230e+00    9.840723e-01
  3.7250e+00    9.877314e-01
  3.7280e+00    9.918209e-01
  3.7310e+00    9.937581e-01
  3.7330e+00    9.941885e-01
  3.7360e+00    9.961257e-01
  3.7390e+00    9.972019e-01
  3.7410e+00    9.984933e-01
  3.7440e+00    1.000000e+00
  3.7470e+00    9.993543e-01
  3.7490e+00    9.982781e-01
  3.7520e+00    9.963409e-01
  3.7550e+00    9.961257e-01
  3.7580e+00    9.969867e-01
  3.7600e+00    9.928971e-01
  3.7630e+00    9.881619e-01
  3.7660e+00    9.864399e-01
  3.7690e+00    9.857942e-01
  3.7710e+00    9.832114e-01
  3.7740e+00    9.793371e-01
  3.7770e+00    9.784761e-01
  3.7790e+00    9.773999e-01
  3.7820e+00    9.737409e-01
  3.7850e+00    9.698665e-01
  3.7880e+00    9.694361e-01
  3.7910e+00    9.696513e-01
  3.7930e+00    9.679294e-01
  3.7960e+00    9.683599e-01
  3.7990e+00    9.674989e-01
  3.8020e+00    9.644856e-01
  3.8040e+00    9.668532e-01
  3.8070e+00    9.679294e-01
  3.8100e+00    9.627637e-01
  3.8130e+00    9.610418e-01
  3.8160e+00    9.610418e-01
  3.8180e+00    9.591046e-01
  3.8210e+00    9.569522e-01
  3.8240e+00    9.526474e-01
  3.8270e+00    9.483427e-01
  3.8300e+00    9.476969e-01
  3.8330e+00    9.444684e-01
  3.8350e+00    9.386569e-01
  3.8380e+00    9.365045e-01
  3.8410e+00    9.319845e-01
  3.8440e+00    9.235902e-01
  3.8470e+00    9.186397e-01
  3.8500e+00    9.143349e-01
  3.8530e+00    9.085235e-01
  3.8550e+00    9.052949e-01
  3.8580e+00    9.020663e-01
  3.8610e+00    8.994834e-01
  3.8640e+00    9.003444e-01
  3.8670e+00    9.031425e-01
  3.8700e+00    9.068016e-01
  3.8730e+00    9.108911e-01
  3.8760e+00    9.160568e-01
  3.8780e+00    9.214378e-01
  3.8810e+00    9.272493e-01
  3.8840e+00    9.328455e-01
  3.8870e+00    9.397331e-01
  3.8900e+00    9.448988e-01
  3.8930e+00    9.470512e-01
  3.8960e+00    9.446836e-01
  3.8990e+00    9.367198e-01
  3.9020e+00    9.248816e-01
  3.9050e+00    9.035730e-01
  3.9080e+00    8.712871e-01
  3.9110e+00    8.325441e-01
  3.9140e+00    7.817477e-01
  3.9170e+00    7.195437e-01
  3.9190e+00    6.489453e-01
  3.9220e+00    5.718898e-01
  3.9250e+00    4.933276e-01
  3.9280e+00    4.169178e-01
  3.9310e+00    3.454585e-01
  3.9340e+00    2.800258e-01
  3.9370e+00    2.232028e-01
  3.9400e+00    1.758502e-01
  3.9430e+00    1.367198e-01
  3.9460e+00    1.058760e-01
  3.9490e+00    8.189841e-02
  3.9520e+00    6.308653e-02
  3.9550e+00    4.864400e-02
  3.9580e+00    3.773138e-02
  3.9610e+00    2.935859e-02
  3.9640e+00    2.264313e-02
  3.9670e+00    1.748171e-02
  3.9700e+00    1.379036e-02
  3.9740e+00    1.099656e-02
  3.9770e+00    8.648300e-03
  3.9800e+00    6.724064e-03
  3.9830e+00    5.288420e-03
  3.9860e+00    4.358588e-03
  3.9890e+00    3.807576e-03
  3.9920e+00    3.318984e-03
  3.9950e+00    2.660353e-03
  3.9980e+00    1.988808e-03
  4.0010e+00    1.633663e-03
  4.0040e+00    1.498063e-03
  4.0070e+00    1.241929e-03
  4.0100e+00    9.018511e-04
  4.0140e+00    8.006888e-04
  4.0170e+00    9.513560e-04
  4.0200e+00    1.024537e-03
  4.0230e+00    9.212226e-04
  4.0260e+00    8.975463e-04
  4.0290e+00    1.030994e-03
  4.0320e+00    1.091261e-03
  4.0350e+00    1.005166e-03
  4.0390e+00    9.233750e-04
  4.0420e+00    9.061558e-04
  4.0450e+00    9.405941e-04
  4.0480e+00    9.685751e-04
  4.0510e+00    9.664227e-04
  4.0540e+00    1.018080e-03
  4.0570e+00    1.082652e-03
  4.0610e+00    1.054671e-03
  4.0640e+00    9.470512e-04
  4.0670e+00    9.126130e-04
  4.0700e+00    9.599656e-04
  4.0730e+00    8.867843e-04
  4.0770e+00    6.500215e-04
  4.0800e+00    5.058115e-04
  4.0830e+00    5.294877e-04
  4.0860e+00    4.928971e-04
  4.0890e+00    4.304778e-04
  4.0930e+00    4.907447e-04
  4.0960e+00    5.531640e-04
  4.0990e+00    4.476969e-04
  4.1020e+00    2.798106e-04
  4.1060e+00    2.367628e-04
  4.1090e+00    3.637538e-04
  4.1120e+00    5.488592e-04
  4.1150e+00    6.414120e-04
  4.1190e+00    6.284976e-04
  4.1220e+00    5.230306e-04
  4.1250e+00    3.917348e-04
  4.1290e+00    3.895824e-04
  4.1320e+00    4.132587e-04
  4.1350e+00    3.529918e-04
  4.1380e+00    6.780026e-04
  4.1420e+00    7.813173e-04
  4.1450e+00    6.780026e-04
  4.1480e+00    5.058115e-04
  4.1520e+00    7.016789e-04
  4.1550e+00    3.874301e-04
  4.1580e+00    3.142488e-04
  4.1620e+00    2.496771e-04
  4.1650e+00    3.917348e-04
