#  wavelength_um     transmission
#
      9.0000e-01    1.121210e-06
      9.0100e-01    1.020580e-06
      9.0200e-01    5.308510e-07
      9.0300e-01    1.520620e-07
      9.0400e-01   -1.852200e-07
      9.0500e-01   -5.678770e-08
      9.0600e-01    1.596830e-07
      9.0700e-01    2.542290e-07
      9.0800e-01    3.167500e-07
      9.0900e-01    1.992190e-07
      9.1000e-01    8.888520e-08
      9.1100e-01    1.976400e-07
      9.1200e-01    5.477080e-07
      9.1300e-01    8.492710e-07
      9.1400e-01    1.182120e-06
      9.1500e-01    3.694580e-07
      9.1600e-01   -3.356130e-07
      9.1700e-01   -2.800100e-07
      9.1800e-01    1.703550e-07
      9.1900e-01    2.769500e-07
      9.2000e-01    2.710430e-07
      9.2100e-01    5.794220e-07
      9.2200e-01    5.252510e-07
      9.2300e-01    2.245030e-07
      9.2400e-01    1.110480e-07
      9.2500e-01    3.102780e-07
      9.2600e-01    4.985320e-07
      9.2700e-01    7.205770e-07
      9.2800e-01    4.133660e-07
      9.2900e-01    3.743350e-08
      9.3000e-01   -2.279990e-07
      9.3100e-01   -5.592030e-08
      9.3200e-01    2.059100e-07
      9.3300e-01    3.594820e-07
      9.3400e-01    3.077660e-07
      9.3500e-01    1.598110e-07
      9.3600e-01    1.296570e-07
      9.3700e-01    1.356280e-07
      9.3800e-01    2.688060e-07
      9.3900e-01    2.905960e-07
      9.4000e-01    2.148760e-07
      9.4100e-01   -2.279620e-08
      9.4200e-01   -7.581640e-08
      9.4300e-01    2.099780e-07
      9.4400e-01    1.943460e-07
      9.4500e-01    5.755520e-07
      9.4600e-01    2.880580e-07
      9.4700e-01   -3.331390e-08
      9.4800e-01   -2.105020e-07
      9.4900e-01   -1.311830e-07
      9.5000e-01    8.221980e-08
      9.5100e-01    2.228430e-07
      9.5200e-01    3.894440e-07
      9.5300e-01    2.881050e-07
      9.5400e-01    2.240150e-07
      9.5500e-01    1.068260e-07
      9.5600e-01    9.862400e-08
      9.5700e-01    3.659920e-07
      9.5800e-01    5.234660e-07
      9.5900e-01    3.607610e-07
      9.6000e-01    4.403680e-07
      9.6100e-01    5.026500e-07
      9.6200e-01    5.701900e-07
      9.6300e-01    1.211020e-07
      9.6400e-01   -4.392390e-07
      9.6500e-01   -3.967180e-07
      9.6600e-01   -1.297380e-07
      9.6700e-01   -5.571700e-08
      9.6800e-01   -4.153530e-08
      9.6900e-01    4.911340e-08
      9.7000e-01    1.788930e-07
      9.7100e-01    2.797710e-07
      9.7200e-01    2.037960e-07
      9.7300e-01    1.150100e-07
      9.7400e-01    8.933210e-08
      9.7500e-01    3.013890e-07
      9.7600e-01    4.912510e-07
      9.7700e-01    3.251790e-07
      9.7800e-01    6.015190e-08
      9.7900e-01   -8.723380e-08
      9.8000e-01   -1.529950e-07
      9.8100e-01   -1.597580e-07
      9.8200e-01   -7.652680e-08
      9.8300e-01    2.620170e-07
      9.8400e-01    6.107210e-07
      9.8500e-01    7.102210e-07
      9.8600e-01    5.366520e-07
      9.8700e-01    5.137770e-07
      9.8800e-01    1.351240e-06
      9.8900e-01    2.500930e-06
      9.9000e-01    4.284400e-06
      9.9100e-01    7.530420e-06
      9.9200e-01    1.160990e-05
      9.9300e-01    1.266130e-05
      9.9400e-01    1.587320e-05
      9.9500e-01    1.479040e-05
      9.9600e-01    1.125760e-05
      9.9700e-01    1.849440e-05
      9.9800e-01    2.611640e-05
      9.9900e-01    2.642010e-05
      1.0000e+00    4.106040e-05
      1.0010e+00    5.377660e-05
      1.0020e+00    8.201610e-05
      1.0030e+00    7.129410e-05
      1.0040e+00    5.611870e-05
      1.0050e+00    7.731550e-05
      1.0060e+00    6.457400e-05
      1.0070e+00    7.147360e-05
      1.0080e+00    7.642000e-05
      1.0090e+00    9.029520e-05
      1.0100e+00    1.133840e-04
      1.0110e+00    1.494510e-04
      1.0120e+00    1.582150e-04
      1.0130e+00    1.373490e-04
      1.0140e+00    1.294310e-04
      1.0150e+00    8.680150e-05
      1.0160e+00    9.300970e-05
      1.0170e+00    1.104530e-04
      1.0180e+00    1.208480e-04
      1.0190e+00    1.024630e-04
      1.0200e+00    1.211450e-04
      1.0210e+00    1.027420e-04
      1.0220e+00    1.076430e-04
      1.0230e+00    1.990730e-04
      1.0240e+00    1.689110e-04
      1.0250e+00    1.743020e-04
      1.0260e+00    2.321290e-04
      1.0270e+00    2.155590e-04
      1.0280e+00    2.114370e-04
      1.0290e+00    1.822140e-04
      1.0300e+00    1.984910e-04
      1.0310e+00    1.805280e-04
      1.0320e+00    2.260710e-04
      1.0330e+00    1.794800e-04
      1.0340e+00    2.133080e-04
      1.0350e+00    2.170740e-04
      1.0360e+00    1.804250e-04
      1.0370e+00    2.747130e-04
      1.0380e+00    1.994670e-04
      1.0390e+00    2.335340e-04
      1.0400e+00    2.258900e-04
      1.0410e+00    2.902710e-04
      1.0420e+00    2.600990e-04
      1.0430e+00    2.363910e-04
      1.0440e+00    2.898920e-04
      1.0450e+00    1.668410e-04
      1.0460e+00    2.080160e-04
      1.0470e+00    2.345600e-04
      1.0480e+00    2.672120e-04
      1.0490e+00    2.217300e-04
      1.0500e+00    2.711130e-04
      1.0510e+00    2.453610e-04
      1.0520e+00    1.620130e-04
      1.0530e+00    2.782930e-04
      1.0540e+00    3.438430e-04
      1.0550e+00    2.143490e-04
      1.0560e+00    2.405210e-04
      1.0570e+00    2.726450e-04
      1.0580e+00    2.748480e-04
      1.0590e+00    3.230340e-04
      1.0600e+00    3.179870e-04
      1.0610e+00    3.415630e-04
      1.0620e+00    2.344410e-04
      1.0630e+00    3.507940e-04
      1.0640e+00    3.900850e-04
      1.0650e+00    4.226650e-04
      1.0660e+00    4.144070e-04
      1.0670e+00    4.106610e-04
      1.0680e+00    4.779810e-04
      1.0690e+00    5.612290e-04
      1.0700e+00    5.270280e-04
      1.0710e+00    4.729950e-04
      1.0720e+00    5.415160e-04
      1.0730e+00    4.748030e-04
      1.0740e+00    5.495150e-04
      1.0750e+00    6.067060e-04
      1.0760e+00    6.616780e-04
      1.0770e+00    6.375950e-04
      1.0780e+00    7.557100e-04
      1.0790e+00    8.543670e-04
      1.0800e+00    8.771740e-04
      1.0810e+00    9.727130e-04
      1.0820e+00    1.076040e-03
      1.0830e+00    1.131790e-03
      1.0840e+00    1.334700e-03
      1.0850e+00    1.611010e-03
      1.0860e+00    1.877280e-03
      1.0870e+00    1.956340e-03
      1.0880e+00    2.435410e-03
      1.0890e+00    2.853510e-03
      1.0900e+00    3.586240e-03
      1.0910e+00    4.365240e-03
      1.0920e+00    5.427450e-03
      1.0930e+00    6.672970e-03
      1.0940e+00    8.282560e-03
      1.0950e+00    1.033190e-02
      1.0960e+00    1.273320e-02
      1.0970e+00    1.603030e-02
      1.0980e+00    2.000040e-02
      1.0990e+00    2.482150e-02
      1.1000e+00    3.047730e-02
      1.1010e+00    3.706490e-02
      1.1020e+00    4.659230e-02
      1.1030e+00    5.678870e-02
      1.1040e+00    7.091480e-02
      1.1050e+00    8.767160e-02
      1.1060e+00    1.105270e-01
      1.1070e+00    1.351000e-01
      1.1080e+00    1.705030e-01
      1.1090e+00    2.071490e-01
      1.1100e+00    2.589840e-01
      1.1110e+00    3.176090e-01
      1.1120e+00    3.755870e-01
      1.1130e+00    4.379340e-01
      1.1140e+00    5.045490e-01
      1.1150e+00    5.639410e-01
      1.1160e+00    6.003910e-01
      1.1170e+00    6.017610e-01
      1.1180e+00    5.884450e-01
      1.1190e+00    5.775960e-01
      1.1200e+00    5.664360e-01
      1.1210e+00    5.497160e-01
      1.1220e+00    5.511250e-01
      1.1230e+00    5.479780e-01
      1.1240e+00    5.412600e-01
      1.1250e+00    5.521760e-01
      1.1260e+00    5.745220e-01
      1.1270e+00    5.895930e-01
      1.1280e+00    6.008770e-01
      1.1290e+00    6.035700e-01
      1.1300e+00    5.945790e-01
      1.1310e+00    6.095550e-01
      1.1320e+00    6.486500e-01
      1.1330e+00    6.724630e-01
      1.1340e+00    6.215600e-01
      1.1350e+00    5.254790e-01
      1.1360e+00    4.544030e-01
      1.1370e+00    4.759830e-01
      1.1380e+00    5.629300e-01
      1.1390e+00    6.433340e-01
      1.1400e+00    6.908070e-01
      1.1410e+00    7.049020e-01
      1.1420e+00    6.947830e-01
      1.1430e+00    6.726410e-01
      1.1440e+00    6.304960e-01
      1.1450e+00    5.731480e-01
      1.1460e+00    5.307040e-01
      1.1470e+00    5.279400e-01
      1.1480e+00    5.558540e-01
      1.1490e+00    5.970730e-01
      1.1500e+00    6.313480e-01
      1.1510e+00    6.552680e-01
      1.1520e+00    6.841150e-01
      1.1530e+00    7.078330e-01
      1.1540e+00    7.254970e-01
      1.1550e+00    7.355390e-01
      1.1560e+00    7.409740e-01
      1.1570e+00    7.512280e-01
      1.1580e+00    7.679440e-01
      1.1590e+00    7.757250e-01
      1.1600e+00    7.672160e-01
      1.1610e+00    7.658050e-01
      1.1620e+00    7.739450e-01
      1.1630e+00    7.841500e-01
      1.1640e+00    7.871020e-01
      1.1650e+00    7.824800e-01
      1.1660e+00    7.741920e-01
      1.1670e+00    7.615390e-01
      1.1680e+00    7.473610e-01
      1.1690e+00    7.401900e-01
      1.1700e+00    7.487000e-01
      1.1710e+00    7.691080e-01
      1.1720e+00    7.899540e-01
      1.1730e+00    8.031210e-01
      1.1740e+00    8.124410e-01
      1.1750e+00    8.246510e-01
      1.1760e+00    8.421380e-01
      1.1770e+00    8.607090e-01
      1.1780e+00    8.709810e-01
      1.1790e+00    8.720430e-01
      1.1800e+00    8.708310e-01
      1.1810e+00    8.681550e-01
      1.1820e+00    8.526450e-01
      1.1830e+00    8.276030e-01
      1.1840e+00    8.178080e-01
      1.1850e+00    8.373520e-01
      1.1860e+00    8.609430e-01
      1.1870e+00    8.750360e-01
      1.1880e+00    8.621150e-01
      1.1890e+00    8.399850e-01
      1.1900e+00    8.329190e-01
      1.1910e+00    8.532540e-01
      1.1920e+00    8.814390e-01
      1.1930e+00    9.037360e-01
      1.1940e+00    9.107810e-01
      1.1950e+00    9.168270e-01
      1.1960e+00    9.209060e-01
      1.1970e+00    9.243110e-01
      1.1980e+00    9.272510e-01
      1.1990e+00    9.267320e-01
      1.2000e+00    9.227430e-01
      1.2010e+00    9.241060e-01
      1.2020e+00    9.332310e-01
      1.2030e+00    9.393920e-01
      1.2040e+00    9.355640e-01
      1.2050e+00    9.234270e-01
      1.2060e+00    9.194520e-01
      1.2070e+00    9.253290e-01
      1.2080e+00    9.316210e-01
      1.2090e+00    9.331260e-01
      1.2100e+00    9.306590e-01
      1.2110e+00    9.279260e-01
      1.2120e+00    9.277630e-01
      1.2130e+00    9.288670e-01
      1.2140e+00    9.307280e-01
      1.2150e+00    9.298540e-01
      1.2160e+00    9.299840e-01
      1.2170e+00    9.365480e-01
      1.2180e+00    9.488680e-01
      1.2190e+00    9.571560e-01
      1.2200e+00    9.606180e-01
      1.2210e+00    9.609760e-01
      1.2220e+00    9.631720e-01
      1.2230e+00    9.656130e-01
      1.2240e+00    9.669320e-01
      1.2250e+00    9.680920e-01
      1.2260e+00    9.723800e-01
      1.2270e+00    9.796740e-01
      1.2280e+00    9.857480e-01
      1.2290e+00    9.894980e-01
      1.2300e+00    9.908420e-01
      1.2310e+00    9.912810e-01
      1.2320e+00    9.926680e-01
      1.2330e+00    9.934100e-01
      1.2340e+00    9.928240e-01
      1.2350e+00    9.923440e-01
      1.2360e+00    9.913720e-01
      1.2370e+00    9.920750e-01
      1.2380e+00    9.908470e-01
      1.2390e+00    9.900340e-01
      1.2400e+00    9.886880e-01
      1.2410e+00    9.873190e-01
      1.2420e+00    9.863680e-01
      1.2430e+00    9.856820e-01
      1.2440e+00    9.852780e-01
      1.2450e+00    9.848370e-01
      1.2460e+00    9.851220e-01
      1.2470e+00    9.863760e-01
      1.2480e+00    9.888230e-01
      1.2490e+00    9.917730e-01
      1.2500e+00    9.951830e-01
      1.2510e+00    9.974050e-01
      1.2520e+00    9.996430e-01
      1.2530e+00    1.000000e+00
      1.2540e+00    9.954270e-01
      1.2550e+00    9.845960e-01
      1.2560e+00    9.685470e-01
      1.2570e+00    9.472480e-01
      1.2580e+00    9.168540e-01
      1.2590e+00    8.707760e-01
      1.2600e+00    8.045620e-01
      1.2610e+00    7.242560e-01
      1.2620e+00    6.417720e-01
      1.2630e+00    5.631240e-01
      1.2640e+00    4.885430e-01
      1.2650e+00    4.132850e-01
      1.2660e+00    3.391840e-01
      1.2670e+00    2.770620e-01
      1.2680e+00    2.247150e-01
      1.2690e+00    1.754210e-01
      1.2700e+00    1.338250e-01
      1.2710e+00    1.038400e-01
      1.2720e+00    8.391490e-02
      1.2730e+00    6.834780e-02
      1.2740e+00    5.633100e-02
      1.2750e+00    4.510460e-02
      1.2760e+00    3.547670e-02
      1.2770e+00    2.845210e-02
      1.2780e+00    2.290400e-02
      1.2790e+00    1.877520e-02
      1.2800e+00    1.507220e-02
      1.2810e+00    1.225280e-02
      1.2820e+00    1.027210e-02
      1.2830e+00    8.273280e-03
      1.2840e+00    6.830830e-03
      1.2850e+00    5.762380e-03
      1.2860e+00    4.794440e-03
      1.2870e+00    4.102450e-03
      1.2880e+00    3.385240e-03
      1.2890e+00    2.966700e-03
      1.2900e+00    2.591170e-03
      1.2910e+00    2.242810e-03
      1.2920e+00    1.969130e-03
      1.2930e+00    1.730970e-03
      1.2940e+00    1.714240e-03
      1.2950e+00    1.323590e-03
      1.2960e+00    1.265400e-03
      1.2970e+00    1.116150e-03
      1.2980e+00    1.034010e-03
      1.2990e+00    9.820320e-04
      1.3000e+00    9.984520e-04
      1.3010e+00    9.894240e-04
      1.3020e+00    5.979620e-04
      1.3030e+00    7.217600e-04
      1.3040e+00    6.960970e-04
      1.3050e+00    6.954620e-04
      1.3060e+00    6.151970e-04
      1.3070e+00    5.709340e-04
      1.3080e+00    5.416390e-04
      1.3090e+00    4.693180e-04
      1.3100e+00    4.576630e-04
      1.3110e+00    3.887790e-04
      1.3120e+00    4.011350e-04
      1.3130e+00    6.966490e-04
      1.3140e+00    4.884410e-04
      1.3150e+00    4.069570e-04
      1.3160e+00    3.256700e-04
      1.3170e+00    5.781900e-04
      1.3180e+00    4.573430e-04
      1.3190e+00    4.185610e-04
      1.3200e+00    4.056570e-04
      1.3210e+00    3.635320e-04
      1.3220e+00    4.606400e-04
      1.3230e+00    4.075660e-04
      1.3240e+00    4.125200e-04
      1.3250e+00    3.511630e-04
      1.3260e+00    3.209030e-04
      1.3270e+00    3.307490e-04
      1.3280e+00    3.766030e-04
      1.3290e+00    3.831400e-04
      1.3300e+00    4.312830e-04
      1.3310e+00    2.760500e-04
      1.3320e+00    3.886830e-04
      1.3330e+00    3.431190e-04
      1.3340e+00    5.149260e-04
      1.3350e+00    3.349140e-04
      1.3360e+00    4.237370e-04
      1.3370e+00    4.511370e-04
      1.3380e+00    4.454040e-04
      1.3390e+00    3.559060e-04
      1.3400e+00    4.621130e-04
      1.3410e+00    3.475050e-04
      1.3420e+00    4.136180e-04
      1.3430e+00    3.868910e-04
      1.3440e+00    3.580080e-04
      1.3450e+00    4.116990e-04
      1.3460e+00    2.732360e-04
      1.3470e+00    2.540850e-04
      1.3480e+00    2.295860e-04
      1.3490e+00    2.338940e-04
      1.3500e+00    1.719800e-04
      1.3510e+00    1.850190e-04
      1.3520e+00    2.106670e-04
      1.3530e+00    1.833230e-04
      1.3540e+00    1.335490e-04
      1.3550e+00    9.674320e-05
      1.3560e+00    1.173570e-04
      1.3570e+00    8.970490e-05
      1.3580e+00    8.777460e-05
      1.3590e+00    6.850320e-05
      1.3600e+00    8.717330e-05
      1.3610e+00    4.940100e-05
      1.3620e+00    4.442320e-05
      1.3630e+00    3.106130e-05
      1.3640e+00    4.113960e-05
      1.3650e+00    5.891580e-05
      1.3660e+00    6.738130e-05
      1.3670e+00    9.891070e-05
      1.3680e+00    7.025020e-05
      1.3690e+00    6.328770e-05
      1.3700e+00    5.543820e-05
      1.3710e+00    6.881720e-05
      1.3720e+00    5.967260e-05
      1.3730e+00    6.523420e-05
      1.3740e+00    6.100050e-05
      1.3750e+00    8.414940e-05
      1.3760e+00    1.150220e-04
      1.3770e+00    1.348800e-04
      1.3780e+00    1.324440e-04
      1.3790e+00    6.171210e-05
      1.3800e+00    1.351540e-04
      1.3810e+00    1.434270e-04
      1.3820e+00    5.815430e-05
      1.3830e+00    4.636860e-05
      1.3840e+00    4.166920e-05
      1.3850e+00    3.351930e-05
      1.3860e+00    5.007320e-05
      1.3870e+00    6.909420e-05
      1.3880e+00    8.920640e-05
      1.3890e+00    1.049320e-04
      1.3900e+00    1.539190e-04
      1.3910e+00    1.286840e-04
      1.3920e+00    1.393030e-04
      1.3930e+00    1.704530e-04
      1.3940e+00    1.276520e-04
      1.3950e+00    1.364350e-04
      1.3960e+00    8.702620e-05
      1.3970e+00    1.093570e-04
      1.3980e+00    1.031870e-04
      1.3990e+00    6.686750e-05
      1.4000e+00    1.610350e-04
