#wavelength_um     transmission
#
  5.6180e+00    5.763779e-04
  5.6240e+00    3.653543e-04
  5.6300e+00    3.559055e-04
  5.6360e+00    3.496063e-04
  5.6430e+00    3.496063e-04
  5.6490e+00    3.905512e-04
  5.6550e+00    4.125984e-04
  5.6610e+00    2.866142e-04
  5.6670e+00    3.181102e-04
  5.6730e+00    5.511811e-04
  5.6800e+00    5.606299e-04
  5.6860e+00    2.015748e-04
  5.6920e+00    3.433071e-04
  5.6980e+00    5.133858e-04
  5.7050e+00    3.464567e-04
  5.7110e+00    3.086614e-04
  5.7170e+00    2.173228e-04
  5.7230e+00    4.913386e-04
  5.7300e+00    5.669291e-04
  5.7360e+00    5.574803e-04
  5.7420e+00    5.889764e-04
  5.7490e+00    3.748032e-04
  5.7550e+00    4.377953e-04
  5.7620e+00    2.866142e-04
  5.7680e+00    5.574803e-04
  5.7740e+00    1.826772e-04
  5.7810e+00    3.590551e-04
  5.7870e+00    4.220472e-04
  5.7940e+00    1.055118e-03
  5.8000e+00    3.748032e-04
  5.8070e+00    3.685039e-04
  5.8130e+00    6.488189e-04
  5.8200e+00    5.448819e-04
  5.8260e+00    4.251969e-04
  5.8330e+00    4.125984e-04
  5.8390e+00    2.488189e-04
  5.8460e+00    3.937008e-04
  5.8530e+00    1.143307e-03
  5.8590e+00    1.357480e-03
  5.8660e+00    1.020472e-03
  5.8730e+00    6.992126e-04
  5.8790e+00    4.377953e-04
  5.8860e+00    2.866142e-04
  5.8930e+00    6.834646e-04
  5.8990e+00    1.795276e-04
  5.9060e+00    4.314961e-04
  5.9130e+00    3.779528e-05
  5.9190e+00    8.976378e-04
  5.9260e+00    1.143307e-03
  5.9330e+00    8.787402e-04
  5.9400e+00    8.913386e-04
  5.9470e+00    8.503937e-04
  5.9530e+00    8.818898e-04
  5.9600e+00    8.692913e-04
  5.9670e+00    6.866142e-04
  5.9740e+00    1.291339e-04
  5.9810e+00    4.314961e-04
  5.9880e+00    1.385827e-04
  5.9950e+00    1.001575e-03
  6.0020e+00    4.598425e-04
  6.0090e+00    6.204724e-04
  6.0160e+00    6.456693e-04
  6.0230e+00    7.055118e-04
  6.0300e+00    1.458268e-03
  6.0370e+00    1.316535e-03
  6.0440e+00    7.811024e-04
  6.0510e+00    2.771654e-04
  6.0580e+00    6.173228e-04
  6.0650e+00    1.146457e-03
  6.0720e+00    1.165354e-04
  6.0790e+00    7.716535e-04
  6.0860e+00    8.535433e-04
  6.0930e+00    1.240945e-03
  6.1010e+00    9.480315e-04
  6.1080e+00    1.395276e-03
  6.1150e+00    1.033071e-03
  6.1220e+00    8.031496e-04
  6.1290e+00    6.740158e-04
  6.1370e+00    5.795276e-04
  6.1440e+00    9.984252e-04
  6.1510e+00    5.543307e-04
  6.1590e+00    6.456693e-04
  6.1660e+00    8.944882e-04
  6.1730e+00    6.771653e-04
  6.1810e+00    4.598425e-04
  6.1880e+00    4.661417e-04
  6.1950e+00    7.716535e-04
  6.2030e+00    8.724409e-04
  6.2100e+00    1.011024e-03
  6.2180e+00    7.086614e-04
  6.2250e+00    4.440945e-04
  6.2330e+00    4.062992e-04
  6.2400e+00    7.937008e-04
  6.2480e+00    8.125984e-04
  6.2550e+00    1.029921e-03
  6.2630e+00    1.603150e-03
  6.2700e+00    1.020472e-03
  6.2780e+00    1.171653e-03
  6.2850e+00    2.056693e-03
  6.2930e+00    1.703937e-03
  6.3010e+00    1.351181e-03
  6.3080e+00    2.595276e-03
  6.3160e+00    2.299213e-03
  6.3240e+00    3.300787e-03
  6.3310e+00    3.666142e-03
  6.3390e+00    5.911811e-03
  6.3470e+00    8.116535e-03
  6.3550e+00    1.481890e-02
  6.3630e+00    2.748347e-02
  6.3700e+00    4.762205e-02
  6.3780e+00    7.379528e-02
  6.3860e+00    1.067402e-01
  6.3940e+00    1.478110e-01
  6.4020e+00    1.923465e-01
  6.4100e+00    2.375748e-01
  6.4180e+00    2.840000e-01
  6.4260e+00    3.307087e-01
  6.4340e+00    3.842520e-01
  6.4420e+00    4.428346e-01
  6.4500e+00    4.944882e-01
  6.4580e+00    5.329134e-01
  6.4660e+00    5.565354e-01
  6.4740e+00    5.719685e-01
  6.4820e+00    5.842520e-01
  6.4900e+00    5.984252e-01
  6.4980e+00    6.182677e-01
  6.5060e+00    6.390551e-01
  6.5140e+00    6.592126e-01
  6.5230e+00    6.793701e-01
  6.5310e+00    6.951181e-01
  6.5390e+00    7.083465e-01
  6.5470e+00    7.206299e-01
  6.5560e+00    7.253543e-01
  6.5640e+00    7.278740e-01
  6.5720e+00    7.322835e-01
  6.5810e+00    7.338583e-01
  6.5890e+00    7.382677e-01
  6.5970e+00    7.420472e-01
  6.6060e+00    7.426772e-01
  6.6140e+00    7.429921e-01
  6.6230e+00    7.392126e-01
  6.6310e+00    7.363780e-01
  6.6400e+00    7.357480e-01
  6.6480e+00    7.329134e-01
  6.6570e+00    7.322835e-01
  6.6650e+00    7.297638e-01
  6.6740e+00    7.193701e-01
  6.6820e+00    7.058268e-01
  6.6910e+00    6.935433e-01
  6.7000e+00    6.875591e-01
  6.7080e+00    6.916535e-01
  6.7170e+00    7.055118e-01
  6.7260e+00    7.231496e-01
  6.7340e+00    7.401575e-01
  6.7430e+00    7.514961e-01
  6.7520e+00    7.543307e-01
  6.7610e+00    7.530709e-01
  6.7700e+00    7.530709e-01
  6.7780e+00    7.559055e-01
  6.7870e+00    7.647244e-01
  6.7960e+00    7.744882e-01
  6.8050e+00    7.807874e-01
  6.8140e+00    7.883465e-01
  6.8230e+00    7.952756e-01
  6.8320e+00    7.977953e-01
  6.8410e+00    7.981102e-01
  6.8500e+00    7.990551e-01
  6.8590e+00    8.025197e-01
  6.8680e+00    8.034646e-01
  6.8770e+00    8.015748e-01
  6.8860e+00    8.022047e-01
  6.8960e+00    8.028347e-01
  6.9050e+00    8.015748e-01
  6.9140e+00    7.987402e-01
  6.9230e+00    7.949606e-01
  6.9320e+00    7.914961e-01
  6.9420e+00    7.889764e-01
  6.9510e+00    7.899213e-01
  6.9600e+00    7.952756e-01
  6.9700e+00    8.009449e-01
  6.9790e+00    8.037795e-01
  6.9890e+00    8.031496e-01
  6.9980e+00    7.968504e-01
  7.0070e+00    7.851969e-01
  7.0170e+00    7.748031e-01
  7.0260e+00    7.647244e-01
  7.0360e+00    7.622047e-01
  7.0450e+00    7.697638e-01
  7.0550e+00    7.757480e-01
  7.0650e+00    7.798425e-01
  7.0740e+00    7.814173e-01
  7.0840e+00    7.766929e-01
  7.0940e+00    7.713386e-01
  7.1030e+00    7.681890e-01
  7.1130e+00    7.691339e-01
  7.1230e+00    7.741732e-01
  7.1330e+00    7.817323e-01
  7.1430e+00    7.921260e-01
  7.1520e+00    7.981102e-01
  7.1620e+00    7.959055e-01
  7.1720e+00    7.883465e-01
  7.1820e+00    7.788976e-01
  7.1920e+00    7.716535e-01
  7.2020e+00    7.694488e-01
  7.2120e+00    7.725984e-01
  7.2220e+00    7.785827e-01
  7.2320e+00    7.892913e-01
  7.2420e+00    8.025197e-01
  7.2520e+00    8.132284e-01
  7.2630e+00    8.207874e-01
  7.2730e+00    8.239370e-01
  7.2830e+00    8.229921e-01
  7.2930e+00    8.188976e-01
  7.3030e+00    8.138583e-01
  7.3140e+00    8.091339e-01
  7.3240e+00    8.072441e-01
  7.3340e+00    8.069291e-01
  7.3450e+00    8.075591e-01
  7.3550e+00    8.110236e-01
  7.3660e+00    8.173228e-01
  7.3760e+00    8.248819e-01
  7.3870e+00    8.311811e-01
  7.3970e+00    8.355906e-01
  7.4080e+00    8.393701e-01
  7.4180e+00    8.400000e-01
  7.4290e+00    8.371654e-01
  7.4400e+00    8.305512e-01
  7.4500e+00    8.211024e-01
  7.4610e+00    8.135433e-01
  7.4720e+00    8.088189e-01
  7.4830e+00    8.097638e-01
  7.4930e+00    8.201575e-01
  7.5040e+00    8.377953e-01
  7.5150e+00    8.598425e-01
  7.5260e+00    8.774803e-01
  7.5370e+00    8.891339e-01
  7.5480e+00    8.985827e-01
  7.5590e+00    9.020472e-01
  7.5700e+00    9.039370e-01
  7.5810e+00    9.105512e-01
  7.5920e+00    9.155906e-01
  7.6030e+00    9.209449e-01
  7.6140e+00    9.244095e-01
  7.6260e+00    9.187402e-01
  7.6370e+00    9.099213e-01
  7.6480e+00    9.011024e-01
  7.6590e+00    8.925984e-01
  7.6710e+00    8.922835e-01
  7.6820e+00    9.004724e-01
  7.6940e+00    9.111811e-01
  7.7050e+00    9.237795e-01
  7.7160e+00    9.313386e-01
  7.7280e+00    9.307087e-01
  7.7400e+00    9.256693e-01
  7.7510e+00    9.181102e-01
  7.7630e+00    9.118110e-01
  7.7740e+00    9.092913e-01
  7.7860e+00    9.089764e-01
  7.7980e+00    9.124409e-01
  7.8090e+00    9.171653e-01
  7.8210e+00    9.181102e-01
  7.8330e+00    9.184252e-01
  7.8450e+00    9.200000e-01
  7.8570e+00    9.240945e-01
  7.8690e+00    9.332284e-01
  7.8810e+00    9.445669e-01
  7.8930e+00    9.555906e-01
  7.9050e+00    9.634646e-01
  7.9170e+00    9.644095e-01
  7.9290e+00    9.612598e-01
  7.9410e+00    9.546457e-01
  7.9530e+00    9.439370e-01
  7.9650e+00    9.357480e-01
  7.9780e+00    9.329134e-01
  7.9900e+00    9.325984e-01
  8.0020e+00    9.382677e-01
  8.0150e+00    9.464567e-01
  8.0270e+00    9.527559e-01
  8.0390e+00    9.622047e-01
  8.0520e+00    9.685039e-01
  8.0640e+00    9.681890e-01
  8.0770e+00    9.691339e-01
  8.0900e+00    9.685039e-01
  8.1020e+00    9.688189e-01
  8.1150e+00    9.751181e-01
  8.1280e+00    9.814173e-01
  8.1400e+00    9.880315e-01
  8.1530e+00    9.914961e-01
  8.1660e+00    9.867717e-01
  8.1790e+00    9.804724e-01
  8.1920e+00    9.735433e-01
  8.2050e+00    9.685039e-01
  8.2180e+00    9.666142e-01
  8.2310e+00    9.719685e-01
  8.2440e+00    9.836221e-01
  8.2570e+00    9.908661e-01
  8.2700e+00    9.943307e-01
  8.2830e+00    9.965354e-01
  8.2970e+00    9.930709e-01
  8.3100e+00    9.892913e-01
  8.3230e+00    9.899213e-01
  8.3370e+00    9.937008e-01
  8.3500e+00    9.962205e-01
  8.3640e+00    9.971653e-01
  8.3770e+00    9.955905e-01
  8.3910e+00    9.858268e-01
  8.4040e+00    9.741732e-01
  8.4180e+00    9.678740e-01
  8.4320e+00    9.659842e-01
  8.4450e+00    9.707087e-01
  8.4590e+00    9.826772e-01
  8.4730e+00    9.943307e-01
  8.4870e+00    1.000000e+00
  8.5010e+00    9.996850e-01
  8.5150e+00    9.962205e-01
  8.5290e+00    9.886614e-01
  8.5430e+00    9.807874e-01
  8.5570e+00    9.785827e-01
  8.5710e+00    9.823622e-01
  8.5850e+00    9.861417e-01
  8.5990e+00    9.861417e-01
  8.6140e+00    9.855118e-01
  8.6280e+00    9.851969e-01
  8.6420e+00    9.855118e-01
  8.6570e+00    9.839370e-01
  8.6710e+00    9.798425e-01
  8.6860e+00    9.722835e-01
  8.7000e+00    9.565354e-01
  8.7150e+00    9.354331e-01
  8.7300e+00    9.177953e-01
  8.7440e+00    9.067717e-01
  8.7590e+00    9.017323e-01
  8.7740e+00    9.058268e-01
  8.7890e+00    9.181102e-01
  8.8040e+00    9.332284e-01
  8.8190e+00    9.458268e-01
  8.8340e+00    9.514961e-01
  8.8490e+00    9.499213e-01
  8.8640e+00    9.423622e-01
  8.8790e+00    9.325984e-01
  8.8940e+00    9.272441e-01
  8.9100e+00    9.222047e-01
  8.9250e+00    9.177953e-01
  8.9400e+00    9.155906e-01
  8.9560e+00    9.102362e-01
  8.9710e+00    9.064567e-01
  8.9870e+00    9.048819e-01
  9.0030e+00    9.020472e-01
  9.0180e+00    8.998425e-01
  9.0340e+00    8.951181e-01
  9.0500e+00    8.859843e-01
  9.0660e+00    8.765354e-01
  9.0810e+00    8.670866e-01
  9.0970e+00    8.598425e-01
  9.1130e+00    8.563780e-01
  9.1290e+00    8.522835e-01
  9.1450e+00    8.475591e-01
  9.1620e+00    8.418898e-01
  9.1780e+00    8.292913e-01
  9.1940e+00    8.107087e-01
  9.2100e+00    7.851969e-01
  9.2270e+00    7.527559e-01
  9.2430e+00    7.174803e-01
  9.2600e+00    6.777953e-01
  9.2760e+00    6.330709e-01
  9.2930e+00    5.880315e-01
  9.3100e+00    5.474016e-01
  9.3260e+00    5.102362e-01
  9.3430e+00    4.740158e-01
  9.3600e+00    4.374803e-01
  9.3770e+00    3.946457e-01
  9.3940e+00    3.455118e-01
  9.4110e+00    2.979213e-01
  9.4280e+00    2.537008e-01
  9.4450e+00    2.137953e-01
  9.4630e+00    1.754331e-01
  9.4800e+00    1.369449e-01
  9.4970e+00    1.023622e-01
  9.5150e+00    7.240945e-02
  9.5320e+00    4.847244e-02
  9.5500e+00    3.401575e-02
  9.5670e+00    2.472441e-02
  9.5850e+00    1.766929e-02
  9.6030e+00    1.377638e-02
  9.6210e+00    1.039370e-02
  9.6380e+00    8.022047e-03
  9.6560e+00    6.251968e-03
  9.6740e+00    5.262992e-03
  9.6920e+00    2.384252e-03
  9.7110e+00    3.981102e-03
  9.7290e+00    4.503937e-03
  9.7470e+00    3.108661e-03
  9.7650e+00    2.053543e-03
  9.7840e+00    1.842520e-03
  9.8020e+00    1.354331e-03
  9.8210e+00    1.354331e-03
  9.8400e+00    2.028347e-03
  9.8580e+00    8.913386e-04
  9.8770e+00    1.300787e-03
  9.8960e+00    1.089764e-03
  9.9150e+00    1.662992e-03
  9.9340e+00    1.064567e-03
  9.9530e+00    1.877165e-03
  9.9720e+00    6.897638e-04
  9.9910e+00    1.061417e-03
  1.0010e+01    5.165354e-04
  1.0030e+01    9.322835e-04
  1.0050e+01    1.439370e-03
  1.0070e+01    2.040945e-03
  1.0090e+01    1.914961e-03
  1.0110e+01    7.023622e-04
  1.0130e+01    2.425197e-04
  1.0150e+01    1.700787e-04
  1.0170e+01    7.653543e-04
  1.0190e+01    1.631496e-03
  1.0210e+01    1.565354e-03
  1.0230e+01    2.006299e-03
  1.0250e+01    2.270866e-03
  1.0270e+01    1.666142e-03
  1.0290e+01    1.474016e-03
  1.0310e+01    3.622047e-04
