#  wavelength_um     transmission
#
      6.5490e-01    1.020000e-04
      6.5500e-01    1.070000e-04
      6.5510e-01    1.120000e-04
      6.5520e-01    1.170000e-04
      6.5530e-01    1.210000e-04
      6.5540e-01    1.260000e-04
      6.5550e-01    1.310000e-04
      6.5560e-01    1.350000e-04
      6.5570e-01    1.400000e-04
      6.5580e-01    1.440000e-04
      6.5590e-01    1.490000e-04
      6.5600e-01    1.530000e-04
      6.5610e-01    1.570000e-04
      6.5620e-01    1.610000e-04
      6.5630e-01    1.650000e-04
      6.5640e-01    1.700000e-04
      6.5650e-01    1.740000e-04
      6.5660e-01    1.780000e-04
      6.5670e-01    1.830000e-04
      6.5680e-01    1.880000e-04
      6.5690e-01    1.930000e-04
      6.5700e-01    1.980000e-04
      6.5710e-01    2.040000e-04
      6.5720e-01    2.100000e-04
      6.5730e-01    2.160000e-04
      6.5740e-01    2.230000e-04
      6.5750e-01    2.300000e-04
      6.5760e-01    2.380000e-04
      6.5770e-01    2.470000e-04
      6.5780e-01    2.560000e-04
      6.5790e-01    2.650000e-04
      6.5800e-01    2.750000e-04
      6.5810e-01    2.860000e-04
      6.5820e-01    2.970000e-04
      6.5830e-01    3.080000e-04
      6.5840e-01    3.200000e-04
      6.5850e-01    3.330000e-04
      6.5860e-01    3.450000e-04
      6.5870e-01    3.580000e-04
      6.5880e-01    3.710000e-04
      6.5890e-01    3.840000e-04
      6.5900e-01    3.970000e-04
      6.5910e-01    4.100000e-04
      6.5920e-01    4.230000e-04
      6.5930e-01    4.350000e-04
      6.5940e-01    4.480000e-04
      6.5950e-01    4.600000e-04
      6.5960e-01    4.720000e-04
      6.5970e-01    4.840000e-04
      6.5980e-01    4.960000e-04
      6.5990e-01    5.080000e-04
      6.6000e-01    5.190000e-04
      6.6010e-01    5.300000e-04
      6.6020e-01    5.410000e-04
      6.6030e-01    5.520000e-04
      6.6040e-01    5.630000e-04
      6.6050e-01    5.750000e-04
      6.6060e-01    5.870000e-04
      6.6070e-01    5.990000e-04
      6.6080e-01    6.120000e-04
      6.6090e-01    6.260000e-04
      6.6100e-01    6.410000e-04
      6.6110e-01    6.570000e-04
      6.6120e-01    6.740000e-04
      6.6130e-01    6.920000e-04
      6.6140e-01    7.100000e-04
      6.6150e-01    7.300000e-04
      6.6160e-01    7.500000e-04
      6.6170e-01    7.720000e-04
      6.6180e-01    7.930000e-04
      6.6190e-01    8.160000e-04
      6.6200e-01    8.390000e-04
      6.6210e-01    8.630000e-04
      6.6220e-01    8.870000e-04
      6.6230e-01    9.110000e-04
      6.6240e-01    9.370000e-04
      6.6250e-01    9.620000e-04
      6.6260e-01    9.880000e-04
      6.6270e-01    1.015000e-03
      6.6280e-01    1.043000e-03
      6.6290e-01    1.071000e-03
      6.6300e-01    1.099000e-03
      6.6310e-01    1.128000e-03
      6.6320e-01    1.158000e-03
      6.6330e-01    1.188000e-03
      6.6340e-01    1.219000e-03
      6.6350e-01    1.250000e-03
      6.6360e-01    1.283000e-03
      6.6370e-01    1.316000e-03
      6.6380e-01    1.349000e-03
      6.6390e-01    1.384000e-03
      6.6400e-01    1.419000e-03
      6.6410e-01    1.455000e-03
      6.6420e-01    1.492000e-03
      6.6430e-01    1.530000e-03
      6.6440e-01    1.568000e-03
      6.6450e-01    1.608000e-03
      6.6460e-01    1.648000e-03
      6.6470e-01    1.689000e-03
      6.6480e-01    1.730000e-03
      6.6490e-01    1.773000e-03
      6.6500e-01    1.816000e-03
      6.6510e-01    1.860000e-03
      6.6520e-01    1.905000e-03
      6.6530e-01    1.951000e-03
      6.6540e-01    1.998000e-03
      6.6550e-01    2.045000e-03
      6.6560e-01    2.095000e-03
      6.6570e-01    2.145000e-03
      6.6580e-01    2.196000e-03
      6.6590e-01    2.249000e-03
      6.6600e-01    2.304000e-03
      6.6610e-01    2.360000e-03
      6.6620e-01    2.418000e-03
      6.6630e-01    2.477000e-03
      6.6640e-01    2.538000e-03
      6.6650e-01    2.601000e-03
      6.6660e-01    2.666000e-03
      6.6670e-01    2.733000e-03
      6.6680e-01    2.801000e-03
      6.6690e-01    2.872000e-03
      6.6700e-01    2.945000e-03
      6.6710e-01    3.020000e-03
      6.6720e-01    3.097000e-03
      6.6730e-01    3.176000e-03
      6.6740e-01    3.258000e-03
      6.6750e-01    3.341000e-03
      6.6760e-01    3.426000e-03
      6.6770e-01    3.513000e-03
      6.6780e-01    3.601000e-03
      6.6790e-01    3.692000e-03
      6.6800e-01    3.784000e-03
      6.6810e-01    3.878000e-03
      6.6820e-01    3.973000e-03
      6.6830e-01    4.071000e-03
      6.6840e-01    4.170000e-03
      6.6850e-01    4.271000e-03
      6.6860e-01    4.374000e-03
      6.6870e-01    4.479000e-03
      6.6880e-01    4.586000e-03
      6.6890e-01    4.695000e-03
      6.6900e-01    4.807000e-03
      6.6910e-01    4.921000e-03
      6.6920e-01    5.037000e-03
      6.6930e-01    5.156000e-03
      6.6940e-01    5.278000e-03
      6.6950e-01    5.403000e-03
      6.6960e-01    5.530000e-03
      6.6970e-01    5.661000e-03
      6.6980e-01    5.795000e-03
      6.6990e-01    5.932000e-03
      6.7000e-01    6.073000e-03
      6.7010e-01    6.218000e-03
      6.7020e-01    6.366000e-03
      6.7030e-01    6.518000e-03
      6.7040e-01    6.674000e-03
      6.7050e-01    6.833000e-03
      6.7060e-01    6.997000e-03
      6.7070e-01    7.164000e-03
      6.7080e-01    7.335000e-03
      6.7090e-01    7.511000e-03
      6.7100e-01    7.690000e-03
      6.7110e-01    7.873000e-03
      6.7120e-01    8.061000e-03
      6.7130e-01    8.252000e-03
      6.7140e-01    8.448000e-03
      6.7150e-01    8.649000e-03
      6.7160e-01    8.854000e-03
      6.7170e-01    9.063000e-03
      6.7180e-01    9.277000e-03
      6.7190e-01    9.496000e-03
      6.7200e-01    9.720000e-03
      6.7210e-01    9.949000e-03
      6.7220e-01    1.018200e-02
      6.7230e-01    1.042100e-02
      6.7240e-01    1.066600e-02
      6.7250e-01    1.091500e-02
      6.7260e-01    1.117100e-02
      6.7270e-01    1.143200e-02
      6.7280e-01    1.169800e-02
      6.7290e-01    1.197100e-02
      6.7300e-01    1.225000e-02
      6.7310e-01    1.253500e-02
      6.7320e-01    1.282600e-02
      6.7330e-01    1.312400e-02
      6.7340e-01    1.342900e-02
      6.7350e-01    1.374100e-02
      6.7360e-01    1.406000e-02
      6.7370e-01    1.438600e-02
      6.7380e-01    1.471900e-02
      6.7390e-01    1.506100e-02
      6.7400e-01    1.541000e-02
      6.7410e-01    1.576700e-02
      6.7420e-01    1.613300e-02
      6.7430e-01    1.650700e-02
      6.7440e-01    1.688900e-02
      6.7450e-01    1.727900e-02
      6.7460e-01    1.767800e-02
      6.7470e-01    1.808600e-02
      6.7480e-01    1.850200e-02
      6.7490e-01    1.892600e-02
      6.7500e-01    1.936000e-02
      6.7510e-01    1.980200e-02
      6.7520e-01    2.025400e-02
      6.7530e-01    2.071500e-02
      6.7540e-01    2.118500e-02
      6.7550e-01    2.166500e-02
      6.7560e-01    2.215500e-02
      6.7570e-01    2.265500e-02
      6.7580e-01    2.316600e-02
      6.7590e-01    2.368800e-02
      6.7600e-01    2.422000e-02
      6.7610e-01    2.476400e-02
      6.7620e-01    2.531900e-02
      6.7630e-01    2.588600e-02
      6.7640e-01    2.646500e-02
      6.7650e-01    2.705600e-02
      6.7660e-01    2.766000e-02
      6.7670e-01    2.827700e-02
      6.7680e-01    2.890800e-02
      6.7690e-01    2.955200e-02
      6.7700e-01    3.021000e-02
      6.7710e-01    3.088200e-02
      6.7720e-01    3.156900e-02
      6.7730e-01    3.227000e-02
      6.7740e-01    3.298600e-02
      6.7750e-01    3.371700e-02
      6.7760e-01    3.446300e-02
      6.7770e-01    3.522400e-02
      6.7780e-01    3.600000e-02
      6.7790e-01    3.679200e-02
      6.7800e-01    3.760000e-02
      6.7810e-01    3.842400e-02
      6.7820e-01    3.926300e-02
      6.7830e-01    4.011900e-02
      6.7840e-01    4.099100e-02
      6.7850e-01    4.187900e-02
      6.7860e-01    4.278400e-02
      6.7870e-01    4.370500e-02
      6.7880e-01    4.464300e-02
      6.7890e-01    4.559800e-02
      6.7900e-01    4.657000e-02
      6.7910e-01    4.755900e-02
      6.7920e-01    4.856600e-02
      6.7930e-01    4.959000e-02
      6.7940e-01    5.063400e-02
      6.7950e-01    5.169800e-02
      6.7960e-01    5.278100e-02
      6.7970e-01    5.388600e-02
      6.7980e-01    5.501100e-02
      6.7990e-01    5.615900e-02
      6.8000e-01    5.733000e-02
      6.8010e-01    5.852400e-02
      6.8020e-01    5.974100e-02
      6.8030e-01    6.098200e-02
      6.8040e-01    6.224600e-02
      6.8050e-01    6.353400e-02
      6.8060e-01    6.484600e-02
      6.8070e-01    6.618100e-02
      6.8080e-01    6.754000e-02
      6.8090e-01    6.892300e-02
      6.8100e-01    7.033000e-02
      6.8110e-01    7.176100e-02
      6.8120e-01    7.321600e-02
      6.8130e-01    7.469400e-02
      6.8140e-01    7.619600e-02
      6.8150e-01    7.772200e-02
      6.8160e-01    7.927000e-02
      6.8170e-01    8.084100e-02
      6.8180e-01    8.243500e-02
      6.8190e-01    8.405100e-02
      6.8200e-01    8.569000e-02
      6.8210e-01    8.735100e-02
      6.8220e-01    8.903500e-02
      6.8230e-01    9.074400e-02
      6.8240e-01    9.247900e-02
      6.8250e-01    9.424100e-02
      6.8260e-01    9.603100e-02
      6.8270e-01    9.785100e-02
      6.8280e-01    9.970200e-02
      6.8290e-01    1.015840e-01
      6.8300e-01    1.035000e-01
      6.8310e-01    1.054500e-01
      6.8320e-01    1.074330e-01
      6.8330e-01    1.094500e-01
      6.8340e-01    1.114980e-01
      6.8350e-01    1.135760e-01
      6.8360e-01    1.156850e-01
      6.8370e-01    1.178220e-01
      6.8380e-01    1.199880e-01
      6.8390e-01    1.221810e-01
      6.8400e-01    1.244000e-01
      6.8410e-01    1.266450e-01
      6.8420e-01    1.289140e-01
      6.8430e-01    1.312100e-01
      6.8440e-01    1.335310e-01
      6.8450e-01    1.358780e-01
      6.8460e-01    1.382500e-01
      6.8470e-01    1.406480e-01
      6.8480e-01    1.430730e-01
      6.8490e-01    1.455230e-01
      6.8500e-01    1.480000e-01
      6.8510e-01    1.505030e-01
      6.8520e-01    1.530330e-01
      6.8530e-01    1.555900e-01
      6.8540e-01    1.581750e-01
      6.8550e-01    1.607890e-01
      6.8560e-01    1.634310e-01
      6.8570e-01    1.661030e-01
      6.8580e-01    1.688040e-01
      6.8590e-01    1.715370e-01
      6.8600e-01    1.743000e-01
      6.8610e-01    1.770950e-01
      6.8620e-01    1.799210e-01
      6.8630e-01    1.827770e-01
      6.8640e-01    1.856640e-01
      6.8650e-01    1.885810e-01
      6.8660e-01    1.915270e-01
      6.8670e-01    1.945030e-01
      6.8680e-01    1.975070e-01
      6.8690e-01    2.005400e-01
      6.8700e-01    2.036000e-01
      6.8710e-01    2.066880e-01
      6.8720e-01    2.098030e-01
      6.8730e-01    2.129460e-01
      6.8740e-01    2.161160e-01
      6.8750e-01    2.193130e-01
      6.8760e-01    2.225370e-01
      6.8770e-01    2.257880e-01
      6.8780e-01    2.290650e-01
      6.8790e-01    2.323690e-01
      6.8800e-01    2.357000e-01
      6.8810e-01    2.390570e-01
      6.8820e-01    2.424400e-01
      6.8830e-01    2.458490e-01
      6.8840e-01    2.492830e-01
      6.8850e-01    2.527420e-01
      6.8860e-01    2.562250e-01
      6.8870e-01    2.597330e-01
      6.8880e-01    2.632650e-01
      6.8890e-01    2.668210e-01
      6.8900e-01    2.704000e-01
      6.8910e-01    2.740020e-01
      6.8920e-01    2.776260e-01
      6.8930e-01    2.812730e-01
      6.8940e-01    2.849420e-01
      6.8950e-01    2.886320e-01
      6.8960e-01    2.923440e-01
      6.8970e-01    2.960770e-01
      6.8980e-01    2.998310e-01
      6.8990e-01    3.036050e-01
      6.9000e-01    3.074000e-01
      6.9010e-01    3.112140e-01
      6.9020e-01    3.150470e-01
      6.9030e-01    3.188960e-01
      6.9040e-01    3.227620e-01
      6.9050e-01    3.266410e-01
      6.9060e-01    3.305330e-01
      6.9070e-01    3.344360e-01
      6.9080e-01    3.383500e-01
      6.9090e-01    3.422710e-01
      6.9100e-01    3.462000e-01
      6.9110e-01    3.501340e-01
      6.9120e-01    3.540740e-01
      6.9130e-01    3.580170e-01
      6.9140e-01    3.619650e-01
      6.9150e-01    3.659160e-01
      6.9160e-01    3.698690e-01
      6.9170e-01    3.738250e-01
      6.9180e-01    3.777830e-01
      6.9190e-01    3.817410e-01
      6.9200e-01    3.857000e-01
      6.9210e-01    3.896590e-01
      6.9220e-01    3.936190e-01
      6.9230e-01    3.975820e-01
      6.9240e-01    4.015490e-01
      6.9250e-01    4.055200e-01
      6.9260e-01    4.094980e-01
      6.9270e-01    4.134840e-01
      6.9280e-01    4.174790e-01
      6.9290e-01    4.214840e-01
      6.9300e-01    4.255000e-01
      6.9310e-01    4.295290e-01
      6.9320e-01    4.335680e-01
      6.9330e-01    4.376160e-01
      6.9340e-01    4.416690e-01
      6.9350e-01    4.457270e-01
      6.9360e-01    4.497870e-01
      6.9370e-01    4.538460e-01
      6.9380e-01    4.579030e-01
      6.9390e-01    4.619550e-01
      6.9400e-01    4.660000e-01
      6.9410e-01    4.700360e-01
      6.9420e-01    4.740630e-01
      6.9430e-01    4.780800e-01
      6.9440e-01    4.820860e-01
      6.9450e-01    4.860830e-01
      6.9460e-01    4.900690e-01
      6.9470e-01    4.940440e-01
      6.9480e-01    4.980070e-01
      6.9490e-01    5.019600e-01
      6.9500e-01    5.059000e-01
      6.9510e-01    5.098290e-01
      6.9520e-01    5.137450e-01
      6.9530e-01    5.176510e-01
      6.9540e-01    5.215450e-01
      6.9550e-01    5.254290e-01
      6.9560e-01    5.293020e-01
      6.9570e-01    5.331660e-01
      6.9580e-01    5.370200e-01
      6.9590e-01    5.408640e-01
      6.9600e-01    5.447000e-01
      6.9610e-01    5.485270e-01
      6.9620e-01    5.523440e-01
      6.9630e-01    5.561500e-01
      6.9640e-01    5.599450e-01
      6.9650e-01    5.637260e-01
      6.9660e-01    5.674940e-01
      6.9670e-01    5.712460e-01
      6.9680e-01    5.749820e-01
      6.9690e-01    5.787000e-01
      6.9700e-01    5.824000e-01
      6.9710e-01    5.860800e-01
      6.9720e-01    5.897400e-01
      6.9730e-01    5.933790e-01
      6.9740e-01    5.969960e-01
      6.9750e-01    6.005910e-01
      6.9760e-01    6.041620e-01
      6.9770e-01    6.077090e-01
      6.9780e-01    6.112320e-01
      6.9790e-01    6.147290e-01
      6.9800e-01    6.182000e-01
      6.9810e-01    6.216440e-01
      6.9820e-01    6.250630e-01
      6.9830e-01    6.284560e-01
      6.9840e-01    6.318260e-01
      6.9850e-01    6.351730e-01
      6.9860e-01    6.384980e-01
      6.9870e-01    6.418020e-01
      6.9880e-01    6.450870e-01
      6.9890e-01    6.483520e-01
      6.9900e-01    6.516000e-01
      6.9910e-01    6.548310e-01
      6.9920e-01    6.580440e-01
      6.9930e-01    6.612380e-01
      6.9940e-01    6.644130e-01
      6.9950e-01    6.675670e-01
      6.9960e-01    6.707000e-01
      6.9970e-01    6.738110e-01
      6.9980e-01    6.768980e-01
      6.9990e-01    6.799620e-01
      7.0000e-01    6.830000e-01
      7.0010e-01    6.860130e-01
      7.0020e-01    6.890010e-01
      7.0030e-01    6.919640e-01
      7.0040e-01    6.949040e-01
      7.0050e-01    6.978220e-01
      7.0060e-01    7.007170e-01
      7.0070e-01    7.035920e-01
      7.0080e-01    7.064470e-01
      7.0090e-01    7.092830e-01
      7.0100e-01    7.121000e-01
      7.0110e-01    7.148990e-01
      7.0120e-01    7.176810e-01
      7.0130e-01    7.204430e-01
      7.0140e-01    7.231860e-01
      7.0150e-01    7.259090e-01
      7.0160e-01    7.286110e-01
      7.0170e-01    7.312920e-01
      7.0180e-01    7.339510e-01
      7.0190e-01    7.365870e-01
      7.0200e-01    7.392000e-01
      7.0210e-01    7.417890e-01
      7.0220e-01    7.443550e-01
      7.0230e-01    7.468980e-01
      7.0240e-01    7.494180e-01
      7.0250e-01    7.519170e-01
      7.0260e-01    7.543940e-01
      7.0270e-01    7.568510e-01
      7.0280e-01    7.592870e-01
      7.0290e-01    7.617030e-01
      7.0300e-01    7.641000e-01
      7.0310e-01    7.664780e-01
      7.0320e-01    7.688360e-01
      7.0330e-01    7.711740e-01
      7.0340e-01    7.734900e-01
      7.0350e-01    7.757850e-01
      7.0360e-01    7.780560e-01
      7.0370e-01    7.803050e-01
      7.0380e-01    7.825290e-01
      7.0390e-01    7.847270e-01
      7.0400e-01    7.869000e-01
      7.0410e-01    7.890460e-01
      7.0420e-01    7.911670e-01
      7.0430e-01    7.932630e-01
      7.0440e-01    7.953340e-01
      7.0450e-01    7.973820e-01
      7.0460e-01    7.994070e-01
      7.0470e-01    8.014110e-01
      7.0480e-01    8.033940e-01
      7.0490e-01    8.053570e-01
      7.0500e-01    8.073000e-01
      7.0510e-01    8.092250e-01
      7.0520e-01    8.111320e-01
      7.0530e-01    8.130220e-01
      7.0540e-01    8.148950e-01
      7.0550e-01    8.167510e-01
      7.0560e-01    8.185910e-01
      7.0570e-01    8.204160e-01
      7.0580e-01    8.222250e-01
      7.0590e-01    8.240200e-01
      7.0600e-01    8.258000e-01
      7.0610e-01    8.275670e-01
      7.0620e-01    8.293180e-01
      7.0630e-01    8.310550e-01
      7.0640e-01    8.327750e-01
      7.0650e-01    8.344770e-01
      7.0660e-01    8.361620e-01
      7.0670e-01    8.378270e-01
      7.0680e-01    8.394720e-01
      7.0690e-01    8.410970e-01
      7.0700e-01    8.427000e-01
      7.0710e-01    8.442800e-01
      7.0720e-01    8.458390e-01
      7.0730e-01    8.473770e-01
      7.0740e-01    8.488930e-01
      7.0750e-01    8.503900e-01
      7.0760e-01    8.518680e-01
      7.0770e-01    8.533270e-01
      7.0780e-01    8.547680e-01
      7.0790e-01    8.561920e-01
      7.0800e-01    8.576000e-01
      7.0810e-01    8.589920e-01
      7.0820e-01    8.603690e-01
      7.0830e-01    8.617330e-01
      7.0840e-01    8.630840e-01
      7.0850e-01    8.644240e-01
      7.0860e-01    8.657540e-01
      7.0870e-01    8.670760e-01
      7.0880e-01    8.683900e-01
      7.0890e-01    8.696980e-01
      7.0900e-01    8.710000e-01
      7.0910e-01    8.722980e-01
      7.0920e-01    8.735910e-01
      7.0930e-01    8.748770e-01
      7.0940e-01    8.761560e-01
      7.0950e-01    8.774260e-01
      7.0960e-01    8.786860e-01
      7.0970e-01    8.799350e-01
      7.0980e-01    8.811710e-01
      7.0990e-01    8.823930e-01
      7.1000e-01    8.836000e-01
      7.1010e-01    8.847910e-01
      7.1020e-01    8.859660e-01
      7.1030e-01    8.871230e-01
      7.1040e-01    8.882620e-01
      7.1050e-01    8.893840e-01
      7.1060e-01    8.904860e-01
      7.1070e-01    8.915700e-01
      7.1080e-01    8.926330e-01
      7.1090e-01    8.936770e-01
      7.1100e-01    8.947000e-01
      7.1110e-01    8.957020e-01
      7.1120e-01    8.966840e-01
      7.1130e-01    8.976480e-01
      7.1140e-01    8.985950e-01
      7.1150e-01    8.995270e-01
      7.1160e-01    9.004440e-01
      7.1170e-01    9.013490e-01
      7.1180e-01    9.022420e-01
      7.1190e-01    9.031250e-01
      7.1200e-01    9.040000e-01
      7.1210e-01    9.048680e-01
      7.1220e-01    9.057280e-01
      7.1230e-01    9.065820e-01
      7.1240e-01    9.074300e-01
      7.1250e-01    9.082720e-01
      7.1260e-01    9.091080e-01
      7.1270e-01    9.099380e-01
      7.1280e-01    9.107640e-01
      7.1290e-01    9.115840e-01
      7.1300e-01    9.124000e-01
      7.1310e-01    9.132110e-01
      7.1320e-01    9.140170e-01
      7.1330e-01    9.148180e-01
      7.1340e-01    9.156120e-01
      7.1350e-01    9.163980e-01
      7.1360e-01    9.171770e-01
      7.1370e-01    9.179470e-01
      7.1380e-01    9.187090e-01
      7.1390e-01    9.194600e-01
      7.1400e-01    9.202000e-01
      7.1410e-01    9.209290e-01
      7.1420e-01    9.216470e-01
      7.1430e-01    9.223540e-01
      7.1440e-01    9.230500e-01
      7.1450e-01    9.237350e-01
      7.1460e-01    9.244090e-01
      7.1470e-01    9.250720e-01
      7.1480e-01    9.257250e-01
      7.1490e-01    9.263680e-01
      7.1500e-01    9.270000e-01
      7.1510e-01    9.276220e-01
      7.1520e-01    9.282350e-01
      7.1530e-01    9.288390e-01
      7.1540e-01    9.294350e-01
      7.1550e-01    9.300250e-01
      7.1560e-01    9.306090e-01
      7.1570e-01    9.311870e-01
      7.1580e-01    9.317610e-01
      7.1590e-01    9.323320e-01
      7.1600e-01    9.329000e-01
      7.1610e-01    9.334660e-01
      7.1620e-01    9.340300e-01
      7.1630e-01    9.345900e-01
      7.1640e-01    9.351480e-01
      7.1650e-01    9.357020e-01
      7.1660e-01    9.362520e-01
      7.1670e-01    9.367970e-01
      7.1680e-01    9.373370e-01
      7.1690e-01    9.378710e-01
      7.1700e-01    9.384000e-01
      7.1710e-01    9.389220e-01
      7.1720e-01    9.394370e-01
      7.1730e-01    9.399460e-01
      7.1740e-01    9.404470e-01
      7.1750e-01    9.409420e-01
      7.1760e-01    9.414290e-01
      7.1770e-01    9.419080e-01
      7.1780e-01    9.423800e-01
      7.1790e-01    9.428440e-01
      7.1800e-01    9.433000e-01
      7.1810e-01    9.437480e-01
      7.1820e-01    9.441880e-01
      7.1830e-01    9.446210e-01
      7.1840e-01    9.450480e-01
      7.1850e-01    9.454680e-01
      7.1860e-01    9.458830e-01
      7.1870e-01    9.462940e-01
      7.1880e-01    9.466990e-01
      7.1890e-01    9.471010e-01
      7.1900e-01    9.475000e-01
      7.1910e-01    9.478960e-01
      7.1920e-01    9.482890e-01
      7.1930e-01    9.486780e-01
      7.1940e-01    9.490640e-01
      7.1950e-01    9.494470e-01
      7.1960e-01    9.498260e-01
      7.1970e-01    9.502010e-01
      7.1980e-01    9.505720e-01
      7.1990e-01    9.509380e-01
      7.2000e-01    9.513000e-01
      7.2010e-01    9.516570e-01
      7.2020e-01    9.520090e-01
      7.2030e-01    9.523580e-01
      7.2040e-01    9.527020e-01
      7.2050e-01    9.530430e-01
      7.2060e-01    9.533800e-01
      7.2070e-01    9.537140e-01
      7.2080e-01    9.540450e-01
      7.2090e-01    9.543740e-01
      7.2100e-01    9.547000e-01
      7.2110e-01    9.550240e-01
      7.2120e-01    9.553450e-01
      7.2130e-01    9.556630e-01
      7.2140e-01    9.559750e-01
      7.2150e-01    9.562820e-01
      7.2160e-01    9.565820e-01
      7.2170e-01    9.568750e-01
      7.2180e-01    9.571600e-01
      7.2190e-01    9.574350e-01
      7.2200e-01    9.577000e-01
      7.2210e-01    9.579540e-01
      7.2220e-01    9.581980e-01
      7.2230e-01    9.584330e-01
      7.2240e-01    9.586590e-01
      7.2250e-01    9.588790e-01
      7.2260e-01    9.590920e-01
      7.2270e-01    9.592990e-01
      7.2280e-01    9.595030e-01
      7.2290e-01    9.597020e-01
      7.2300e-01    9.599000e-01
      7.2310e-01    9.600960e-01
      7.2320e-01    9.602900e-01
      7.2330e-01    9.604810e-01
      7.2340e-01    9.606690e-01
      7.2350e-01    9.608530e-01
      7.2360e-01    9.610330e-01
      7.2370e-01    9.612080e-01
      7.2380e-01    9.613780e-01
      7.2390e-01    9.615420e-01
      7.2400e-01    9.617000e-01
      7.2410e-01    9.618510e-01
      7.2420e-01    9.619950e-01
      7.2430e-01    9.621340e-01
      7.2440e-01    9.622670e-01
      7.2450e-01    9.623960e-01
      7.2460e-01    9.625220e-01
      7.2470e-01    9.626440e-01
      7.2480e-01    9.627640e-01
      7.2490e-01    9.628830e-01
      7.2500e-01    9.630000e-01
      7.2510e-01    9.631170e-01
      7.2520e-01    9.632350e-01
      7.2530e-01    9.633540e-01
      7.2540e-01    9.634750e-01
      7.2550e-01    9.635990e-01
      7.2560e-01    9.637280e-01
      7.2570e-01    9.638610e-01
      7.2580e-01    9.640000e-01
      7.2590e-01    9.641460e-01
      7.2600e-01    9.643000e-01
      7.2610e-01    9.644620e-01
      7.2620e-01    9.646300e-01
      7.2630e-01    9.648030e-01
      7.2640e-01    9.649790e-01
      7.2650e-01    9.651570e-01
      7.2660e-01    9.653340e-01
      7.2670e-01    9.655090e-01
      7.2680e-01    9.656790e-01
      7.2690e-01    9.658430e-01
      7.2700e-01    9.660000e-01
      7.2710e-01    9.661470e-01
      7.2720e-01    9.662850e-01
      7.2730e-01    9.664150e-01
      7.2740e-01    9.665350e-01
      7.2750e-01    9.666480e-01
      7.2760e-01    9.667520e-01
      7.2770e-01    9.668500e-01
      7.2780e-01    9.669400e-01
      7.2790e-01    9.670230e-01
      7.2800e-01    9.671000e-01
      7.2810e-01    9.671710e-01
      7.2820e-01    9.672370e-01
      7.2830e-01    9.672990e-01
      7.2840e-01    9.673580e-01
      7.2850e-01    9.674140e-01
      7.2860e-01    9.674700e-01
      7.2870e-01    9.675250e-01
      7.2880e-01    9.675810e-01
      7.2890e-01    9.676390e-01
      7.2900e-01    9.677000e-01
      7.2910e-01    9.677640e-01
      7.2920e-01    9.678300e-01
      7.2930e-01    9.678980e-01
      7.2940e-01    9.679660e-01
      7.2950e-01    9.680320e-01
      7.2960e-01    9.680960e-01
      7.2970e-01    9.681560e-01
      7.2980e-01    9.682110e-01
      7.2990e-01    9.682590e-01
      7.3000e-01    9.683000e-01
      7.3010e-01    9.683330e-01
      7.3020e-01    9.683580e-01
      7.3030e-01    9.683780e-01
      7.3040e-01    9.683940e-01
      7.3050e-01    9.684070e-01
      7.3060e-01    9.684200e-01
      7.3070e-01    9.684340e-01
      7.3080e-01    9.684510e-01
      7.3090e-01    9.684730e-01
      7.3100e-01    9.685000e-01
      7.3110e-01    9.685350e-01
      7.3120e-01    9.685760e-01
      7.3130e-01    9.686250e-01
      7.3140e-01    9.686790e-01
      7.3150e-01    9.687390e-01
      7.3160e-01    9.688040e-01
      7.3170e-01    9.688730e-01
      7.3180e-01    9.689460e-01
      7.3190e-01    9.690210e-01
      7.3200e-01    9.691000e-01
      7.3210e-01    9.691810e-01
      7.3220e-01    9.692630e-01
      7.3230e-01    9.693460e-01
      7.3240e-01    9.694290e-01
      7.3250e-01    9.695120e-01
      7.3260e-01    9.695940e-01
      7.3270e-01    9.696740e-01
      7.3280e-01    9.697520e-01
      7.3290e-01    9.698280e-01
      7.3300e-01    9.699000e-01
      7.3310e-01    9.699680e-01
      7.3320e-01    9.700330e-01
      7.3330e-01    9.700960e-01
      7.3340e-01    9.701560e-01
      7.3350e-01    9.702140e-01
      7.3360e-01    9.702710e-01
      7.3370e-01    9.703280e-01
      7.3380e-01    9.703840e-01
      7.3390e-01    9.704420e-01
      7.3400e-01    9.705000e-01
      7.3410e-01    9.705600e-01
      7.3420e-01    9.706220e-01
      7.3430e-01    9.706860e-01
      7.3440e-01    9.707520e-01
      7.3450e-01    9.708200e-01
      7.3460e-01    9.708910e-01
      7.3470e-01    9.709640e-01
      7.3480e-01    9.710400e-01
      7.3490e-01    9.711190e-01
      7.3500e-01    9.712000e-01
      7.3510e-01    9.712840e-01
      7.3520e-01    9.713710e-01
      7.3530e-01    9.714600e-01
      7.3540e-01    9.715510e-01
      7.3550e-01    9.716420e-01
      7.3560e-01    9.717350e-01
      7.3570e-01    9.718270e-01
      7.3580e-01    9.719190e-01
      7.3590e-01    9.720100e-01
      7.3600e-01    9.721000e-01
      7.3610e-01    9.721880e-01
      7.3620e-01    9.722740e-01
      7.3630e-01    9.723590e-01
      7.3640e-01    9.724420e-01
      7.3650e-01    9.725220e-01
      7.3660e-01    9.726020e-01
      7.3670e-01    9.726790e-01
      7.3680e-01    9.727540e-01
      7.3690e-01    9.728280e-01
      7.3700e-01    9.729000e-01
      7.3710e-01    9.729700e-01
      7.3720e-01    9.730380e-01
      7.3730e-01    9.731050e-01
      7.3740e-01    9.731690e-01
      7.3750e-01    9.732300e-01
      7.3760e-01    9.732900e-01
      7.3770e-01    9.733460e-01
      7.3780e-01    9.734000e-01
      7.3790e-01    9.734520e-01
      7.3800e-01    9.735000e-01
      7.3810e-01    9.735450e-01
      7.3820e-01    9.735890e-01
      7.3830e-01    9.736320e-01
      7.3840e-01    9.736740e-01
      7.3850e-01    9.737190e-01
      7.3860e-01    9.737660e-01
      7.3870e-01    9.738160e-01
      7.3880e-01    9.738710e-01
      7.3890e-01    9.739320e-01
      7.3900e-01    9.740000e-01
      7.3910e-01    9.740760e-01
      7.3920e-01    9.741590e-01
      7.3930e-01    9.742480e-01
      7.3940e-01    9.743440e-01
      7.3950e-01    9.744450e-01
      7.3960e-01    9.745500e-01
      7.3970e-01    9.746590e-01
      7.3980e-01    9.747700e-01
      7.3990e-01    9.748840e-01
      7.4000e-01    9.750000e-01
      7.4010e-01    9.751160e-01
      7.4020e-01    9.752330e-01
      7.4030e-01    9.753490e-01
      7.4040e-01    9.754640e-01
      7.4050e-01    9.755780e-01
      7.4060e-01    9.756890e-01
      7.4070e-01    9.757970e-01
      7.4080e-01    9.759020e-01
      7.4090e-01    9.760040e-01
      7.4100e-01    9.761000e-01
      7.4110e-01    9.761920e-01
      7.4120e-01    9.762790e-01
      7.4130e-01    9.763650e-01
      7.4140e-01    9.764490e-01
      7.4150e-01    9.765330e-01
      7.4160e-01    9.766180e-01
      7.4170e-01    9.767060e-01
      7.4180e-01    9.767980e-01
      7.4190e-01    9.768960e-01
      7.4200e-01    9.770000e-01
      7.4210e-01    9.771120e-01
      7.4220e-01    9.772300e-01
      7.4230e-01    9.773550e-01
      7.4240e-01    9.774840e-01
      7.4250e-01    9.776170e-01
      7.4260e-01    9.777530e-01
      7.4270e-01    9.778900e-01
      7.4280e-01    9.780280e-01
      7.4290e-01    9.781650e-01
      7.4300e-01    9.783000e-01
      7.4310e-01    9.784330e-01
      7.4320e-01    9.785630e-01
      7.4330e-01    9.786900e-01
      7.4340e-01    9.788150e-01
      7.4350e-01    9.789360e-01
      7.4360e-01    9.790550e-01
      7.4370e-01    9.791710e-01
      7.4380e-01    9.792840e-01
      7.4390e-01    9.793930e-01
      7.4400e-01    9.795000e-01
      7.4410e-01    9.796040e-01
      7.4420e-01    9.797040e-01
      7.4430e-01    9.798020e-01
      7.4440e-01    9.798960e-01
      7.4450e-01    9.799880e-01
      7.4460e-01    9.800760e-01
      7.4470e-01    9.801620e-01
      7.4480e-01    9.802440e-01
      7.4490e-01    9.803230e-01
      7.4500e-01    9.804000e-01
      7.4510e-01    9.804740e-01
      7.4520e-01    9.805450e-01
      7.4530e-01    9.806150e-01
      7.4540e-01    9.806830e-01
      7.4550e-01    9.807510e-01
      7.4560e-01    9.808180e-01
      7.4570e-01    9.808870e-01
      7.4580e-01    9.809560e-01
      7.4590e-01    9.810270e-01
      7.4600e-01    9.811000e-01
      7.4610e-01    9.811760e-01
      7.4620e-01    9.812540e-01
      7.4630e-01    9.813340e-01
      7.4640e-01    9.814150e-01
      7.4650e-01    9.814970e-01
      7.4660e-01    9.815790e-01
      7.4670e-01    9.816610e-01
      7.4680e-01    9.817420e-01
      7.4690e-01    9.818220e-01
      7.4700e-01    9.819000e-01
      7.4710e-01    9.819760e-01
      7.4720e-01    9.820500e-01
      7.4730e-01    9.821220e-01
      7.4740e-01    9.821920e-01
      7.4750e-01    9.822620e-01
      7.4760e-01    9.823300e-01
      7.4770e-01    9.823980e-01
      7.4780e-01    9.824650e-01
      7.4790e-01    9.825320e-01
      7.4800e-01    9.826000e-01
      7.4810e-01    9.826680e-01
      7.4820e-01    9.827360e-01
      7.4830e-01    9.828030e-01
      7.4840e-01    9.828680e-01
      7.4850e-01    9.829320e-01
      7.4860e-01    9.829930e-01
      7.4870e-01    9.830510e-01
      7.4880e-01    9.831050e-01
      7.4890e-01    9.831550e-01
      7.4900e-01    9.832000e-01
      7.4910e-01    9.832390e-01
      7.4920e-01    9.832740e-01
      7.4930e-01    9.833030e-01
      7.4940e-01    9.833270e-01
      7.4950e-01    9.833480e-01
      7.4960e-01    9.833650e-01
      7.4970e-01    9.833780e-01
      7.4980e-01    9.833880e-01
      7.4990e-01    9.833950e-01
      7.5000e-01    9.834000e-01
      7.5010e-01    9.834030e-01
      7.5020e-01    9.834030e-01
      7.5030e-01    9.834010e-01
      7.5040e-01    9.833970e-01
      7.5050e-01    9.833890e-01
      7.5060e-01    9.833780e-01
      7.5070e-01    9.833640e-01
      7.5080e-01    9.833470e-01
      7.5090e-01    9.833250e-01
      7.5100e-01    9.833000e-01
      7.5110e-01    9.832710e-01
      7.5120e-01    9.832380e-01
      7.5130e-01    9.832010e-01
      7.5140e-01    9.831620e-01
      7.5150e-01    9.831210e-01
      7.5160e-01    9.830790e-01
      7.5170e-01    9.830340e-01
      7.5180e-01    9.829900e-01
      7.5190e-01    9.829450e-01
      7.5200e-01    9.829000e-01
      7.5210e-01    9.828560e-01
      7.5220e-01    9.828130e-01
      7.5230e-01    9.827700e-01
      7.5240e-01    9.827290e-01
      7.5250e-01    9.826880e-01
      7.5260e-01    9.826480e-01
      7.5270e-01    9.826100e-01
      7.5280e-01    9.825720e-01
      7.5290e-01    9.825350e-01
      7.5300e-01    9.825000e-01
      7.5310e-01    9.824660e-01
      7.5320e-01    9.824310e-01
      7.5330e-01    9.823950e-01
      7.5340e-01    9.823560e-01
      7.5350e-01    9.823140e-01
      7.5360e-01    9.822660e-01
      7.5370e-01    9.822120e-01
      7.5380e-01    9.821510e-01
      7.5390e-01    9.820810e-01
      7.5400e-01    9.820000e-01
      7.5410e-01    9.819090e-01
      7.5420e-01    9.818080e-01
      7.5430e-01    9.817000e-01
      7.5440e-01    9.815860e-01
      7.5450e-01    9.814690e-01
      7.5460e-01    9.813500e-01
      7.5470e-01    9.812320e-01
      7.5480e-01    9.811160e-01
      7.5490e-01    9.810050e-01
      7.5500e-01    9.809000e-01
      7.5510e-01    9.808030e-01
      7.5520e-01    9.807130e-01
      7.5530e-01    9.806280e-01
      7.5540e-01    9.805490e-01
      7.5550e-01    9.804730e-01
      7.5560e-01    9.803990e-01
      7.5570e-01    9.803260e-01
      7.5580e-01    9.802520e-01
      7.5590e-01    9.801780e-01
      7.5600e-01    9.801000e-01
      7.5610e-01    9.800190e-01
      7.5620e-01    9.799330e-01
      7.5630e-01    9.798440e-01
      7.5640e-01    9.797510e-01
      7.5650e-01    9.796530e-01
      7.5660e-01    9.795510e-01
      7.5670e-01    9.794450e-01
      7.5680e-01    9.793340e-01
      7.5690e-01    9.792190e-01
      7.5700e-01    9.791000e-01
      7.5710e-01    9.789760e-01
      7.5720e-01    9.788490e-01
      7.5730e-01    9.787190e-01
      7.5740e-01    9.785870e-01
      7.5750e-01    9.784540e-01
      7.5760e-01    9.783200e-01
      7.5770e-01    9.781870e-01
      7.5780e-01    9.780560e-01
      7.5790e-01    9.779260e-01
      7.5800e-01    9.778000e-01
      7.5810e-01    9.776780e-01
      7.5820e-01    9.775590e-01
      7.5830e-01    9.774430e-01
      7.5840e-01    9.773310e-01
      7.5850e-01    9.772210e-01
      7.5860e-01    9.771130e-01
      7.5870e-01    9.770080e-01
      7.5880e-01    9.769040e-01
      7.5890e-01    9.768010e-01
      7.5900e-01    9.767000e-01
      7.5910e-01    9.765990e-01
      7.5920e-01    9.764990e-01
      7.5930e-01    9.763970e-01
      7.5940e-01    9.762940e-01
      7.5950e-01    9.761890e-01
      7.5960e-01    9.760810e-01
      7.5970e-01    9.759680e-01
      7.5980e-01    9.758510e-01
      7.5990e-01    9.757290e-01
      7.6000e-01    9.756000e-01
      7.6010e-01    9.754640e-01
      7.6020e-01    9.753230e-01
      7.6030e-01    9.751760e-01
      7.6040e-01    9.750260e-01
      7.6050e-01    9.748730e-01
      7.6060e-01    9.747180e-01
      7.6070e-01    9.745620e-01
      7.6080e-01    9.744060e-01
      7.6090e-01    9.742520e-01
      7.6100e-01    9.741000e-01
      7.6110e-01    9.739510e-01
      7.6120e-01    9.738050e-01
      7.6130e-01    9.736620e-01
      7.6140e-01    9.735210e-01
      7.6150e-01    9.733820e-01
      7.6160e-01    9.732440e-01
      7.6170e-01    9.731080e-01
      7.6180e-01    9.729720e-01
      7.6190e-01    9.728360e-01
      7.6200e-01    9.727000e-01
      7.6210e-01    9.725640e-01
      7.6220e-01    9.724280e-01
      7.6230e-01    9.722940e-01
      7.6240e-01    9.721630e-01
      7.6250e-01    9.720360e-01
      7.6260e-01    9.719140e-01
      7.6270e-01    9.717980e-01
      7.6280e-01    9.716900e-01
      7.6290e-01    9.715900e-01
      7.6300e-01    9.715000e-01
      7.6310e-01    9.714200e-01
      7.6320e-01    9.713490e-01
      7.6330e-01    9.712860e-01
      7.6340e-01    9.712280e-01
      7.6350e-01    9.711740e-01
      7.6360e-01    9.711210e-01
      7.6370e-01    9.710700e-01
      7.6380e-01    9.710170e-01
      7.6390e-01    9.709610e-01
      7.6400e-01    9.709000e-01
      7.6410e-01    9.708330e-01
      7.6420e-01    9.707600e-01
      7.6430e-01    9.706810e-01
      7.6440e-01    9.705970e-01
      7.6450e-01    9.705070e-01
      7.6460e-01    9.704140e-01
      7.6470e-01    9.703160e-01
      7.6480e-01    9.702140e-01
      7.6490e-01    9.701080e-01
      7.6500e-01    9.700000e-01
      7.6510e-01    9.698890e-01
      7.6520e-01    9.697760e-01
      7.6530e-01    9.696620e-01
      7.6540e-01    9.695480e-01
      7.6550e-01    9.694340e-01
      7.6560e-01    9.693220e-01
      7.6570e-01    9.692110e-01
      7.6580e-01    9.691040e-01
      7.6590e-01    9.690000e-01
      7.6600e-01    9.689000e-01
      7.6610e-01    9.688050e-01
      7.6620e-01    9.687160e-01
      7.6630e-01    9.686320e-01
      7.6640e-01    9.685530e-01
      7.6650e-01    9.684800e-01
      7.6660e-01    9.684130e-01
      7.6670e-01    9.683510e-01
      7.6680e-01    9.682950e-01
      7.6690e-01    9.682440e-01
      7.6700e-01    9.682000e-01
      7.6710e-01    9.681610e-01
      7.6720e-01    9.681280e-01
      7.6730e-01    9.681000e-01
      7.6740e-01    9.680760e-01
      7.6750e-01    9.680570e-01
      7.6760e-01    9.680400e-01
      7.6770e-01    9.680270e-01
      7.6780e-01    9.680160e-01
      7.6790e-01    9.680070e-01
      7.6800e-01    9.680000e-01
      7.6810e-01    9.679940e-01
      7.6820e-01    9.679880e-01
      7.6830e-01    9.679820e-01
      7.6840e-01    9.679760e-01
      7.6850e-01    9.679680e-01
      7.6860e-01    9.679600e-01
      7.6870e-01    9.679490e-01
      7.6880e-01    9.679360e-01
      7.6890e-01    9.679200e-01
      7.6900e-01    9.679000e-01
      7.6910e-01    9.678770e-01
      7.6920e-01    9.678500e-01
      7.6930e-01    9.678210e-01
      7.6940e-01    9.677900e-01
      7.6950e-01    9.677570e-01
      7.6960e-01    9.677240e-01
      7.6970e-01    9.676910e-01
      7.6980e-01    9.676590e-01
      7.6990e-01    9.676290e-01
      7.7000e-01    9.676000e-01
      7.7010e-01    9.675740e-01
      7.7020e-01    9.675530e-01
      7.7030e-01    9.675370e-01
      7.7040e-01    9.675280e-01
      7.7050e-01    9.675280e-01
      7.7060e-01    9.675370e-01
      7.7070e-01    9.675570e-01
      7.7080e-01    9.675900e-01
      7.7090e-01    9.676370e-01
      7.7100e-01    9.677000e-01
      7.7110e-01    9.677790e-01
      7.7120e-01    9.678710e-01
      7.7130e-01    9.679750e-01
      7.7140e-01    9.680880e-01
      7.7150e-01    9.682070e-01
      7.7160e-01    9.683300e-01
      7.7170e-01    9.684530e-01
      7.7180e-01    9.685740e-01
      7.7190e-01    9.686910e-01
      7.7200e-01    9.688000e-01
      7.7210e-01    9.689000e-01
      7.7220e-01    9.689910e-01
      7.7230e-01    9.690730e-01
      7.7240e-01    9.691490e-01
      7.7250e-01    9.692180e-01
      7.7260e-01    9.692810e-01
      7.7270e-01    9.693400e-01
      7.7280e-01    9.693960e-01
      7.7290e-01    9.694490e-01
      7.7300e-01    9.695000e-01
      7.7310e-01    9.695500e-01
      7.7320e-01    9.696010e-01
      7.7330e-01    9.696540e-01
      7.7340e-01    9.697110e-01
      7.7350e-01    9.697720e-01
      7.7360e-01    9.698390e-01
      7.7370e-01    9.699150e-01
      7.7380e-01    9.699990e-01
      7.7390e-01    9.700930e-01
      7.7400e-01    9.702000e-01
      7.7410e-01    9.703190e-01
      7.7420e-01    9.704500e-01
      7.7430e-01    9.705910e-01
      7.7440e-01    9.707390e-01
      7.7450e-01    9.708940e-01
      7.7460e-01    9.710540e-01
      7.7470e-01    9.712160e-01
      7.7480e-01    9.713790e-01
      7.7490e-01    9.715410e-01
      7.7500e-01    9.717000e-01
      7.7510e-01    9.718550e-01
      7.7520e-01    9.720060e-01
      7.7530e-01    9.721510e-01
      7.7540e-01    9.722910e-01
      7.7550e-01    9.724260e-01
      7.7560e-01    9.725540e-01
      7.7570e-01    9.726760e-01
      7.7580e-01    9.727910e-01
      7.7590e-01    9.728990e-01
      7.7600e-01    9.730000e-01
      7.7610e-01    9.730930e-01
      7.7620e-01    9.731810e-01
      7.7630e-01    9.732650e-01
      7.7640e-01    9.733460e-01
      7.7650e-01    9.734280e-01
      7.7660e-01    9.735110e-01
      7.7670e-01    9.735980e-01
      7.7680e-01    9.736910e-01
      7.7690e-01    9.737910e-01
      7.7700e-01    9.739000e-01
      7.7710e-01    9.740200e-01
      7.7720e-01    9.741510e-01
      7.7730e-01    9.742920e-01
      7.7740e-01    9.744420e-01
      7.7750e-01    9.746000e-01
      7.7760e-01    9.747670e-01
      7.7770e-01    9.749410e-01
      7.7780e-01    9.751210e-01
      7.7790e-01    9.753080e-01
      7.7800e-01    9.755000e-01
      7.7810e-01    9.756970e-01
      7.7820e-01    9.758970e-01
      7.7830e-01    9.761000e-01
      7.7840e-01    9.763040e-01
      7.7850e-01    9.765090e-01
      7.7860e-01    9.767130e-01
      7.7870e-01    9.769150e-01
      7.7880e-01    9.771140e-01
      7.7890e-01    9.773100e-01
      7.7900e-01    9.775000e-01
      7.7910e-01    9.776840e-01
      7.7920e-01    9.778630e-01
      7.7930e-01    9.780350e-01
      7.7940e-01    9.782020e-01
      7.7950e-01    9.783640e-01
      7.7960e-01    9.785210e-01
      7.7970e-01    9.786720e-01
      7.7980e-01    9.788190e-01
      7.7990e-01    9.789620e-01
      7.8000e-01    9.791000e-01
      7.8010e-01    9.792340e-01
      7.8020e-01    9.793650e-01
      7.8030e-01    9.794940e-01
      7.8040e-01    9.796210e-01
      7.8050e-01    9.797470e-01
      7.8060e-01    9.798740e-01
      7.8070e-01    9.800020e-01
      7.8080e-01    9.801310e-01
      7.8090e-01    9.802640e-01
      7.8100e-01    9.804000e-01
      7.8110e-01    9.805400e-01
      7.8120e-01    9.806850e-01
      7.8130e-01    9.808320e-01
      7.8140e-01    9.809820e-01
      7.8150e-01    9.811340e-01
      7.8160e-01    9.812880e-01
      7.8170e-01    9.814410e-01
      7.8180e-01    9.815950e-01
      7.8190e-01    9.817480e-01
      7.8200e-01    9.819000e-01
      7.8210e-01    9.820500e-01
      7.8220e-01    9.821970e-01
      7.8230e-01    9.823400e-01
      7.8240e-01    9.824800e-01
      7.8250e-01    9.826150e-01
      7.8260e-01    9.827450e-01
      7.8270e-01    9.828690e-01
      7.8280e-01    9.829870e-01
      7.8290e-01    9.830970e-01
      7.8300e-01    9.832000e-01
      7.8310e-01    9.832950e-01
      7.8320e-01    9.833820e-01
      7.8330e-01    9.834640e-01
      7.8340e-01    9.835420e-01
      7.8350e-01    9.836170e-01
      7.8360e-01    9.836910e-01
      7.8370e-01    9.837650e-01
      7.8380e-01    9.838400e-01
      7.8390e-01    9.839180e-01
      7.8400e-01    9.840000e-01
      7.8410e-01    9.840870e-01
      7.8420e-01    9.841790e-01
      7.8430e-01    9.842730e-01
      7.8440e-01    9.843700e-01
      7.8450e-01    9.844660e-01
      7.8460e-01    9.845600e-01
      7.8470e-01    9.846530e-01
      7.8480e-01    9.847410e-01
      7.8490e-01    9.848240e-01
      7.8500e-01    9.849000e-01
      7.8510e-01    9.849690e-01
      7.8520e-01    9.850310e-01
      7.8530e-01    9.850880e-01
      7.8540e-01    9.851420e-01
      7.8550e-01    9.851950e-01
      7.8560e-01    9.852490e-01
      7.8570e-01    9.853040e-01
      7.8580e-01    9.853630e-01
      7.8590e-01    9.854280e-01
      7.8600e-01    9.855000e-01
      7.8610e-01    9.855800e-01
      7.8620e-01    9.856680e-01
      7.8630e-01    9.857630e-01
      7.8640e-01    9.858620e-01
      7.8650e-01    9.859660e-01
      7.8660e-01    9.860720e-01
      7.8670e-01    9.861800e-01
      7.8680e-01    9.862880e-01
      7.8690e-01    9.863950e-01
      7.8700e-01    9.865000e-01
      7.8710e-01    9.866010e-01
      7.8720e-01    9.866970e-01
      7.8730e-01    9.867850e-01
      7.8740e-01    9.868630e-01
      7.8750e-01    9.869290e-01
      7.8760e-01    9.869810e-01
      7.8770e-01    9.870160e-01
      7.8780e-01    9.870320e-01
      7.8790e-01    9.870280e-01
      7.8800e-01    9.870000e-01
      7.8810e-01    9.869480e-01
      7.8820e-01    9.868740e-01
      7.8830e-01    9.867820e-01
      7.8840e-01    9.866740e-01
      7.8850e-01    9.865550e-01
      7.8860e-01    9.864270e-01
      7.8870e-01    9.862940e-01
      7.8880e-01    9.861600e-01
      7.8890e-01    9.860270e-01
      7.8900e-01    9.859000e-01
      7.8910e-01    9.857800e-01
      7.8920e-01    9.856690e-01
      7.8930e-01    9.855650e-01
      7.8940e-01    9.854680e-01
      7.8950e-01    9.853770e-01
      7.8960e-01    9.852920e-01
      7.8970e-01    9.852120e-01
      7.8980e-01    9.851380e-01
      7.8990e-01    9.850670e-01
      7.9000e-01    9.850000e-01
      7.9010e-01    9.849360e-01
      7.9020e-01    9.848750e-01
      7.9030e-01    9.848160e-01
      7.9040e-01    9.847570e-01
      7.9050e-01    9.847000e-01
      7.9060e-01    9.846420e-01
      7.9070e-01    9.845840e-01
      7.9080e-01    9.845250e-01
      7.9090e-01    9.844640e-01
      7.9100e-01    9.844000e-01
      7.9110e-01    9.843330e-01
      7.9120e-01    9.842640e-01
      7.9130e-01    9.841930e-01
      7.9140e-01    9.841210e-01
      7.9150e-01    9.840480e-01
      7.9160e-01    9.839760e-01
      7.9170e-01    9.839040e-01
      7.9180e-01    9.838340e-01
      7.9190e-01    9.837650e-01
      7.9200e-01    9.837000e-01
      7.9210e-01    9.836380e-01
      7.9220e-01    9.835780e-01
      7.9230e-01    9.835210e-01
      7.9240e-01    9.834640e-01
      7.9250e-01    9.834070e-01
      7.9260e-01    9.833500e-01
      7.9270e-01    9.832920e-01
      7.9280e-01    9.832310e-01
      7.9290e-01    9.831670e-01
      7.9300e-01    9.831000e-01
      7.9310e-01    9.830280e-01
      7.9320e-01    9.829510e-01
      7.9330e-01    9.828680e-01
      7.9340e-01    9.827800e-01
      7.9350e-01    9.826850e-01
      7.9360e-01    9.825830e-01
      7.9370e-01    9.824740e-01
      7.9380e-01    9.823580e-01
      7.9390e-01    9.822330e-01
      7.9400e-01    9.821000e-01
      7.9410e-01    9.819580e-01
      7.9420e-01    9.818090e-01
      7.9430e-01    9.816530e-01
      7.9440e-01    9.814930e-01
      7.9450e-01    9.813280e-01
      7.9460e-01    9.811620e-01
      7.9470e-01    9.809940e-01
      7.9480e-01    9.808270e-01
      7.9490e-01    9.806620e-01
      7.9500e-01    9.805000e-01
      7.9510e-01    9.803420e-01
      7.9520e-01    9.801880e-01
      7.9530e-01    9.800360e-01
      7.9540e-01    9.798870e-01
      7.9550e-01    9.797400e-01
      7.9560e-01    9.795930e-01
      7.9570e-01    9.794460e-01
      7.9580e-01    9.792990e-01
      7.9590e-01    9.791510e-01
      7.9600e-01    9.790000e-01
      7.9610e-01    9.788470e-01
      7.9620e-01    9.786930e-01
      7.9630e-01    9.785390e-01
      7.9640e-01    9.783870e-01
      7.9650e-01    9.782390e-01
      7.9660e-01    9.780950e-01
      7.9670e-01    9.779580e-01
      7.9680e-01    9.778280e-01
      7.9690e-01    9.777090e-01
      7.9700e-01    9.776000e-01
      7.9710e-01    9.775030e-01
      7.9720e-01    9.774170e-01
      7.9730e-01    9.773410e-01
      7.9740e-01    9.772710e-01
      7.9750e-01    9.772060e-01
      7.9760e-01    9.771450e-01
      7.9770e-01    9.770860e-01
      7.9780e-01    9.770270e-01
      7.9790e-01    9.769650e-01
      7.9800e-01    9.769000e-01
      7.9810e-01    9.768300e-01
      7.9820e-01    9.767530e-01
      7.9830e-01    9.766680e-01
      7.9840e-01    9.765760e-01
      7.9850e-01    9.764740e-01
      7.9860e-01    9.763630e-01
      7.9870e-01    9.762410e-01
      7.9880e-01    9.761070e-01
      7.9890e-01    9.759600e-01
      7.9900e-01    9.758000e-01
      7.9910e-01    9.756260e-01
      7.9920e-01    9.754410e-01
      7.9930e-01    9.752480e-01
      7.9940e-01    9.750480e-01
      7.9950e-01    9.748470e-01
      7.9960e-01    9.746450e-01
      7.9970e-01    9.744470e-01
      7.9980e-01    9.742540e-01
      7.9990e-01    9.740710e-01
      8.0000e-01    9.739000e-01
      8.0010e-01    9.737430e-01
      8.0020e-01    9.735990e-01
      8.0030e-01    9.734660e-01
      8.0040e-01    9.733430e-01
      8.0050e-01    9.732270e-01
      8.0060e-01    9.731170e-01
      8.0070e-01    9.730110e-01
      8.0080e-01    9.729080e-01
      8.0090e-01    9.728050e-01
      8.0100e-01    9.727000e-01
      8.0110e-01    9.725930e-01
      8.0120e-01    9.724830e-01
      8.0130e-01    9.723730e-01
      8.0140e-01    9.722640e-01
      8.0150e-01    9.721570e-01
      8.0160e-01    9.720540e-01
      8.0170e-01    9.719550e-01
      8.0180e-01    9.718620e-01
      8.0190e-01    9.717770e-01
      8.0200e-01    9.717000e-01
      8.0210e-01    9.716330e-01
      8.0220e-01    9.715750e-01
      8.0230e-01    9.715250e-01
      8.0240e-01    9.714820e-01
      8.0250e-01    9.714440e-01
      8.0260e-01    9.714110e-01
      8.0270e-01    9.713810e-01
      8.0280e-01    9.713530e-01
      8.0290e-01    9.713270e-01
      8.0300e-01    9.713000e-01
      8.0310e-01    9.712720e-01
      8.0320e-01    9.712440e-01
      8.0330e-01    9.712150e-01
      8.0340e-01    9.711850e-01
      8.0350e-01    9.711540e-01
      8.0360e-01    9.711240e-01
      8.0370e-01    9.710930e-01
      8.0380e-01    9.710620e-01
      8.0390e-01    9.710310e-01
      8.0400e-01    9.710000e-01
      8.0410e-01    9.709700e-01
      8.0420e-01    9.709400e-01
      8.0430e-01    9.709100e-01
      8.0440e-01    9.708800e-01
      8.0450e-01    9.708510e-01
      8.0460e-01    9.708210e-01
      8.0470e-01    9.707910e-01
      8.0480e-01    9.707610e-01
      8.0490e-01    9.707310e-01
      8.0500e-01    9.707000e-01
      8.0510e-01    9.706680e-01
      8.0520e-01    9.706350e-01
      8.0530e-01    9.706000e-01
      8.0540e-01    9.705610e-01
      8.0550e-01    9.705170e-01
      8.0560e-01    9.704690e-01
      8.0570e-01    9.704130e-01
      8.0580e-01    9.703510e-01
      8.0590e-01    9.702800e-01
      8.0600e-01    9.702000e-01
      8.0610e-01    9.701100e-01
      8.0620e-01    9.700120e-01
      8.0630e-01    9.699090e-01
      8.0640e-01    9.698010e-01
      8.0650e-01    9.696920e-01
      8.0660e-01    9.695840e-01
      8.0670e-01    9.694780e-01
      8.0680e-01    9.693780e-01
      8.0690e-01    9.692840e-01
      8.0700e-01    9.692000e-01
      8.0710e-01    9.691270e-01
      8.0720e-01    9.690640e-01
      8.0730e-01    9.690130e-01
      8.0740e-01    9.689710e-01
      8.0750e-01    9.689380e-01
      8.0760e-01    9.689150e-01
      8.0770e-01    9.689000e-01
      8.0780e-01    9.688930e-01
      8.0790e-01    9.688930e-01
      8.0800e-01    9.689000e-01
      8.0810e-01    9.689130e-01
      8.0820e-01    9.689330e-01
      8.0830e-01    9.689570e-01
      8.0840e-01    9.689850e-01
      8.0850e-01    9.690170e-01
      8.0860e-01    9.690510e-01
      8.0870e-01    9.690870e-01
      8.0880e-01    9.691250e-01
      8.0890e-01    9.691620e-01
      8.0900e-01    9.692000e-01
      8.0910e-01    9.692360e-01
      8.0920e-01    9.692710e-01
      8.0930e-01    9.693030e-01
      8.0940e-01    9.693320e-01
      8.0950e-01    9.693580e-01
      8.0960e-01    9.693780e-01
      8.0970e-01    9.693930e-01
      8.0980e-01    9.694030e-01
      8.0990e-01    9.694050e-01
      8.1000e-01    9.694000e-01
      8.1010e-01    9.693870e-01
      8.1020e-01    9.693670e-01
      8.1030e-01    9.693420e-01
      8.1040e-01    9.693120e-01
      8.1050e-01    9.692780e-01
      8.1060e-01    9.692420e-01
      8.1070e-01    9.692050e-01
      8.1080e-01    9.691690e-01
      8.1090e-01    9.691330e-01
      8.1100e-01    9.691000e-01
      8.1110e-01    9.690710e-01
      8.1120e-01    9.690450e-01
      8.1130e-01    9.690230e-01
      8.1140e-01    9.690060e-01
      8.1150e-01    9.689930e-01
      8.1160e-01    9.689840e-01
      8.1170e-01    9.689810e-01
      8.1180e-01    9.689820e-01
      8.1190e-01    9.689880e-01
      8.1200e-01    9.690000e-01
      8.1210e-01    9.690170e-01
      8.1220e-01    9.690370e-01
      8.1230e-01    9.690600e-01
      8.1240e-01    9.690820e-01
      8.1250e-01    9.691010e-01
      8.1260e-01    9.691170e-01
      8.1270e-01    9.691270e-01
      8.1280e-01    9.691280e-01
      8.1290e-01    9.691200e-01
      8.1300e-01    9.691000e-01
      8.1310e-01    9.690670e-01
      8.1320e-01    9.690230e-01
      8.1330e-01    9.689680e-01
      8.1340e-01    9.689070e-01
      8.1350e-01    9.688400e-01
      8.1360e-01    9.687700e-01
      8.1370e-01    9.686990e-01
      8.1380e-01    9.686290e-01
      8.1390e-01    9.685620e-01
      8.1400e-01    9.685000e-01
      8.1410e-01    9.684450e-01
      8.1420e-01    9.683960e-01
      8.1430e-01    9.683520e-01
      8.1440e-01    9.683120e-01
      8.1450e-01    9.682760e-01
      8.1460e-01    9.682410e-01
      8.1470e-01    9.682070e-01
      8.1480e-01    9.681730e-01
      8.1490e-01    9.681380e-01
      8.1500e-01    9.681000e-01
      8.1510e-01    9.680590e-01
      8.1520e-01    9.680150e-01
      8.1530e-01    9.679690e-01
      8.1540e-01    9.679200e-01
      8.1550e-01    9.678690e-01
      8.1560e-01    9.678170e-01
      8.1570e-01    9.677640e-01
      8.1580e-01    9.677090e-01
      8.1590e-01    9.676550e-01
      8.1600e-01    9.676000e-01
      8.1610e-01    9.675460e-01
      8.1620e-01    9.674930e-01
      8.1630e-01    9.674410e-01
      8.1640e-01    9.673930e-01
      8.1650e-01    9.673470e-01
      8.1660e-01    9.673060e-01
      8.1670e-01    9.672700e-01
      8.1680e-01    9.672400e-01
      8.1690e-01    9.672160e-01
      8.1700e-01    9.672000e-01
      8.1710e-01    9.671910e-01
      8.1720e-01    9.671890e-01
      8.1730e-01    9.671920e-01
      8.1740e-01    9.671970e-01
      8.1750e-01    9.672040e-01
      8.1760e-01    9.672110e-01
      8.1770e-01    9.672150e-01
      8.1780e-01    9.672160e-01
      8.1790e-01    9.672120e-01
      8.1800e-01    9.672000e-01
      8.1810e-01    9.671800e-01
      8.1820e-01    9.671530e-01
      8.1830e-01    9.671210e-01
      8.1840e-01    9.670860e-01
      8.1850e-01    9.670480e-01
      8.1860e-01    9.670110e-01
      8.1870e-01    9.669760e-01
      8.1880e-01    9.669450e-01
      8.1890e-01    9.669190e-01
      8.1900e-01    9.669000e-01
      8.1910e-01    9.668900e-01
      8.1920e-01    9.668850e-01
      8.1930e-01    9.668840e-01
      8.1940e-01    9.668830e-01
      8.1950e-01    9.668780e-01
      8.1960e-01    9.668670e-01
      8.1970e-01    9.668470e-01
      8.1980e-01    9.668140e-01
      8.1990e-01    9.667660e-01
      8.2000e-01    9.667000e-01
      8.2010e-01    9.666130e-01
      8.2020e-01    9.665090e-01
      8.2030e-01    9.663900e-01
      8.2040e-01    9.662620e-01
      8.2050e-01    9.661280e-01
      8.2060e-01    9.659910e-01
      8.2070e-01    9.658560e-01
      8.2080e-01    9.657270e-01
      8.2090e-01    9.656070e-01
      8.2100e-01    9.655000e-01
      8.2110e-01    9.654100e-01
      8.2120e-01    9.653350e-01
      8.2130e-01    9.652760e-01
      8.2140e-01    9.652310e-01
      8.2150e-01    9.651980e-01
      8.2160e-01    9.651780e-01
      8.2170e-01    9.651700e-01
      8.2180e-01    9.651710e-01
      8.2190e-01    9.651810e-01
      8.2200e-01    9.652000e-01
      8.2210e-01    9.652250e-01
      8.2220e-01    9.652530e-01
      8.2230e-01    9.652810e-01
      8.2240e-01    9.653030e-01
      8.2250e-01    9.653160e-01
      8.2260e-01    9.653160e-01
      8.2270e-01    9.652980e-01
      8.2280e-01    9.652590e-01
      8.2290e-01    9.651940e-01
      8.2300e-01    9.651000e-01
      8.2310e-01    9.649740e-01
      8.2320e-01    9.648210e-01
      8.2330e-01    9.646470e-01
      8.2340e-01    9.644590e-01
      8.2350e-01    9.642630e-01
      8.2360e-01    9.640670e-01
      8.2370e-01    9.638750e-01
      8.2380e-01    9.636960e-01
      8.2390e-01    9.635360e-01
      8.2400e-01    9.634000e-01
      8.2410e-01    9.632940e-01
      8.2420e-01    9.632160e-01
      8.2430e-01    9.631610e-01
      8.2440e-01    9.631260e-01
      8.2450e-01    9.631060e-01
      8.2460e-01    9.630980e-01
      8.2470e-01    9.630980e-01
      8.2480e-01    9.631000e-01
      8.2490e-01    9.631020e-01
      8.2500e-01    9.631000e-01
      8.2510e-01    9.630890e-01
      8.2520e-01    9.630680e-01
      8.2530e-01    9.630350e-01
      8.2540e-01    9.629870e-01
      8.2550e-01    9.629230e-01
      8.2560e-01    9.628420e-01
      8.2570e-01    9.627410e-01
      8.2580e-01    9.626180e-01
      8.2590e-01    9.624720e-01
      8.2600e-01    9.623000e-01
      8.2610e-01    9.621030e-01
      8.2620e-01    9.618840e-01
      8.2630e-01    9.616510e-01
      8.2640e-01    9.614080e-01
      8.2650e-01    9.611630e-01
      8.2660e-01    9.609200e-01
      8.2670e-01    9.606870e-01
      8.2680e-01    9.604680e-01
      8.2690e-01    9.602700e-01
      8.2700e-01    9.601000e-01
      8.2710e-01    9.599610e-01
      8.2720e-01    9.598510e-01
      8.2730e-01    9.597680e-01
      8.2740e-01    9.597060e-01
      8.2750e-01    9.596630e-01
      8.2760e-01    9.596350e-01
      8.2770e-01    9.596180e-01
      8.2780e-01    9.596090e-01
      8.2790e-01    9.596040e-01
      8.2800e-01    9.596000e-01
      8.2810e-01    9.595930e-01
      8.2820e-01    9.595810e-01
      8.2830e-01    9.595650e-01
      8.2840e-01    9.595410e-01
      8.2850e-01    9.595100e-01
      8.2860e-01    9.594710e-01
      8.2870e-01    9.594210e-01
      8.2880e-01    9.593600e-01
      8.2890e-01    9.592870e-01
      8.2900e-01    9.592000e-01
      8.2910e-01    9.590990e-01
      8.2920e-01    9.589860e-01
      8.2930e-01    9.588630e-01
      8.2940e-01    9.587320e-01
      8.2950e-01    9.585950e-01
      8.2960e-01    9.584550e-01
      8.2970e-01    9.583130e-01
      8.2980e-01    9.581710e-01
      8.2990e-01    9.580330e-01
      8.3000e-01    9.579000e-01
      8.3010e-01    9.577730e-01
      8.3020e-01    9.576520e-01
      8.3030e-01    9.575340e-01
      8.3040e-01    9.574160e-01
      8.3050e-01    9.572960e-01
      8.3060e-01    9.571730e-01
      8.3070e-01    9.570450e-01
      8.3080e-01    9.569070e-01
      8.3090e-01    9.567600e-01
      8.3100e-01    9.566000e-01
      8.3110e-01    9.564260e-01
      8.3120e-01    9.562380e-01
      8.3130e-01    9.560380e-01
      8.3140e-01    9.558270e-01
      8.3150e-01    9.556070e-01
      8.3160e-01    9.553770e-01
      8.3170e-01    9.551410e-01
      8.3180e-01    9.548980e-01
      8.3190e-01    9.546510e-01
      8.3200e-01    9.544000e-01
      8.3210e-01    9.541470e-01
      8.3220e-01    9.538940e-01
      8.3230e-01    9.536420e-01
      8.3240e-01    9.533940e-01
      8.3250e-01    9.531520e-01
      8.3260e-01    9.529180e-01
      8.3270e-01    9.526940e-01
      8.3280e-01    9.524810e-01
      8.3290e-01    9.522830e-01
      8.3300e-01    9.521000e-01
      8.3310e-01    9.519350e-01
      8.3320e-01    9.517860e-01
      8.3330e-01    9.516520e-01
      8.3340e-01    9.515310e-01
      8.3350e-01    9.514220e-01
      8.3360e-01    9.513230e-01
      8.3370e-01    9.512330e-01
      8.3380e-01    9.511500e-01
      8.3390e-01    9.510730e-01
      8.3400e-01    9.510000e-01
      8.3410e-01    9.509290e-01
      8.3420e-01    9.508580e-01
      8.3430e-01    9.507830e-01
      8.3440e-01    9.507020e-01
      8.3450e-01    9.506100e-01
      8.3460e-01    9.505060e-01
      8.3470e-01    9.503860e-01
      8.3480e-01    9.502470e-01
      8.3490e-01    9.500860e-01
      8.3500e-01    9.499000e-01
      8.3510e-01    9.496870e-01
      8.3520e-01    9.494490e-01
      8.3530e-01    9.491920e-01
      8.3540e-01    9.489200e-01
      8.3550e-01    9.486360e-01
      8.3560e-01    9.483460e-01
      8.3570e-01    9.480530e-01
      8.3580e-01    9.477610e-01
      8.3590e-01    9.474760e-01
      8.3600e-01    9.472000e-01
      8.3610e-01    9.469380e-01
      8.3620e-01    9.466880e-01
      8.3630e-01    9.464490e-01
      8.3640e-01    9.462180e-01
      8.3650e-01    9.459940e-01
      8.3660e-01    9.457740e-01
      8.3670e-01    9.455570e-01
      8.3680e-01    9.453400e-01
      8.3690e-01    9.451220e-01
      8.3700e-01    9.449000e-01
      8.3710e-01    9.446730e-01
      8.3720e-01    9.444380e-01
      8.3730e-01    9.441930e-01
      8.3740e-01    9.439360e-01
      8.3750e-01    9.436640e-01
      8.3760e-01    9.433750e-01
      8.3770e-01    9.430660e-01
      8.3780e-01    9.427360e-01
      8.3790e-01    9.423810e-01
      8.3800e-01    9.420000e-01
      8.3810e-01    9.415900e-01
      8.3820e-01    9.411510e-01
      8.3830e-01    9.406820e-01
      8.3840e-01    9.401820e-01
      8.3850e-01    9.396500e-01
      8.3860e-01    9.390870e-01
      8.3870e-01    9.384910e-01
      8.3880e-01    9.378610e-01
      8.3890e-01    9.371980e-01
      8.3900e-01    9.365000e-01
      8.3910e-01    9.357680e-01
      8.3920e-01    9.350020e-01
      8.3930e-01    9.342070e-01
      8.3940e-01    9.333840e-01
      8.3950e-01    9.325350e-01
      8.3960e-01    9.316640e-01
      8.3970e-01    9.307720e-01
      8.3980e-01    9.298630e-01
      8.3990e-01    9.289380e-01
      8.4000e-01    9.280000e-01
      8.4010e-01    9.270510e-01
      8.4020e-01    9.260900e-01
      8.4030e-01    9.251160e-01
      8.4040e-01    9.241270e-01
      8.4050e-01    9.231220e-01
      8.4060e-01    9.220980e-01
      8.4070e-01    9.210560e-01
      8.4080e-01    9.199930e-01
      8.4090e-01    9.189080e-01
      8.4100e-01    9.178000e-01
      8.4110e-01    9.166660e-01
      8.4120e-01    9.155050e-01
      8.4130e-01    9.143130e-01
      8.4140e-01    9.130890e-01
      8.4150e-01    9.118290e-01
      8.4160e-01    9.105300e-01
      8.4170e-01    9.091910e-01
      8.4180e-01    9.078080e-01
      8.4190e-01    9.063780e-01
      8.4200e-01    9.049000e-01
      8.4210e-01    9.033700e-01
      8.4220e-01    9.017870e-01
      8.4230e-01    9.001490e-01
      8.4240e-01    8.984540e-01
      8.4250e-01    8.967010e-01
      8.4260e-01    8.948880e-01
      8.4270e-01    8.930130e-01
      8.4280e-01    8.910740e-01
      8.4290e-01    8.890710e-01
      8.4300e-01    8.870000e-01
      8.4310e-01    8.848610e-01
      8.4320e-01    8.826520e-01
      8.4330e-01    8.803710e-01
      8.4340e-01    8.780180e-01
      8.4350e-01    8.755910e-01
      8.4360e-01    8.730890e-01
      8.4370e-01    8.705100e-01
      8.4380e-01    8.678530e-01
      8.4390e-01    8.651170e-01
      8.4400e-01    8.623000e-01
      8.4410e-01    8.594020e-01
      8.4420e-01    8.564270e-01
      8.4430e-01    8.533790e-01
      8.4440e-01    8.502620e-01
      8.4450e-01    8.470830e-01
      8.4460e-01    8.438450e-01
      8.4470e-01    8.405530e-01
      8.4480e-01    8.372120e-01
      8.4490e-01    8.338260e-01
      8.4500e-01    8.304000e-01
      8.4510e-01    8.269370e-01
      8.4520e-01    8.234350e-01
      8.4530e-01    8.198870e-01
      8.4540e-01    8.162900e-01
      8.4550e-01    8.126390e-01
      8.4560e-01    8.089280e-01
      8.4570e-01    8.051540e-01
      8.4580e-01    8.013110e-01
      8.4590e-01    7.973950e-01
      8.4600e-01    7.934000e-01
      8.4610e-01    7.893230e-01
      8.4620e-01    7.851600e-01
      8.4630e-01    7.809100e-01
      8.4640e-01    7.765700e-01
      8.4650e-01    7.721370e-01
      8.4660e-01    7.676090e-01
      8.4670e-01    7.629840e-01
      8.4680e-01    7.582590e-01
      8.4690e-01    7.534320e-01
      8.4700e-01    7.485000e-01
      8.4710e-01    7.434630e-01
      8.4720e-01    7.383260e-01
      8.4730e-01    7.330940e-01
      8.4740e-01    7.277760e-01
      8.4750e-01    7.223770e-01
      8.4760e-01    7.169040e-01
      8.4770e-01    7.113630e-01
      8.4780e-01    7.057610e-01
      8.4790e-01    7.001040e-01
      8.4800e-01    6.944000e-01
      8.4810e-01    6.886530e-01
      8.4820e-01    6.828630e-01
      8.4830e-01    6.770280e-01
      8.4840e-01    6.711470e-01
      8.4850e-01    6.652180e-01
      8.4860e-01    6.592400e-01
      8.4870e-01    6.532110e-01
      8.4880e-01    6.471290e-01
      8.4890e-01    6.409920e-01
      8.4900e-01    6.348000e-01
      8.4910e-01    6.285510e-01
      8.4920e-01    6.222490e-01
      8.4930e-01    6.158970e-01
      8.4940e-01    6.095000e-01
      8.4950e-01    6.030620e-01
      8.4960e-01    5.965870e-01
      8.4970e-01    5.900800e-01
      8.4980e-01    5.835430e-01
      8.4990e-01    5.769820e-01
      8.5000e-01    5.704000e-01
      8.5010e-01    5.638020e-01
      8.5020e-01    5.571920e-01
      8.5030e-01    5.505760e-01
      8.5040e-01    5.439590e-01
      8.5050e-01    5.373450e-01
      8.5060e-01    5.307390e-01
      8.5070e-01    5.241470e-01
      8.5080e-01    5.175730e-01
      8.5090e-01    5.110220e-01
      8.5100e-01    5.045000e-01
      8.5110e-01    4.980100e-01
      8.5120e-01    4.915490e-01
      8.5130e-01    4.851140e-01
      8.5140e-01    4.787020e-01
      8.5150e-01    4.723090e-01
      8.5160e-01    4.659310e-01
      8.5170e-01    4.595640e-01
      8.5180e-01    4.532060e-01
      8.5190e-01    4.468530e-01
      8.5200e-01    4.405000e-01
      8.5210e-01    4.341460e-01
      8.5220e-01    4.277950e-01
      8.5230e-01    4.214510e-01
      8.5240e-01    4.151210e-01
      8.5250e-01    4.088080e-01
      8.5260e-01    4.025190e-01
      8.5270e-01    3.962590e-01
      8.5280e-01    3.900320e-01
      8.5290e-01    3.838440e-01
      8.5300e-01    3.777000e-01
      8.5310e-01    3.716050e-01
      8.5320e-01    3.655640e-01
      8.5330e-01    3.595790e-01
      8.5340e-01    3.536550e-01
      8.5350e-01    3.477950e-01
      8.5360e-01    3.420040e-01
      8.5370e-01    3.362860e-01
      8.5380e-01    3.306430e-01
      8.5390e-01    3.250790e-01
      8.5400e-01    3.196000e-01
      8.5410e-01    3.142060e-01
      8.5420e-01    3.088950e-01
      8.5430e-01    3.036600e-01
      8.5440e-01    2.984960e-01
      8.5450e-01    2.933970e-01
      8.5460e-01    2.883590e-01
      8.5470e-01    2.833760e-01
      8.5480e-01    2.784420e-01
      8.5490e-01    2.735520e-01
      8.5500e-01    2.687000e-01
      8.5510e-01    2.638830e-01
      8.5520e-01    2.591020e-01
      8.5530e-01    2.543620e-01
      8.5540e-01    2.496650e-01
      8.5550e-01    2.450150e-01
      8.5560e-01    2.404170e-01
      8.5570e-01    2.358720e-01
      8.5580e-01    2.313850e-01
      8.5590e-01    2.269600e-01
      8.5600e-01    2.226000e-01
      8.5610e-01    2.183080e-01
      8.5620e-01    2.140860e-01
      8.5630e-01    2.099350e-01
      8.5640e-01    2.058570e-01
      8.5650e-01    2.018540e-01
      8.5660e-01    1.979260e-01
      8.5670e-01    1.940750e-01
      8.5680e-01    1.903030e-01
      8.5690e-01    1.866110e-01
      8.5700e-01    1.830000e-01
      8.5710e-01    1.794710e-01
      8.5720e-01    1.760220e-01
      8.5730e-01    1.726470e-01
      8.5740e-01    1.693440e-01
      8.5750e-01    1.661080e-01
      8.5760e-01    1.629350e-01
      8.5770e-01    1.598220e-01
      8.5780e-01    1.567640e-01
      8.5790e-01    1.537580e-01
      8.5800e-01    1.508000e-01
      8.5810e-01    1.478860e-01
      8.5820e-01    1.450170e-01
      8.5830e-01    1.421920e-01
      8.5840e-01    1.394130e-01
      8.5850e-01    1.366780e-01
      8.5860e-01    1.339900e-01
      8.5870e-01    1.313470e-01
      8.5880e-01    1.287510e-01
      8.5890e-01    1.262020e-01
      8.5900e-01    1.237000e-01
      8.5910e-01    1.212450e-01
      8.5920e-01    1.188380e-01
      8.5930e-01    1.164770e-01
      8.5940e-01    1.141620e-01
      8.5950e-01    1.118920e-01
      8.5960e-01    1.096660e-01
      8.5970e-01    1.074850e-01
      8.5980e-01    1.053470e-01
      8.5990e-01    1.032520e-01
      8.6000e-01    1.012000e-01
      8.6010e-01    9.918900e-02
      8.6020e-01    9.722000e-02
      8.6030e-01    9.529100e-02
      8.6040e-01    9.340300e-02
      8.6050e-01    9.155400e-02
      8.6060e-01    8.974500e-02
      8.6070e-01    8.797400e-02
      8.6080e-01    8.624200e-02
      8.6090e-01    8.454700e-02
      8.6100e-01    8.289000e-02
      8.6110e-01    8.127000e-02
      8.6120e-01    7.968500e-02
      8.6130e-01    7.813500e-02
      8.6140e-01    7.662000e-02
      8.6150e-01    7.513700e-02
      8.6160e-01    7.368700e-02
      8.6170e-01    7.226800e-02
      8.6180e-01    7.088000e-02
      8.6190e-01    6.952000e-02
      8.6200e-01    6.819000e-02
      8.6210e-01    6.688700e-02
      8.6220e-01    6.561200e-02
      8.6230e-01    6.436300e-02
      8.6240e-01    6.314100e-02
      8.6250e-01    6.194500e-02
      8.6260e-01    6.077400e-02
      8.6270e-01    5.962900e-02
      8.6280e-01    5.850800e-02
      8.6290e-01    5.741200e-02
      8.6300e-01    5.634000e-02
      8.6310e-01    5.529100e-02
      8.6320e-01    5.426500e-02
      8.6330e-01    5.325800e-02
      8.6340e-01    5.227100e-02
      8.6350e-01    5.130000e-02
      8.6360e-01    5.034600e-02
      8.6370e-01    4.940500e-02
      8.6380e-01    4.847600e-02
      8.6390e-01    4.755900e-02
      8.6400e-01    4.665000e-02
      8.6410e-01    4.574900e-02
      8.6420e-01    4.485700e-02
      8.6430e-01    4.397400e-02
      8.6440e-01    4.310200e-02
      8.6450e-01    4.224000e-02
      8.6460e-01    4.139100e-02
      8.6470e-01    4.055400e-02
      8.6480e-01    3.973100e-02
      8.6490e-01    3.892300e-02
      8.6500e-01    3.813000e-02
      8.6510e-01    3.735400e-02
      8.6520e-01    3.659500e-02
      8.6530e-01    3.585600e-02
      8.6540e-01    3.513600e-02
      8.6550e-01    3.443800e-02
      8.6560e-01    3.376200e-02
      8.6570e-01    3.311100e-02
      8.6580e-01    3.248400e-02
      8.6590e-01    3.188300e-02
      8.6600e-01    3.131000e-02
      8.6610e-01    3.076500e-02
      8.6620e-01    3.024500e-02
      8.6630e-01    2.974700e-02
      8.6640e-01    2.926900e-02
      8.6650e-01    2.880500e-02
      8.6660e-01    2.835500e-02
      8.6670e-01    2.791300e-02
      8.6680e-01    2.747700e-02
      8.6690e-01    2.704400e-02
      8.6700e-01    2.661000e-02
      8.6710e-01    2.617300e-02
      8.6720e-01    2.573300e-02
      8.6730e-01    2.529000e-02
      8.6740e-01    2.484600e-02
      8.6750e-01    2.440000e-02
      8.6760e-01    2.395500e-02
      8.6770e-01    2.351100e-02
      8.6780e-01    2.306800e-02
      8.6790e-01    2.262700e-02
      8.6800e-01    2.219000e-02
      8.6810e-01    2.175600e-02
      8.6820e-01    2.132800e-02
      8.6830e-01    2.090600e-02
      8.6840e-01    2.049200e-02
      8.6850e-01    2.008800e-02
      8.6860e-01    1.969400e-02
      8.6870e-01    1.931200e-02
      8.6880e-01    1.894300e-02
      8.6890e-01    1.858800e-02
      8.6900e-01    1.825000e-02
      8.6910e-01    1.792800e-02
      8.6920e-01    1.762200e-02
      8.6930e-01    1.733000e-02
      8.6940e-01    1.705000e-02
      8.6950e-01    1.678000e-02
      8.6960e-01    1.651800e-02
      8.6970e-01    1.626300e-02
      8.6980e-01    1.601300e-02
      8.6990e-01    1.576600e-02
      8.7000e-01    1.552000e-02
      8.7010e-01    1.527400e-02
      8.7020e-01    1.502800e-02
      8.7030e-01    1.478300e-02
      8.7040e-01    1.453700e-02
      8.7050e-01    1.429300e-02
      8.7060e-01    1.404900e-02
      8.7070e-01    1.380700e-02
      8.7080e-01    1.356600e-02
      8.7090e-01    1.332700e-02
      8.7100e-01    1.309000e-02
      8.7110e-01    1.285600e-02
      8.7120e-01    1.262400e-02
      8.7130e-01    1.239500e-02
      8.7140e-01    1.217000e-02
      8.7150e-01    1.194900e-02
      8.7160e-01    1.173200e-02
      8.7170e-01    1.151900e-02
      8.7180e-01    1.131100e-02
      8.7190e-01    1.110800e-02
      8.7200e-01    1.091000e-02
      8.7210e-01    1.071800e-02
      8.7220e-01    1.053100e-02
      8.7230e-01    1.035000e-02
      8.7240e-01    1.017400e-02
      8.7250e-01    1.000200e-02
      8.7260e-01    9.834000e-03
      8.7270e-01    9.671000e-03
      8.7280e-01    9.511000e-03
      8.7290e-01    9.354000e-03
      8.7300e-01    9.201000e-03
      8.7310e-01    9.051000e-03
      8.7320e-01    8.904000e-03
      8.7330e-01    8.763000e-03
      8.7340e-01    8.627000e-03
      8.7350e-01    8.497000e-03
      8.7360e-01    8.375000e-03
      8.7370e-01    8.261000e-03
      8.7380e-01    8.157000e-03
      8.7390e-01    8.063000e-03
      8.7400e-01    7.980000e-03
      8.7410e-01    7.909000e-03
      8.7420e-01    7.847000e-03
      8.7430e-01    7.793000e-03
      8.7440e-01    7.745000e-03
      8.7450e-01    7.700000e-03
      8.7460e-01    7.656000e-03
      8.7470e-01    7.610000e-03
      8.7480e-01    7.562000e-03
      8.7490e-01    7.508000e-03
      8.7500e-01    7.446000e-03
      8.7510e-01    7.375000e-03
      8.7520e-01    7.295000e-03
      8.7530e-01    7.208000e-03
      8.7540e-01    7.114000e-03
      8.7550e-01    7.016000e-03
      8.7560e-01    6.915000e-03
      8.7570e-01    6.811000e-03
      8.7580e-01    6.707000e-03
      8.7590e-01    6.602000e-03
      8.7600e-01    6.500000e-03
      8.7610e-01    6.400000e-03
      8.7620e-01    6.303000e-03
      8.7630e-01    6.208000e-03
      8.7640e-01    6.115000e-03
      8.7650e-01    6.023000e-03
      8.7660e-01    5.932000e-03
      8.7670e-01    5.842000e-03
      8.7680e-01    5.752000e-03
      8.7690e-01    5.661000e-03
      8.7700e-01    5.569000e-03
      8.7710e-01    5.476000e-03
      8.7720e-01    5.383000e-03
      8.7730e-01    5.289000e-03
      8.7740e-01    5.196000e-03
      8.7750e-01    5.103000e-03
      8.7760e-01    5.012000e-03
      8.7770e-01    4.922000e-03
      8.7780e-01    4.835000e-03
      8.7790e-01    4.750000e-03
      8.7800e-01    4.669000e-03
      8.7810e-01    4.591000e-03
      8.7820e-01    4.517000e-03
      8.7830e-01    4.446000e-03
      8.7840e-01    4.378000e-03
      8.7850e-01    4.311000e-03
      8.7860e-01    4.247000e-03
      8.7870e-01    4.184000e-03
      8.7880e-01    4.121000e-03
      8.7890e-01    4.060000e-03
      8.7900e-01    3.998000e-03
      8.7910e-01    3.936000e-03
      8.7920e-01    3.874000e-03
      8.7930e-01    3.811000e-03
      8.7940e-01    3.747000e-03
      8.7950e-01    3.683000e-03
      8.7960e-01    3.617000e-03
      8.7970e-01    3.550000e-03
      8.7980e-01    3.482000e-03
      8.7990e-01    3.413000e-03
      8.8000e-01    3.342000e-03
      8.8010e-01    3.269000e-03
      8.8020e-01    3.196000e-03
      8.8030e-01    3.123000e-03
      8.8040e-01    3.052000e-03
      8.8050e-01    2.983000e-03
      8.8060e-01    2.918000e-03
      8.8070e-01    2.858000e-03
      8.8080e-01    2.803000e-03
      8.8090e-01    2.756000e-03
      8.8100e-01    2.716000e-03
      8.8110e-01    2.685000e-03
      8.8120e-01    2.661000e-03
      8.8130e-01    2.642000e-03
      8.8140e-01    2.626000e-03
      8.8150e-01    2.612000e-03
      8.8160e-01    2.596000e-03
      8.8170e-01    2.578000e-03
      8.8180e-01    2.555000e-03
      8.8190e-01    2.525000e-03
      8.8200e-01    2.487000e-03
      8.8210e-01    2.439000e-03
      8.8220e-01    2.382000e-03
      8.8230e-01    2.319000e-03
      8.8240e-01    2.251000e-03
      8.8250e-01    2.181000e-03
      8.8260e-01    2.112000e-03
      8.8270e-01    2.045000e-03
      8.8280e-01    1.982000e-03
      8.8290e-01    1.925000e-03
      8.8300e-01    1.877000e-03
      8.8310e-01    1.839000e-03
      8.8320e-01    1.811000e-03
      8.8330e-01    1.793000e-03
      8.8340e-01    1.782000e-03
      8.8350e-01    1.779000e-03
      8.8360e-01    1.783000e-03
      8.8370e-01    1.792000e-03
      8.8380e-01    1.806000e-03
      8.8390e-01    1.824000e-03
      8.8400e-01    1.846000e-03
      8.8410e-01    1.870000e-03
      8.8420e-01    1.895000e-03
      8.8430e-01    1.920000e-03
      8.8440e-01    1.944000e-03
      8.8450e-01    1.966000e-03
      8.8460e-01    1.984000e-03
      8.8470e-01    1.998000e-03
      8.8480e-01    2.006000e-03
      8.8490e-01    2.006000e-03
      8.8500e-01    1.999000e-03
      8.8510e-01    1.983000e-03
      8.8520e-01    1.958000e-03
      8.8530e-01    1.926000e-03
      8.8540e-01    1.889000e-03
      8.8550e-01    1.846000e-03
      8.8560e-01    1.800000e-03
      8.8570e-01    1.751000e-03
      8.8580e-01    1.701000e-03
      8.8590e-01    1.651000e-03
      8.8600e-01    1.602000e-03
      8.8610e-01    1.555000e-03
      8.8620e-01    1.509000e-03
      8.8630e-01    1.466000e-03
      8.8640e-01    1.426000e-03
      8.8650e-01    1.388000e-03
      8.8660e-01    1.352000e-03
      8.8670e-01    1.319000e-03
      8.8680e-01    1.288000e-03
      8.8690e-01    1.261000e-03
      8.8700e-01    1.236000e-03
      8.8710e-01    1.214000e-03
      8.8720e-01    1.194000e-03
      8.8730e-01    1.176000e-03
      8.8740e-01    1.159000e-03
      8.8750e-01    1.143000e-03
      8.8760e-01    1.125000e-03
      8.8770e-01    1.107000e-03
      8.8780e-01    1.087000e-03
      8.8790e-01    1.064000e-03
      8.8800e-01    1.038000e-03
      8.8810e-01    1.008000e-03
