#  wavelength_um     transmission
#
      7.0760e-01    1.221298e-03
      7.0765e-01    1.271311e-03
      7.0770e-01    1.322432e-03
      7.0775e-01    1.339108e-03
      7.0780e-01    1.441356e-03
      7.0785e-01    1.373567e-03
      7.0790e-01    1.441370e-03
      7.0795e-01    1.509163e-03
      7.0800e-01    1.576968e-03
      7.0805e-01    1.644762e-03
      7.0810e-01    1.644769e-03
      7.0815e-01    1.644777e-03
      7.0820e-01    1.679231e-03
      7.0825e-01    1.729249e-03
      7.0830e-01    1.848173e-03
      7.0835e-01    1.848181e-03
      7.0840e-01    1.967107e-03
      7.0845e-01    2.119375e-03
      7.0850e-01    2.187173e-03
      7.0855e-01    2.373891e-03
      7.0860e-01    2.408361e-03
      7.0865e-01    2.476161e-03
      7.0870e-01    2.459501e-03
      7.0875e-01    2.527314e-03
      7.0880e-01    2.509535e-03
      7.0885e-01    2.577349e-03
      7.0890e-01    2.611809e-03
      7.0895e-01    2.679612e-03
      7.0900e-01    2.866351e-03
      7.0905e-01    2.883035e-03
      7.0910e-01    2.950841e-03
      7.0915e-01    3.069780e-03
      7.0920e-01    3.086467e-03
      7.0925e-01    3.170946e-03
      7.0930e-01    3.154290e-03
      7.0935e-01    3.273234e-03
      7.0940e-01    3.238800e-03
      7.0945e-01    3.443318e-03
      7.0950e-01    3.527815e-03
      7.0955e-01    3.612299e-03
      7.0960e-01    3.680113e-03
      7.0965e-01    3.696803e-03
      7.0970e-01    3.747957e-03
      7.0975e-01    3.782426e-03
      7.0980e-01    3.934722e-03
      7.0985e-01    4.053675e-03
      7.0990e-01    4.138164e-03
      7.0995e-01    4.222667e-03
      7.1000e-01    4.359403e-03
      7.1005e-01    4.511708e-03
      7.1010e-01    4.562857e-03
      7.1015e-01    4.630681e-03
      7.1020e-01    4.799664e-03
      7.1025e-01    4.986430e-03
      7.1030e-01    5.003131e-03
      7.1035e-01    5.088752e-03
      7.1040e-01    5.257743e-03
      7.1045e-01    5.411168e-03
      7.1050e-01    5.596836e-03
      7.1055e-01    5.732484e-03
      7.1060e-01    5.715842e-03
      7.1065e-01    5.818144e-03
      7.1070e-01    6.072729e-03
      7.1075e-01    6.106113e-03
      7.1080e-01    6.309573e-03
      7.1085e-01    6.463024e-03
      7.1090e-01    6.886588e-03
      7.1095e-01    6.971103e-03
      7.1100e-01    7.073409e-03
      7.1105e-01    7.225738e-03
      7.1110e-01    7.328043e-03
      7.1115e-01    7.667131e-03
      7.1120e-01    7.837246e-03
      7.1125e-01    8.176339e-03
      7.1130e-01    8.345351e-03
      7.1135e-01    8.634423e-03
      7.1140e-01    8.718942e-03
      7.1145e-01    8.889065e-03
      7.1150e-01    9.092552e-03
      7.1155e-01    9.296029e-03
      7.1160e-01    9.567317e-03
      7.1165e-01    9.600707e-03
      7.1170e-01    9.990964e-03
      7.1175e-01    1.017777e-02
      7.1180e-01    1.050021e-02
      7.1185e-01    1.075484e-02
      7.1190e-01    1.111175e-02
      7.1195e-01    1.141753e-02
      7.1200e-01    1.194010e-02
      7.1205e-01    1.225147e-02
      7.1210e-01    1.248495e-02
      7.1215e-01    1.286305e-02
      7.1220e-01    1.343007e-02
      7.1225e-01    1.394162e-02
      7.1230e-01    1.419737e-02
      7.1235e-01    1.465322e-02
      7.1240e-01    1.496457e-02
      7.1245e-01    1.529818e-02
      7.1250e-01    1.552061e-02
      7.1255e-01    1.600993e-02
      7.1260e-01    1.661043e-02
      7.1265e-01    1.701071e-02
      7.1270e-01    1.761123e-02
      7.1275e-01    1.801152e-02
      7.1280e-01    1.847860e-02
      7.1285e-01    1.881224e-02
      7.1290e-01    1.939051e-02
      7.1295e-01    1.977975e-02
      7.1300e-01    2.054694e-02
      7.1305e-01    2.116974e-02
      7.1310e-01    2.164791e-02
      7.1315e-01    2.234845e-02
      7.1320e-01    2.287115e-02
      7.1325e-01    2.351612e-02
      7.1330e-01    2.403883e-02
      7.1335e-01    2.471713e-02
      7.1340e-01    2.546223e-02
      7.1345e-01    2.628519e-02
      7.1350e-01    2.693018e-02
      7.1355e-01    2.758697e-02
      7.1360e-01    2.806925e-02
      7.1365e-01    2.888747e-02
      7.1370e-01    2.996280e-02
      7.1375e-01    3.080440e-02
      7.1380e-01    3.155522e-02
      7.1385e-01    3.222457e-02
      7.1390e-01    3.318906e-02
      7.1395e-01    3.415708e-02
      7.1400e-01    3.507082e-02
      7.1405e-01    3.610776e-02
      7.1410e-01    3.706466e-02
      7.1415e-01    3.790917e-02
      7.1420e-01    3.904041e-02
      7.1425e-01    4.025823e-02
      7.1430e-01    4.149608e-02
      7.1435e-01    4.272078e-02
      7.1440e-01    4.415310e-02
      7.1445e-01    4.566021e-02
      7.1450e-01    4.699933e-02
      7.1455e-01    4.858952e-02
      7.1460e-01    4.968187e-02
      7.1465e-01    5.108011e-02
      7.1470e-01    5.247592e-02
      7.1475e-01    5.375961e-02
      7.1480e-01    5.521645e-02
      7.1485e-01    5.708707e-02
      7.1490e-01    5.848335e-02
      7.1495e-01    6.024912e-02
      7.1500e-01    6.181471e-02
      7.1505e-01    6.341002e-02
      7.1510e-01    6.510071e-02
      7.1515e-01    6.675573e-02
      7.1520e-01    6.864747e-02
      7.1525e-01    7.028544e-02
      7.1530e-01    7.175750e-02
      7.1535e-01    7.347666e-02
      7.1540e-01    7.531223e-02
      7.1545e-01    7.744817e-02
      7.1550e-01    7.946124e-02
      7.1555e-01    8.151419e-02
      7.1560e-01    8.383387e-02
      7.1565e-01    8.636563e-02
      7.1570e-01    8.879576e-02
      7.1575e-01    9.110289e-02
      7.1580e-01    9.333021e-02
      7.1585e-01    9.551037e-02
      7.1590e-01    9.782627e-02
      7.1595e-01    1.002668e-01
      7.1600e-01    1.026919e-01
      7.1605e-01    1.049726e-01
      7.1610e-01    1.076566e-01
      7.1615e-01    1.100251e-01
      7.1620e-01    1.126033e-01
      7.1625e-01    1.156046e-01
      7.1630e-01    1.187068e-01
      7.1635e-01    1.216975e-01
      7.1640e-01    1.244692e-01
      7.1645e-01    1.274482e-01
      7.1650e-01    1.307421e-01
      7.1655e-01    1.337113e-01
      7.1660e-01    1.370996e-01
      7.1665e-01    1.400577e-01
      7.1670e-01    1.436464e-01
      7.1675e-01    1.474395e-01
      7.1680e-01    1.508037e-01
      7.1685e-01    1.544775e-01
      7.1690e-01    1.582507e-01
      7.1695e-01    1.619102e-01
      7.1700e-01    1.660912e-01
      7.1705e-01    1.698406e-01
      7.1710e-01    1.734791e-01
      7.1715e-01    1.777418e-01
      7.1720e-01    1.814698e-01
      7.1725e-01    1.854022e-01
      7.1730e-01    1.894318e-01
      7.1735e-01    1.936637e-01
      7.1740e-01    1.980937e-01
      7.1745e-01    2.023872e-01
      7.1750e-01    2.066468e-01
      7.1755e-01    2.110899e-01
      7.1760e-01    2.154101e-01
      7.1765e-01    2.199310e-01
      7.1770e-01    2.244509e-01
      7.1775e-01    2.291892e-01
      7.1780e-01    2.342608e-01
      7.1785e-01    2.390528e-01
      7.1790e-01    2.436830e-01
      7.1795e-01    2.489950e-01
      7.1800e-01    2.542775e-01
      7.1805e-01    2.596383e-01
      7.1810e-01    2.653567e-01
      7.1815e-01    2.706590e-01
      7.1820e-01    2.758504e-01
      7.1825e-01    2.814616e-01
      7.1830e-01    2.869736e-01
      7.1835e-01    2.925933e-01
      7.1840e-01    2.981137e-01
      7.1845e-01    3.037418e-01
      7.1850e-01    3.092705e-01
      7.1855e-01    3.152201e-01
      7.1860e-01    3.205489e-01
      7.1865e-01    3.267147e-01
      7.1870e-01    3.326766e-01
      7.1875e-01    3.380182e-01
      7.1880e-01    3.448241e-01
      7.1885e-01    3.503832e-01
      7.1890e-01    3.560506e-01
      7.1895e-01    3.622444e-01
      7.1900e-01    3.683390e-01
      7.1905e-01    3.747516e-01
      7.1910e-01    3.803333e-01
      7.1915e-01    3.866501e-01
      7.1920e-01    3.929728e-01
      7.1925e-01    3.991949e-01
      7.1930e-01    4.053174e-01
      7.1935e-01    4.117584e-01
      7.1940e-01    4.178899e-01
      7.1945e-01    4.248640e-01
      7.1950e-01    4.314234e-01
      7.1955e-01    4.376732e-01
      7.1960e-01    4.442434e-01
      7.1965e-01    4.507128e-01
      7.1970e-01    4.575018e-01
      7.1975e-01    4.638755e-01
      7.1980e-01    4.705702e-01
      7.1985e-01    4.773748e-01
      7.1990e-01    4.839754e-01
      7.1995e-01    4.908954e-01
      7.2000e-01    4.972960e-01
      7.2005e-01    5.040174e-01
      7.2010e-01    5.107441e-01
      7.2015e-01    5.170539e-01
      7.2020e-01    5.242113e-01
      7.2025e-01    5.307417e-01
      7.2030e-01    5.372769e-01
      7.2035e-01    5.439230e-01
      7.2040e-01    5.505728e-01
      7.2045e-01    5.575451e-01
      7.2050e-01    5.650496e-01
      7.2055e-01    5.719259e-01
      7.2060e-01    5.784902e-01
      7.2065e-01    5.853776e-01
      7.2070e-01    5.925862e-01
      7.2075e-01    5.988481e-01
      7.2080e-01    6.056441e-01
      7.2085e-01    6.123386e-01
      7.2090e-01    6.186150e-01
      7.2095e-01    6.245771e-01
      7.2100e-01    6.309696e-01
      7.2105e-01    6.371535e-01
      7.2110e-01    6.436613e-01
      7.2115e-01    6.502796e-01
      7.2120e-01    6.561588e-01
      7.2125e-01    6.621483e-01
      7.2130e-01    6.674133e-01
      7.2135e-01    6.740824e-01
      7.2140e-01    6.802381e-01
      7.2145e-01    6.859826e-01
      7.2150e-01    6.916289e-01
      7.2155e-01    6.974917e-01
      7.2160e-01    7.041017e-01
      7.2165e-01    7.100664e-01
      7.2170e-01    7.159145e-01
      7.2175e-01    7.222804e-01
      7.2180e-01    7.277704e-01
      7.2185e-01    7.332344e-01
      7.2190e-01    7.393060e-01
      7.2195e-01    7.454456e-01
      7.2200e-01    7.503655e-01
      7.2205e-01    7.560944e-01
      7.2210e-01    7.602929e-01
      7.2215e-01    7.655484e-01
      7.2220e-01    7.705969e-01
      7.2225e-01    7.747996e-01
      7.2230e-01    7.784692e-01
      7.2235e-01    7.831005e-01
      7.2240e-01    7.871975e-01
      7.2245e-01    7.916165e-01
      7.2250e-01    7.962488e-01
      7.2255e-01    8.016301e-01
      7.2260e-01    8.062632e-01
      7.2265e-01    8.099351e-01
      7.2270e-01    8.138202e-01
      7.2275e-01    8.175993e-01
      7.2280e-01    8.219137e-01
      7.2285e-01    8.259079e-01
      7.2290e-01    8.297951e-01
      7.2295e-01    8.327208e-01
      7.2300e-01    8.361819e-01
      7.2305e-01    8.399642e-01
      7.2310e-01    8.434264e-01
      7.2315e-01    8.460320e-01
      7.2320e-01    8.486390e-01
      7.2325e-01    8.517800e-01
      7.2330e-01    8.547081e-01
      7.2335e-01    8.567808e-01
      7.2340e-01    8.597094e-01
      7.2345e-01    8.621020e-01
      7.2350e-01    8.640686e-01
      7.2355e-01    8.656056e-01
      7.2360e-01    8.676791e-01
      7.2365e-01    8.696450e-01
      7.2370e-01    8.720398e-01
      7.2375e-01    8.742204e-01
      7.2380e-01    8.762934e-01
      7.2385e-01    8.782613e-01
      7.2390e-01    8.807634e-01
      7.2395e-01    8.829449e-01
      7.2400e-01    8.857685e-01
      7.2405e-01    8.874150e-01
      7.2410e-01    8.892761e-01
      7.2415e-01    8.897455e-01
      7.2420e-01    8.913924e-01
      7.2425e-01    8.935750e-01
      7.2430e-01    8.949000e-01
      7.2435e-01    8.956909e-01
      7.2440e-01    8.968031e-01
      7.2445e-01    8.982364e-01
      7.2450e-01    8.991355e-01
      7.2455e-01    9.015325e-01
      7.2460e-01    9.028596e-01
      7.2465e-01    9.042934e-01
      7.2470e-01    9.059418e-01
      7.2475e-01    9.072690e-01
      7.2480e-01    9.087029e-01
      7.2485e-01    9.105659e-01
      7.2490e-01    9.124289e-01
      7.2495e-01    9.141840e-01
      7.2500e-01    9.152966e-01
      7.2505e-01    9.165170e-01
      7.2510e-01    9.174149e-01
      7.2515e-01    9.189567e-01
      7.2520e-01    9.203907e-01
      7.2525e-01    9.205383e-01
      7.2530e-01    9.220804e-01
      7.2535e-01    9.221212e-01
      7.2540e-01    9.228046e-01
      7.2545e-01    9.245613e-01
      7.2550e-01    9.259955e-01
      7.2555e-01    9.263576e-01
      7.2560e-01    9.269344e-01
      7.2565e-01    9.279407e-01
      7.2570e-01    9.287313e-01
      7.2575e-01    9.297379e-01
      7.2580e-01    9.304220e-01
      7.2585e-01    9.300351e-01
      7.2590e-01    9.308275e-01
      7.2595e-01    9.326916e-01
      7.2600e-01    9.340210e-01
      7.2605e-01    9.342781e-01
      7.2610e-01    9.352864e-01
      7.2615e-01    9.355427e-01
      7.2620e-01    9.368729e-01
      7.2625e-01    9.379885e-01
      7.2630e-01    9.388892e-01
      7.2635e-01    9.390398e-01
      7.2640e-01    9.406920e-01
      7.2645e-01    9.401982e-01
      7.2650e-01    9.399191e-01
      7.2655e-01    9.402835e-01
      7.2660e-01    9.404330e-01
      7.2665e-01    9.411202e-01
      7.2670e-01    9.421281e-01
      7.2675e-01    9.423856e-01
      7.2680e-01    9.419984e-01
      7.2685e-01    9.427926e-01
      7.2690e-01    9.433719e-01
      7.2695e-01    9.448098e-01
      7.2700e-01    9.456042e-01
      7.2705e-01    9.458617e-01
      7.2710e-01    9.463342e-01
      7.2715e-01    9.478792e-01
      7.2720e-01    9.474930e-01
      7.2725e-01    9.485013e-01
      7.2730e-01    9.484369e-01
      7.2735e-01    9.495535e-01
      7.2740e-01    9.499181e-01
      7.2745e-01    9.511417e-01
      7.2750e-01    9.513994e-01
      7.2755e-01    9.513352e-01
      7.2760e-01    9.515929e-01
      7.2765e-01    9.520646e-01
      7.2770e-01    9.525375e-01
      7.2775e-01    9.530092e-01
      7.2780e-01    9.525148e-01
      7.2785e-01    9.513762e-01
      7.2790e-01    9.513119e-01
      7.2795e-01    9.519987e-01
      7.2800e-01    9.505366e-01
      7.2805e-01    9.510095e-01
      7.2810e-01    9.495472e-01
      7.2815e-01    9.503423e-01
      7.2820e-01    9.501697e-01
      7.2825e-01    9.504274e-01
      7.2830e-01    9.502548e-01
      7.2835e-01    9.504055e-01
      7.2840e-01    9.500175e-01
      7.2845e-01    9.500598e-01
      7.2850e-01    9.492424e-01
      7.2855e-01    9.477790e-01
      7.2860e-01    9.472837e-01
      7.2865e-01    9.453908e-01
      7.2870e-01    9.445729e-01
      7.2875e-01    9.431092e-01
      7.2880e-01    9.428289e-01
      7.2885e-01    9.411510e-01
      7.2890e-01    9.408708e-01
      7.2895e-01    9.392999e-01
      7.2900e-01    9.375136e-01
      7.2905e-01    9.360498e-01
      7.2910e-01    9.356626e-01
      7.2915e-01    9.346295e-01
      7.2920e-01    9.329501e-01
      7.2925e-01    9.326700e-01
      7.2930e-01    9.317437e-01
      7.2935e-01    9.304932e-01
      7.2940e-01    9.298620e-01
      7.2945e-01    9.298537e-01
      7.2950e-01    9.282160e-01
      7.2955e-01    9.266786e-01
      7.2960e-01    9.271839e-01
      7.2965e-01    9.271585e-01
      7.2970e-01    9.282233e-01
      7.2975e-01    9.268353e-01
      7.2980e-01    9.265540e-01
      7.2985e-01    9.266324e-01
      7.2990e-01    9.264332e-01
      7.2995e-01    9.260709e-01
      7.3000e-01    9.269521e-01
      7.3005e-01    9.275760e-01
      7.3010e-01    9.283591e-01
      7.3015e-01    9.291818e-01
      7.3020e-01    9.294877e-01
      7.3025e-01    9.307739e-01
      7.3030e-01    9.315132e-01
      7.3035e-01    9.314753e-01
      7.3040e-01    9.315363e-01
      7.3045e-01    9.325686e-01
      7.3050e-01    9.327382e-01
      7.3055e-01    9.334471e-01
      7.3060e-01    9.340485e-01
      7.3065e-01    9.349746e-01
      7.3070e-01    9.360089e-01
      7.3075e-01    9.368280e-01
      7.3080e-01    9.382971e-01
      7.3085e-01    9.385739e-01
      7.3090e-01    9.389598e-01
      7.3095e-01    9.398881e-01
      7.3100e-01    9.405994e-01
      7.3105e-01    9.406601e-01
      7.3110e-01    9.419149e-01
      7.3115e-01    9.431716e-01
      7.3120e-01    9.441019e-01
      7.3125e-01    9.444887e-01
      7.3130e-01    9.443314e-01
      7.3135e-01    9.451523e-01
      7.3140e-01    9.458649e-01
      7.3145e-01    9.463605e-01
      7.3150e-01    9.462013e-01
      7.3155e-01    9.473500e-01
      7.3160e-01    9.474072e-01
      7.3165e-01    9.469197e-01
      7.3170e-01    9.463227e-01
      7.3175e-01    9.469245e-01
      7.3180e-01    9.474189e-01
      7.3185e-01    9.482399e-01
      7.3190e-01    9.488437e-01
      7.3195e-01    9.497757e-01
      7.3200e-01    9.510365e-01
      7.3205e-01    9.515328e-01
      7.3210e-01    9.532336e-01
      7.3215e-01    9.546058e-01
      7.3220e-01    9.561996e-01
      7.3225e-01    9.575736e-01
      7.3230e-01    9.574134e-01
      7.3235e-01    9.583501e-01
      7.3240e-01    9.586289e-01
      7.3245e-01    9.592370e-01
      7.3250e-01    9.599546e-01
      7.3255e-01    9.610021e-01
      7.3260e-01    9.621608e-01
      7.3265e-01    9.637593e-01
      7.3270e-01    9.646990e-01
      7.3275e-01    9.650886e-01
      7.3280e-01    9.644875e-01
      7.3285e-01    9.648764e-01
      7.3290e-01    9.661468e-01
      7.3295e-01    9.664260e-01
      7.3300e-01    9.670343e-01
      7.3305e-01    9.666513e-01
      7.3310e-01    9.678112e-01
      7.3315e-01    9.681994e-01
      7.3320e-01    9.682562e-01
      7.3325e-01    9.686440e-01
      7.3330e-01    9.693634e-01
      7.3335e-01    9.700844e-01
      7.3340e-01    9.708053e-01
      7.3345e-01    9.714385e-01
      7.3350e-01    9.718758e-01
      7.3355e-01    9.725507e-01
      7.3360e-01    9.726804e-01
      7.3365e-01    9.731413e-01
      7.3370e-01    9.733699e-01
      7.3375e-01    9.730253e-01
      7.3380e-01    9.729838e-01
      7.3385e-01    9.726835e-01
      7.3390e-01    9.726688e-01
      7.3395e-01    9.733785e-01
      7.3400e-01    9.732457e-01
      7.3405e-01    9.738209e-01
      7.3410e-01    9.741149e-01
      7.3415e-01    9.738062e-01
      7.3420e-01    9.727964e-01
      7.3425e-01    9.726578e-01
      7.3430e-01    9.726236e-01
      7.3435e-01    9.727073e-01
      7.3440e-01    9.732569e-01
      7.3445e-01    9.727153e-01
      7.3450e-01    9.730653e-01
      7.3455e-01    9.744142e-01
      7.3460e-01    9.749856e-01
      7.3465e-01    9.757798e-01
      7.3470e-01    9.761285e-01
      7.3475e-01    9.772561e-01
      7.3480e-01    9.791626e-01
      7.3485e-01    9.798461e-01
      7.3490e-01    9.804176e-01
      7.3495e-01    9.807664e-01
      7.3500e-01    9.807817e-01
      7.3505e-01    9.815760e-01
      7.3510e-01    9.822583e-01
      7.3515e-01    9.834968e-01
      7.3520e-01    9.849593e-01
      7.3525e-01    9.851961e-01
      7.3530e-01    9.855462e-01
      7.3535e-01    9.866741e-01
      7.3540e-01    9.885798e-01
      7.3545e-01    9.899306e-01
      7.3550e-01    9.903927e-01
      7.3555e-01    9.904104e-01
      7.3560e-01    9.924310e-01
      7.3565e-01    9.936728e-01
      7.3570e-01    9.939138e-01
      7.3575e-01    9.947104e-01
      7.3580e-01    9.956168e-01
      7.3585e-01    9.959654e-01
      7.3590e-01    9.969804e-01
      7.3595e-01    9.981040e-01
      7.3600e-01    9.986685e-01
      7.3605e-01    9.992300e-01
      7.3610e-01    9.996781e-01
      7.3615e-01    9.994558e-01
      7.3620e-01    9.993427e-01
      7.3625e-01    9.990071e-01
      7.3630e-01    9.997837e-01
      7.3635e-01    9.991141e-01
      7.3640e-01    9.985559e-01
      7.3645e-01    9.984432e-01
      7.3650e-01    9.987765e-01
      7.3655e-01    9.991110e-01
      7.3660e-01    9.998886e-01
      7.3665e-01    9.997775e-01
      7.3670e-01    1.000000e+00
      7.3675e-01    9.999997e-01
      7.3680e-01    9.992203e-01
      7.3685e-01    9.995536e-01
      7.3690e-01    9.999989e-01
      7.3695e-01    9.988859e-01
      7.3700e-01    9.979958e-01
      7.3705e-01    9.974392e-01
      7.3710e-01    9.978834e-01
      7.3715e-01    9.969933e-01
      7.3720e-01    9.964369e-01
      7.3725e-01    9.959911e-01
      7.3730e-01    9.973265e-01
      7.3735e-01    9.972156e-01
      7.3740e-01    9.967699e-01
      7.3745e-01    9.967698e-01
      7.3750e-01    9.961025e-01
      7.3755e-01    9.961023e-01
      7.3760e-01    9.952122e-01
      7.3765e-01    9.957683e-01
      7.3770e-01    9.961017e-01
      7.3775e-01    9.964351e-01
      7.3780e-01    9.961013e-01
      7.3785e-01    9.973247e-01
      7.3790e-01    9.973246e-01
      7.3795e-01    9.975473e-01
      7.3800e-01    9.978809e-01
      7.3805e-01    9.977702e-01
      7.3810e-01    9.977703e-01
      7.3815e-01    9.968806e-01
      7.3820e-01    9.959897e-01
      7.3825e-01    9.961019e-01
      7.3830e-01    9.951002e-01
      7.3835e-01    9.949897e-01
      7.3840e-01    9.949900e-01
      7.3845e-01    9.959909e-01
      7.3850e-01    9.958803e-01
      7.3855e-01    9.957698e-01
      7.3860e-01    9.958808e-01
      7.3865e-01    9.953248e-01
      7.3870e-01    9.947687e-01
      7.3875e-01    9.952145e-01
      7.3880e-01    9.945464e-01
      7.3885e-01    9.946586e-01
      7.3890e-01    9.934341e-01
      7.3895e-01    9.931006e-01
      7.3900e-01    9.926550e-01
      7.3905e-01    9.915423e-01
      7.3910e-01    9.912086e-01
      7.3915e-01    9.895393e-01
      7.3920e-01    9.899846e-01
      7.3925e-01    9.883153e-01
      7.3930e-01    9.867567e-01
      7.3935e-01    9.855329e-01
      7.3940e-01    9.854206e-01
      7.3945e-01    9.838633e-01
      7.3950e-01    9.825275e-01
      7.3955e-01    9.818601e-01
      7.3960e-01    9.798560e-01
      7.3965e-01    9.790778e-01
      7.3970e-01    9.786319e-01
      7.3975e-01    9.782980e-01
      7.3980e-01    9.778522e-01
      7.3985e-01    9.761829e-01
      7.3990e-01    9.765163e-01
      7.3995e-01    9.755155e-01
      7.4000e-01    9.744027e-01
      7.4005e-01    9.728446e-01
      7.4010e-01    9.717320e-01
      7.4015e-01    9.719551e-01
      7.4020e-01    9.702863e-01
      7.4025e-01    9.691740e-01
      7.4030e-01    9.690636e-01
      7.4035e-01    9.691748e-01
      7.4040e-01    9.678397e-01
      7.4045e-01    9.653919e-01
      7.4050e-01    9.647251e-01
      7.4055e-01    9.642798e-01
      7.4060e-01    9.638358e-01
      7.4065e-01    9.635026e-01
      7.4070e-01    9.621674e-01
      7.4075e-01    9.619449e-01
      7.4080e-01    9.609433e-01
      7.4085e-01    9.612785e-01
      7.4090e-01    9.608332e-01
      7.4095e-01    9.599435e-01
      7.4100e-01    9.589418e-01
      7.4105e-01    9.581629e-01
      7.4110e-01    9.580523e-01
      7.4115e-01    9.568290e-01
      7.4120e-01    9.569399e-01
      7.4125e-01    9.567173e-01
      7.4130e-01    9.563838e-01
      7.4135e-01    9.559384e-01
      7.4140e-01    9.552713e-01
      7.4145e-01    9.553823e-01
      7.4150e-01    9.543817e-01
      7.4155e-01    9.538255e-01
      7.4160e-01    9.531573e-01
      7.4165e-01    9.527131e-01
      7.4170e-01    9.524905e-01
      7.4175e-01    9.519344e-01
      7.4180e-01    9.518238e-01
      7.4185e-01    9.518239e-01
      7.4190e-01    9.513785e-01
      7.4195e-01    9.495987e-01
      7.4200e-01    9.502658e-01
      7.4205e-01    9.499322e-01
      7.4210e-01    9.490422e-01
      7.4215e-01    9.475945e-01
      7.4220e-01    9.477063e-01
      7.4225e-01    9.470377e-01
      7.4230e-01    9.465930e-01
      7.4235e-01    9.461472e-01
      7.4240e-01    9.457025e-01
      7.4245e-01    9.443668e-01
      7.4250e-01    9.436982e-01
      7.4255e-01    9.428080e-01
      7.4260e-01    9.416951e-01
      7.4265e-01    9.411385e-01
      7.4270e-01    9.401376e-01
      7.4275e-01    9.393582e-01
      7.4280e-01    9.379117e-01
      7.4285e-01    9.373551e-01
      7.4290e-01    9.362422e-01
      7.4295e-01    9.356856e-01
      7.4300e-01    9.352398e-01
      7.4305e-01    9.342376e-01
      7.4310e-01    9.330139e-01
      7.4315e-01    9.324572e-01
      7.4320e-01    9.322342e-01
      7.4325e-01    9.310104e-01
      7.4330e-01    9.284511e-01
      7.4335e-01    9.272261e-01
      7.4340e-01    9.258903e-01
      7.4345e-01    9.251121e-01
      7.4350e-01    9.241099e-01
      7.4355e-01    9.233305e-01
      7.4360e-01    9.219947e-01
      7.4365e-01    9.207710e-01
      7.4370e-01    9.201035e-01
      7.4375e-01    9.180994e-01
      7.4380e-01    9.167649e-01
      7.4385e-01    9.168754e-01
      7.4390e-01    9.168751e-01
      7.4395e-01    9.169856e-01
      7.4400e-01    9.165410e-01
      7.4405e-01    9.160952e-01
      7.4410e-01    9.162069e-01
      7.4415e-01    9.159838e-01
      7.4420e-01    9.162064e-01
      7.4425e-01    9.154270e-01
      7.4430e-01    9.145368e-01
      7.4435e-01    9.152036e-01
      7.4440e-01    9.159825e-01
      7.4445e-01    9.154259e-01
      7.4450e-01    9.140901e-01
      7.4455e-01    9.140898e-01
      7.4460e-01    9.135332e-01
      7.4465e-01    9.137557e-01
      7.4470e-01    9.128654e-01
      7.4475e-01    9.123086e-01
      7.4480e-01    9.128646e-01
      7.4485e-01    9.121959e-01
      7.4490e-01    9.130856e-01
      7.4495e-01    9.133083e-01
      7.4500e-01    9.138647e-01
      7.4505e-01    9.131977e-01
      7.4510e-01    9.121961e-01
      7.4515e-01    9.117522e-01
      7.4520e-01    9.107509e-01
      7.4525e-01    9.120870e-01
      7.4530e-01    9.110858e-01
      7.4535e-01    9.121993e-01
      7.4540e-01    9.120893e-01
      7.4545e-01    9.113110e-01
      7.4550e-01    9.103098e-01
      7.4555e-01    9.093098e-01
      7.4560e-01    9.078642e-01
      7.4565e-01    9.077528e-01
      7.4570e-01    9.068636e-01
      7.4575e-01    9.066416e-01
      7.4580e-01    9.049732e-01
      7.4585e-01    9.038612e-01
      7.4590e-01    9.036390e-01
      7.4595e-01    9.020824e-01
      7.4600e-01    9.009700e-01
      7.4605e-01    9.003018e-01
      7.4610e-01    8.996347e-01
      7.4615e-01    8.977426e-01
      7.4620e-01    8.957397e-01
      7.4625e-01    8.936247e-01
      7.4630e-01    8.931800e-01
      7.4635e-01    8.920668e-01
      7.4640e-01    8.898409e-01
      7.4645e-01    8.898404e-01
      7.4650e-01    8.888380e-01
      7.4655e-01    8.870577e-01
      7.4660e-01    8.849427e-01
      7.4665e-01    8.833853e-01
      7.4670e-01    8.823831e-01
      7.4675e-01    8.812701e-01
      7.4680e-01    8.801571e-01
      7.4685e-01    8.772642e-01
      7.4690e-01    8.764848e-01
      7.4695e-01    8.751490e-01
      7.4700e-01    8.724776e-01
      7.4705e-01    8.694739e-01
      7.4710e-01    8.670254e-01
      7.4715e-01    8.646876e-01
      7.4720e-01    8.634637e-01
      7.4725e-01    8.609043e-01
      7.4730e-01    8.584557e-01
      7.4735e-01    8.561191e-01
      7.4740e-01    8.548940e-01
      7.4745e-01    8.542265e-01
      7.4750e-01    8.523342e-01
      7.4755e-01    8.496628e-01
      7.4760e-01    8.479934e-01
      7.4765e-01    8.459904e-01
      7.4770e-01    8.435418e-01
      7.4775e-01    8.423178e-01
      7.4780e-01    8.406483e-01
      7.4785e-01    8.387561e-01
      7.4790e-01    8.373094e-01
      7.4795e-01    8.340818e-01
      7.4800e-01    8.309662e-01
      7.4805e-01    8.269609e-01
      7.4810e-01    8.241791e-01
      7.4815e-01    8.213974e-01
      7.4820e-01    8.197284e-01
      7.4825e-01    8.176140e-01
      7.4830e-01    8.148324e-01
      7.4835e-01    8.112718e-01
      7.4840e-01    8.081567e-01
      7.4845e-01    8.058208e-01
      7.4850e-01    8.025938e-01
      7.4855e-01    7.993679e-01
      7.4860e-01    7.968079e-01
      7.4865e-01    7.944719e-01
      7.4870e-01    7.921359e-01
      7.4875e-01    7.899107e-01
      7.4880e-01    7.865729e-01
      7.4885e-01    7.842357e-01
      7.4890e-01    7.818996e-01
      7.4895e-01    7.786724e-01
      7.4900e-01    7.754462e-01
      7.4905e-01    7.711060e-01
      7.4910e-01    7.667656e-01
      7.4915e-01    7.636498e-01
      7.4920e-01    7.596440e-01
      7.4925e-01    7.560825e-01
      7.4930e-01    7.539671e-01
      7.4935e-01    7.505175e-01
      7.4940e-01    7.477350e-01
      7.4945e-01    7.442853e-01
      7.4950e-01    7.407236e-01
      7.4955e-01    7.380519e-01
      7.4960e-01    7.352695e-01
      7.4965e-01    7.318199e-01
      7.4970e-01    7.280357e-01
      7.4975e-01    7.253653e-01
      7.4980e-01    7.216918e-01
      7.4985e-01    7.184651e-01
      7.4990e-01    7.162391e-01
      7.4995e-01    7.143467e-01
      7.5000e-01    7.113417e-01
      7.5005e-01    7.083367e-01
      7.5010e-01    7.060001e-01
      7.5015e-01    7.019945e-01
      7.5020e-01    6.994340e-01
      7.5025e-01    6.958740e-01
      7.5030e-01    6.917565e-01
      7.5035e-01    6.881954e-01
      7.5040e-01    6.845235e-01
      7.5045e-01    6.802952e-01
      7.5050e-01    6.764006e-01
      7.5055e-01    6.733958e-01
      7.5060e-01    6.707246e-01
      7.5065e-01    6.668299e-01
      7.5070e-01    6.633807e-01
      7.5075e-01    6.590404e-01
      7.5080e-01    6.548122e-01
      7.5085e-01    6.512510e-01
      7.5090e-01    6.468000e-01
      7.5095e-01    6.423490e-01
      7.5100e-01    6.377872e-01
      7.5105e-01    6.335590e-01
      7.5110e-01    6.293296e-01
      7.5115e-01    6.252134e-01
      7.5120e-01    6.207625e-01
      7.5125e-01    6.175350e-01
      7.5130e-01    6.144196e-01
      7.5135e-01    6.099687e-01
      7.5140e-01    6.056286e-01
      7.5145e-01    6.001771e-01
      7.5150e-01    5.939452e-01
      7.5155e-01    5.896063e-01
      7.5160e-01    5.845991e-01
      7.5165e-01    5.798135e-01
      7.5170e-01    5.733600e-01
      7.5175e-01    5.686863e-01
      7.5180e-01    5.627892e-01
      7.5185e-01    5.574484e-01
      7.5190e-01    5.532203e-01
      7.5195e-01    5.475448e-01
      7.5200e-01    5.427605e-01
      7.5205e-01    5.375307e-01
      7.5210e-01    5.316339e-01
      7.5215e-01    5.257371e-01
      7.5220e-01    5.191721e-01
      7.5225e-01    5.148337e-01
      7.5230e-01    5.102713e-01
      7.5235e-01    5.052646e-01
      7.5240e-01    5.002579e-01
      7.5245e-01    4.936942e-01
      7.5250e-01    4.873521e-01
      7.5255e-01    4.816783e-01
      7.5260e-01    4.757805e-01
      7.5265e-01    4.689939e-01
      7.5270e-01    4.627637e-01
      7.5275e-01    4.560879e-01
      7.5280e-01    4.500792e-01
      7.5285e-01    4.434034e-01
      7.5290e-01    4.371731e-01
      7.5295e-01    4.314980e-01
      7.5300e-01    4.250448e-01
      7.5305e-01    4.202606e-01
      7.5310e-01    4.149199e-01
      7.5315e-01    4.083546e-01
      7.5320e-01    4.026803e-01
      7.5325e-01    3.971167e-01
      7.5330e-01    3.931101e-01
      7.5335e-01    3.878800e-01
      7.5340e-01    3.829847e-01
      7.5345e-01    3.776439e-01
      7.5350e-01    3.720802e-01
      7.5355e-01    3.671837e-01
      7.5360e-01    3.616201e-01
      7.5365e-01    3.565021e-01
      7.5370e-01    3.514948e-01
      7.5375e-01    3.461529e-01
      7.5380e-01    3.410349e-01
      7.5385e-01    3.356942e-01
      7.5390e-01    3.297971e-01
      7.5395e-01    3.253463e-01
      7.5400e-01    3.205606e-01
      7.5405e-01    3.167781e-01
      7.5410e-01    3.122153e-01
      7.5415e-01    3.074309e-01
      7.5420e-01    3.032029e-01
      7.5425e-01    2.997540e-01
      7.5430e-01    2.943013e-01
      7.5435e-01    2.901840e-01
      7.5440e-01    2.865123e-01
      7.5445e-01    2.829514e-01
      7.5450e-01    2.780563e-01
      7.5455e-01    2.733827e-01
      7.5460e-01    2.689319e-01
      7.5465e-01    2.640356e-01
      7.5470e-01    2.602531e-01
      7.5475e-01    2.563587e-01
      7.5480e-01    2.520187e-01
      7.5485e-01    2.474571e-01
      7.5490e-01    2.423380e-01
      7.5495e-01    2.378873e-01
      7.5500e-01    2.334365e-01
      7.5505e-01    2.302105e-01
      7.5510e-01    2.260933e-01
      7.5515e-01    2.217534e-01
      7.5520e-01    2.176364e-01
      7.5525e-01    2.136313e-01
      7.5530e-01    2.097370e-01
      7.5535e-01    2.061763e-01
      7.5540e-01    2.025048e-01
      7.5545e-01    1.980541e-01
      7.5550e-01    1.942707e-01
      7.5555e-01    1.903764e-01
      7.5560e-01    1.859258e-01
      7.5565e-01    1.814751e-01
      7.5570e-01    1.776929e-01
      7.5575e-01    1.742429e-01
      7.5580e-01    1.699043e-01
      7.5585e-01    1.661208e-01
      7.5590e-01    1.634512e-01
      7.5595e-01    1.604467e-01
      7.5600e-01    1.563296e-01
      7.5605e-01    1.524350e-01
      7.5610e-01    1.495423e-01
      7.5615e-01    1.456476e-01
      7.5620e-01    1.424199e-01
      7.5625e-01    1.398605e-01
      7.5630e-01    1.364099e-01
      7.5635e-01    1.330714e-01
      7.5640e-01    1.300676e-01
      7.5645e-01    1.271733e-01
      7.5650e-01    1.245031e-01
      7.5655e-01    1.216092e-01
      7.5660e-01    1.187157e-01
      7.5665e-01    1.158223e-01
      7.5670e-01    1.127065e-01
      7.5675e-01    1.099468e-01
      7.5680e-01    1.073993e-01
      7.5685e-01    1.053475e-01
      7.5690e-01    1.029288e-01
      7.5695e-01    1.002468e-01
      7.5700e-01    9.803993e-02
      7.5705e-01    9.644797e-02
      7.5710e-01    9.469360e-02
      7.5715e-01    9.281322e-02
      7.5720e-01    9.094340e-02
      7.5725e-01    8.917535e-02
      7.5730e-01    8.789870e-02
      7.5735e-01    8.567652e-02
      7.5740e-01    8.411591e-02
      7.5745e-01    8.254378e-02
      7.5750e-01    8.004766e-02
      7.5755e-01    7.831620e-02
      7.5760e-01    7.667794e-02
      7.5765e-01    7.487065e-02
      7.5770e-01    7.276508e-02
      7.5775e-01    7.175266e-02
      7.5780e-01    7.068348e-02
      7.5785e-01    6.827440e-02
      7.5790e-01    6.687809e-02
      7.5795e-01    6.534420e-02
      7.5800e-01    6.343201e-02
      7.5805e-01    6.187322e-02
      7.5810e-01    5.997601e-02
      7.5815e-01    5.825568e-02
      7.5820e-01    5.666187e-02
      7.5825e-01    5.520847e-02
      7.5830e-01    5.453873e-02
      7.5835e-01    5.347684e-02
      7.5840e-01    5.189388e-02
      7.5845e-01    5.014744e-02
      7.5850e-01    4.859968e-02
      7.5855e-01    4.765749e-02
      7.5860e-01    4.653603e-02
      7.5865e-01    4.481648e-02
      7.5870e-01    4.368193e-02
      7.5875e-01    4.245038e-02
      7.5880e-01    4.120658e-02
      7.5885e-01    4.002006e-02
      7.5890e-01    3.869457e-02
      7.5895e-01    3.766259e-02
      7.5900e-01    3.668007e-02
      7.5905e-01    3.505254e-02
      7.5910e-01    3.425519e-02
      7.5915e-01    3.287832e-02
      7.5920e-01    3.189472e-02
      7.5925e-01    3.105089e-02
      7.5930e-01    3.013206e-02
      7.5935e-01    2.859412e-02
      7.5940e-01    2.698220e-02
      7.5945e-01    2.628031e-02
      7.5950e-01    2.543953e-02
      7.5955e-01    2.410183e-02
      7.5960e-01    2.343156e-02
      7.5965e-01    2.281633e-02
      7.5970e-01    2.137781e-02
      7.5975e-01    2.089915e-02
      7.5980e-01    2.019405e-02
      7.5985e-01    1.950602e-02
      7.5990e-01    1.873272e-02
      7.5995e-01    1.781070e-02
      7.6000e-01    1.737303e-02
      7.6005e-01    1.656720e-02
      7.6010e-01    1.590285e-02
      7.6015e-01    1.531340e-02
      7.6020e-01    1.436184e-02
      7.6025e-01    1.376169e-02
      7.6030e-01    1.301536e-02
      7.6035e-01    1.248078e-02
      7.6040e-01    1.238527e-02
      7.6045e-01    1.186289e-02
      7.6050e-01    1.142349e-02
      7.6055e-01    1.086508e-02
      7.6060e-01    1.066709e-02
      7.6065e-01    1.039049e-02
      7.6070e-01    1.026225e-02
      7.6075e-01    9.691102e-03
      7.6080e-01    9.510725e-03
      7.6085e-01    9.101796e-03
      7.6090e-01    8.486364e-03
      7.6095e-01    8.447898e-03
      7.6100e-01    8.384533e-03
      7.6105e-01    8.152206e-03
      7.6110e-01    7.738459e-03
      7.6115e-01    7.679532e-03
      7.6120e-01    7.757583e-03
      7.6125e-01    7.493664e-03
      7.6130e-01    7.816107e-03
      7.6135e-01    7.676662e-03
      7.6140e-01    7.728554e-03
      7.6145e-01    7.675902e-03
      7.6150e-01    7.783006e-03
      7.6155e-01    7.937093e-03
      7.6160e-01    7.874158e-03
      7.6165e-01    8.042683e-03
      7.6170e-01    8.260617e-03
      7.6175e-01    8.195814e-03
      7.6180e-01    8.519039e-03
      7.6185e-01    8.910929e-03
      7.6190e-01    9.131274e-03
      7.6195e-01    9.299677e-03
      7.6200e-01    8.960224e-03
      7.6205e-01    9.189111e-03
      7.6210e-01    9.387011e-03
      7.6215e-01    9.456604e-03
      7.6220e-01    8.997952e-03
      7.6225e-01    9.265094e-03
      7.6230e-01    9.075103e-03
      7.6235e-01    9.343385e-03
      7.6240e-01    8.936017e-03
      7.6245e-01    8.741041e-03
      7.6250e-01    8.892073e-03
      7.6255e-01    8.594394e-03
      7.6260e-01    8.314767e-03
      7.6265e-01    8.163766e-03
      7.6270e-01    8.348605e-03
      7.6275e-01    8.374271e-03
      7.6280e-01    8.238728e-03
      7.6285e-01    8.196553e-03
      7.6290e-01    7.681742e-03
      7.6295e-01    7.802417e-03
      7.6300e-01    7.456600e-03
      7.6305e-01    7.357649e-03
      7.6310e-01    6.754757e-03
      7.6315e-01    6.453937e-03
      7.6320e-01    6.147137e-03
      7.6325e-01    5.991867e-03
      7.6330e-01    5.863004e-03
      7.6335e-01    5.976666e-03
      7.6340e-01    5.703781e-03
      7.6345e-01    5.363147e-03
      7.6350e-01    5.309724e-03
      7.6355e-01    5.163927e-03
      7.6360e-01    5.029762e-03
      7.6365e-01    4.836190e-03
      7.6370e-01    4.583044e-03
      7.6375e-01    4.525587e-03
      7.6380e-01    4.689645e-03
      7.6385e-01    4.266013e-03
      7.6390e-01    4.027357e-03
      7.6395e-01    3.704092e-03
      7.6400e-01    3.627534e-03
      7.6405e-01    3.706339e-03
      7.6410e-01    3.528363e-03
      7.6415e-01    3.410716e-03
      7.6420e-01    3.509254e-03
      7.6425e-01    3.298455e-03
      7.6430e-01    2.870421e-03
      7.6435e-01    2.753444e-03
      7.6440e-01    2.257624e-03
      7.6445e-01    1.989520e-03
      7.6450e-01    2.670114e-03
      7.6455e-01    2.638256e-03
      7.6460e-01    2.944271e-03
      7.6465e-01    2.686416e-03
      7.6470e-01    2.844134e-03
      7.6475e-01    2.939752e-03
      7.6480e-01    2.906050e-03
      7.6485e-01    3.092304e-03
      7.6490e-01    3.045042e-03
      7.6495e-01    2.851242e-03
      7.6500e-01    2.945571e-03
      7.6505e-01    2.775786e-03
      7.6510e-01    2.684313e-03
      7.6515e-01    2.471884e-03
      7.6520e-01    2.633046e-03
      7.6525e-01    2.417100e-03
      7.6530e-01    2.172078e-03
      7.6535e-01    1.952090e-03
      7.6540e-01    1.949126e-03
      7.6545e-01    1.834834e-03
      7.6550e-01    1.844698e-03
      7.6555e-01    1.701940e-03
      7.6560e-01    1.668751e-03
      7.6565e-01    1.790325e-03
      7.6570e-01    1.686483e-03
      7.6575e-01    2.079962e-03
      7.6580e-01    1.574664e-03
      7.6585e-01    1.108335e-03
      7.6590e-01    0.000000e+00
      7.6595e-01    1.090114e-03
      7.6600e-01    1.212415e-03
      7.6605e-01    1.395245e-03
      7.6610e-01    0.000000e+00
      7.6615e-01    0.000000e+00
      7.6620e-01    0.000000e+00
      7.6625e-01    0.000000e+00
      7.6630e-01    0.000000e+00
      7.6635e-01    0.000000e+00
      7.6640e-01    0.000000e+00
      7.6645e-01    0.000000e+00
      7.6650e-01    0.000000e+00
      7.6655e-01    0.000000e+00
      7.6660e-01    0.000000e+00
      7.6665e-01    0.000000e+00
      7.6670e-01    0.000000e+00
      7.6675e-01    0.000000e+00
      7.6680e-01    0.000000e+00
      7.6685e-01    0.000000e+00
      7.6690e-01    0.000000e+00
      7.6695e-01    0.000000e+00
      7.6700e-01    0.000000e+00
      7.6705e-01    0.000000e+00
      7.6710e-01    0.000000e+00
      7.6715e-01    0.000000e+00
      7.6720e-01    0.000000e+00
      7.6725e-01    0.000000e+00
      7.6730e-01    0.000000e+00
      7.6735e-01    0.000000e+00
      7.6740e-01    0.000000e+00
      7.6745e-01    0.000000e+00
      7.6750e-01    0.000000e+00
      7.6755e-01    0.000000e+00
      7.6760e-01    0.000000e+00
      7.6765e-01    0.000000e+00
      7.6770e-01    0.000000e+00
      7.6775e-01    0.000000e+00
      7.6780e-01    0.000000e+00
      7.6785e-01    0.000000e+00
      7.6790e-01    0.000000e+00
      7.6795e-01    0.000000e+00
      7.6800e-01    0.000000e+00
      7.6805e-01    0.000000e+00
      7.6810e-01    0.000000e+00
      7.6815e-01    0.000000e+00
      7.6820e-01    0.000000e+00
      7.6825e-01    0.000000e+00
      7.6830e-01    0.000000e+00
      7.6835e-01    0.000000e+00
      7.6840e-01    0.000000e+00
      7.6845e-01    0.000000e+00
      7.6850e-01    0.000000e+00
      7.6855e-01    0.000000e+00
      7.6860e-01    0.000000e+00
      7.6865e-01    0.000000e+00
      7.6870e-01    0.000000e+00
      7.6875e-01    0.000000e+00
      7.6880e-01    0.000000e+00
      7.6885e-01    0.000000e+00
      7.6890e-01    0.000000e+00
      7.6895e-01    0.000000e+00
      7.6900e-01    0.000000e+00
      7.6905e-01    0.000000e+00
      7.6910e-01    0.000000e+00
      7.6915e-01    0.000000e+00
      7.6920e-01    0.000000e+00
      7.6925e-01    0.000000e+00
      7.6930e-01    0.000000e+00
      7.6935e-01    1.410765e-03
      7.6940e-01    1.632593e-03
      7.6945e-01    2.261210e-03
      7.6950e-01    2.771733e-03
      7.6955e-01    2.891099e-03
      7.6960e-01    3.486384e-03
      7.6965e-01    3.315978e-03
      7.6970e-01    3.231385e-03
      7.6975e-01    3.367474e-03
      7.6980e-01    3.929403e-03
      7.6985e-01    3.775680e-03
      7.6990e-01    3.827051e-03
      7.6995e-01    4.440281e-03
      7.7000e-01    4.677821e-03
