#  wavelength_um     transmission
#
      6.7100e-01    2.000871e-04
      6.7200e-01    5.002055e-04
      6.7300e-01    1.100387e-03
      6.7400e-01    2.100690e-03
      6.7500e-01    3.701063e-03
      6.7600e-01    6.301657e-03
      6.7700e-01    1.020208e-02
      6.7800e-01    1.600281e-02
      6.7900e-01    2.430343e-02
      6.8000e-01    3.540362e-02
      6.8100e-01    5.010827e-02
      6.8200e-01    6.831682e-02
      6.8300e-01    9.000023e-02
      6.8400e-01    1.156318e-01
      6.8500e-01    1.444938e-01
      6.8600e-01    1.762708e-01
      6.8700e-01    2.103731e-01
      6.8800e-01    2.463259e-01
      6.8900e-01    2.883517e-01
      6.9000e-01    3.317649e-01
      6.9100e-01    3.768775e-01
      6.9200e-01    4.221613e-01
      6.9300e-01    4.675122e-01
      6.9400e-01    5.116529e-01
      6.9500e-01    5.534708e-01
      6.9600e-01    5.949724e-01
      6.9700e-01    6.352606e-01
      6.9800e-01    6.732948e-01
      6.9900e-01    7.041543e-01
      7.0000e-01    7.328270e-01
      7.0100e-01    7.584633e-01
      7.0200e-01    7.812985e-01
      7.0300e-01    8.012286e-01
      7.0400e-01    8.177525e-01
      7.0500e-01    8.343727e-01
      7.0600e-01    8.493991e-01
      7.0700e-01    8.611185e-01
      7.0800e-01    8.698305e-01
      7.0900e-01    8.805413e-01
      7.1000e-01    8.860441e-01
      7.1100e-01    8.914599e-01
      7.1200e-01    8.988608e-01
      7.1300e-01    9.054715e-01
      7.1400e-01    9.098665e-01
      7.1500e-01    8.996737e-01
      7.1600e-01    8.896323e-01
      7.1700e-01    8.783041e-01
      7.1800e-01    8.664777e-01
      7.1900e-01    8.771717e-01
      7.2000e-01    8.884724e-01
      7.2100e-01    8.998541e-01
      7.2200e-01    9.118516e-01
      7.2300e-01    9.199049e-01
      7.2400e-01    9.242250e-01
      7.2500e-01    9.264225e-01
      7.2600e-01    9.314074e-01
      7.2700e-01    9.362256e-01
      7.2800e-01    9.382306e-01
      7.2900e-01    9.417881e-01
      7.3000e-01    9.441965e-01
      7.3100e-01    9.523109e-01
      7.3200e-01    9.637629e-01
      7.3300e-01    9.720883e-01
      7.3400e-01    9.790933e-01
      7.3500e-01    9.815094e-01
      7.3600e-01    9.823177e-01
      7.3700e-01    9.787969e-01
      7.3800e-01    9.740734e-01
      7.3900e-01    9.735752e-01
      7.4000e-01    9.739725e-01
      7.4100e-01    9.736776e-01
      7.4200e-01    9.747855e-01
      7.4300e-01    9.718682e-01
      7.4400e-01    9.708581e-01
      7.4500e-01    9.709529e-01
      7.4600e-01    9.704639e-01
      7.4700e-01    9.710599e-01
      7.4800e-01    9.733612e-01
      7.4900e-01    9.757757e-01
      7.5000e-01    9.762617e-01
      7.5100e-01    9.790643e-01
      7.5200e-01    9.822719e-01
      7.5300e-01    9.822826e-01
      7.5400e-01    9.831781e-01
      7.5500e-01    9.843746e-01
      7.5600e-01    9.852808e-01
      7.5700e-01    9.877091e-01
      7.5800e-01    9.675818e-01
      7.5900e-01    8.924884e-01
      7.6000e-01    6.504168e-01
      7.6100e-01    5.510380e-01
      7.6200e-01    7.148697e-01
      7.6300e-01    6.659199e-01
      7.6400e-01    6.837321e-01
      7.6500e-01    7.594642e-01
      7.6600e-01    8.444922e-01
      7.6700e-01    9.002040e-01
      7.6800e-01    9.733643e-01
      7.6900e-01    9.743377e-01
      7.7000e-01    9.810586e-01
      7.7100e-01    9.766177e-01
      7.7200e-01    9.684544e-01
      7.7300e-01    9.707557e-01
      7.7400e-01    9.733796e-01
      7.7500e-01    9.718560e-01
      7.7600e-01    9.764695e-01
      7.7700e-01    9.817875e-01
      7.7800e-01    9.820870e-01
      7.7900e-01    9.782574e-01
      7.8000e-01    9.788580e-01
      7.8100e-01    9.801493e-01
      7.8200e-01    9.814421e-01
      7.8300e-01    9.877641e-01
      7.8400e-01    9.908785e-01
      7.8500e-01    9.943825e-01
      7.8600e-01    1.000000e+00
      7.8700e-01    9.998930e-01
      7.8846e-01    9.958770e-01
      7.8975e-01    9.942969e-01
      7.9103e-01    9.921713e-01
      7.9232e-01    9.895918e-01
      7.9360e-01    9.870703e-01
      7.9489e-01    9.851830e-01
      7.9618e-01    9.833523e-01
      7.9746e-01    9.815109e-01
      7.9875e-01    9.796740e-01
      8.0003e-01    9.780068e-01
      8.0132e-01    9.723771e-01
      8.0260e-01    9.664907e-01
      8.0389e-01    9.602176e-01
      8.0517e-01    9.543205e-01
      8.0646e-01    9.488222e-01
      8.0774e-01    9.430228e-01
      8.0903e-01    9.376376e-01
      8.1032e-01    9.308710e-01
      8.1160e-01    9.146802e-01
      8.1289e-01    8.981593e-01
      8.1417e-01    8.836541e-01
      8.1546e-01    8.789657e-01
      8.1674e-01    8.738969e-01
      8.1803e-01    8.681632e-01
      8.1931e-01    8.608403e-01
      8.2060e-01    8.532607e-01
      8.2189e-01    8.460585e-01
      8.2317e-01    8.382451e-01
      8.2446e-01    8.297699e-01
      8.2574e-01    8.215317e-01
      8.2703e-01    8.133194e-01
      8.2831e-01    8.046303e-01
      8.2960e-01    7.951191e-01
      8.3088e-01    7.904521e-01
      8.3217e-01    7.870122e-01
      8.3346e-01    7.814116e-01
      8.3474e-01    7.721204e-01
      8.3603e-01    7.516111e-01
      8.3731e-01    7.240875e-01
      8.3860e-01    6.898997e-01
      8.3988e-01    6.485952e-01
      8.4117e-01    6.000718e-01
      8.4245e-01    5.452708e-01
      8.4374e-01    4.858119e-01
      8.4503e-01    4.235076e-01
      8.4631e-01    3.611849e-01
      8.4760e-01    3.010032e-01
      8.4888e-01    2.453326e-01
      8.5017e-01    1.958297e-01
      8.5145e-01    1.530628e-01
      8.5274e-01    1.175611e-01
      8.5402e-01    8.893297e-02
      8.5531e-01    6.654767e-02
      8.5659e-01    4.940517e-02
      8.5788e-01    3.650130e-02
      8.5917e-01    2.717024e-02
      8.6045e-01    2.044393e-02
      8.6174e-01    1.558211e-02
      8.6302e-01    1.215605e-02
      8.6431e-01    9.784332e-03
      8.6559e-01    8.158332e-03
      8.6688e-01    7.006136e-03
      8.6816e-01    6.117011e-03
      8.6945e-01    5.455412e-03
      8.7074e-01    4.968726e-03
      8.7202e-01    4.558097e-03
      8.7331e-01    4.215347e-03
      8.7459e-01    3.988340e-03
      8.7588e-01    3.835326e-03
      8.7716e-01    3.739526e-03
      8.7845e-01    3.644307e-03
      8.7973e-01    3.573676e-03
      8.8102e-01    3.527067e-03
      8.8231e-01    3.449239e-03
      8.8359e-01    3.325000e-03
      8.8488e-01    3.154657e-03
      8.8616e-01    3.040244e-03
      8.8745e-01    2.988409e-03
      8.8873e-01    2.967932e-03
      8.9002e-01    2.908196e-03
      8.9130e-01    2.795862e-03
      8.9259e-01    2.707687e-03
      8.9388e-01    2.620965e-03
      8.9516e-01    2.515110e-03
      8.9645e-01    2.376781e-03
      8.9773e-01    2.202434e-03
      8.9902e-01    2.040679e-03
      9.0030e-01    1.968459e-03
      9.0159e-01    1.923470e-03
      9.0287e-01    1.865141e-03
      9.0416e-01    1.813535e-03
      9.0544e-01    1.775331e-03
      9.0673e-01    1.717827e-03
      9.0802e-01    1.545130e-03
      9.0930e-01    1.310559e-03
      9.1059e-01    1.060660e-03
      9.1187e-01    8.152494e-04
      9.1316e-01    5.931080e-04
      9.1444e-01    3.937957e-04
      9.1573e-01    2.166996e-04
      9.1701e-01    5.519411e-05
