#  wavelength_um     transmission
#
      6.5030e-01    3.600000e-03
      6.5073e-01    3.500000e-03
      6.5116e-01    3.600000e-03
      6.5160e-01    3.300000e-03
      6.5203e-01    3.500000e-03
      6.5246e-01    3.500000e-03
      6.5289e-01    3.600000e-03
      6.5333e-01    3.500000e-03
      6.5376e-01    3.700000e-03
      6.5419e-01    3.400000e-03
      6.5463e-01    3.600000e-03
      6.5506e-01    3.700000e-03
      6.5549e-01    3.600000e-03
      6.5592e-01    3.600000e-03
      6.5636e-01    3.600000e-03
      6.5679e-01    3.400000e-03
      6.5722e-01    3.500000e-03
      6.5766e-01    3.600000e-03
      6.5809e-01    3.800000e-03
      6.5852e-01    3.700000e-03
      6.5895e-01    3.700000e-03
      6.5939e-01    3.800000e-03
      6.5982e-01    3.600000e-03
      6.6025e-01    3.600000e-03
      6.6069e-01    3.600000e-03
      6.6112e-01    3.800000e-03
      6.6155e-01    3.900000e-03
      6.6199e-01    3.600000e-03
      6.6242e-01    3.800000e-03
      6.6285e-01    3.700000e-03
      6.6329e-01    3.600000e-03
      6.6372e-01    3.600000e-03
      6.6415e-01    3.700000e-03
      6.6459e-01    3.600000e-03
      6.6502e-01    3.800000e-03
      6.6546e-01    3.600000e-03
      6.6589e-01    3.600000e-03
      6.6632e-01    4.000000e-03
      6.6676e-01    3.800000e-03
      6.6719e-01    3.900000e-03
      6.6762e-01    3.700000e-03
      6.6806e-01    3.800000e-03
      6.6849e-01    3.600000e-03
      6.6893e-01    3.900000e-03
      6.6936e-01    3.900000e-03
      6.6979e-01    3.700000e-03
      6.7023e-01    3.900000e-03
      6.7066e-01    4.000000e-03
      6.7110e-01    4.000000e-03
      6.7153e-01    3.700000e-03
      6.7196e-01    3.900000e-03
      6.7240e-01    3.800000e-03
      6.7283e-01    3.900000e-03
      6.7327e-01    3.900000e-03
      6.7370e-01    4.000000e-03
      6.7414e-01    3.900000e-03
      6.7457e-01    3.900000e-03
      6.7500e-01    4.200000e-03
      6.7544e-01    4.200000e-03
      6.7587e-01    3.900000e-03
      6.7631e-01    4.000000e-03
      6.7674e-01    4.100000e-03
      6.7718e-01    4.000000e-03
      6.7761e-01    4.200000e-03
      6.7805e-01    4.100000e-03
      6.7848e-01    4.000000e-03
      6.7892e-01    4.100000e-03
      6.7935e-01    4.100000e-03
      6.7979e-01    4.200000e-03
      6.8022e-01    4.100000e-03
      6.8066e-01    4.200000e-03
      6.8109e-01    4.200000e-03
      6.8153e-01    4.200000e-03
      6.8196e-01    4.300000e-03
      6.8240e-01    4.600000e-03
      6.8283e-01    4.400000e-03
      6.8327e-01    4.300000e-03
      6.8370e-01    4.500000e-03
      6.8414e-01    4.500000e-03
      6.8457e-01    4.700000e-03
      6.8501e-01    4.800000e-03
      6.8544e-01    4.700000e-03
      6.8588e-01    4.900000e-03
      6.8631e-01    5.000000e-03
      6.8675e-01    5.200000e-03
      6.8718e-01    5.500000e-03
      6.8762e-01    5.600000e-03
      6.8806e-01    6.000000e-03
      6.8849e-01    6.500000e-03
      6.8893e-01    7.000000e-03
      6.8936e-01    7.800000e-03
      6.8980e-01    8.900000e-03
      6.9023e-01    1.020000e-02
      6.9067e-01    1.200000e-02
      6.9111e-01    1.460000e-02
      6.9154e-01    1.780000e-02
      6.9198e-01    2.240000e-02
      6.9241e-01    2.860000e-02
      6.9285e-01    3.620000e-02
      6.9329e-01    4.620000e-02
      6.9372e-01    5.800000e-02
      6.9416e-01    7.260000e-02
      6.9459e-01    9.000000e-02
      6.9503e-01    1.097000e-01
      6.9547e-01    1.333000e-01
      6.9590e-01    1.603000e-01
      6.9634e-01    1.903000e-01
      6.9677e-01    2.235000e-01
      6.9721e-01    2.599000e-01
      6.9765e-01    2.983000e-01
      6.9808e-01    3.379000e-01
      6.9852e-01    3.768000e-01
      6.9896e-01    4.133000e-01
      6.9939e-01    4.465000e-01
      6.9983e-01    4.763000e-01
      7.0027e-01    4.998000e-01
      7.0070e-01    5.192000e-01
      7.0114e-01    5.346000e-01
      7.0158e-01    5.467000e-01
      7.0201e-01    5.562000e-01
      7.0245e-01    5.646000e-01
      7.0289e-01    5.718000e-01
      7.0332e-01    5.784000e-01
      7.0376e-01    5.840000e-01
      7.0420e-01    5.891000e-01
      7.0463e-01    5.938000e-01
      7.0507e-01    5.982000e-01
      7.0551e-01    6.024000e-01
      7.0594e-01    6.055000e-01
      7.0638e-01    6.086000e-01
      7.0682e-01    6.113000e-01
      7.0726e-01    6.135000e-01
      7.0769e-01    6.148000e-01
      7.0813e-01    6.155000e-01
      7.0857e-01    6.165000e-01
      7.0900e-01    6.174000e-01
      7.0944e-01    6.173000e-01
      7.0988e-01    6.173000e-01
      7.1032e-01    6.171000e-01
      7.1075e-01    6.168000e-01
      7.1119e-01    6.161000e-01
      7.1163e-01    6.155000e-01
      7.1207e-01    6.151000e-01
      7.1250e-01    6.143000e-01
      7.1294e-01    6.130000e-01
      7.1338e-01    6.114000e-01
      7.1382e-01    6.106000e-01
      7.1425e-01    6.067000e-01
      7.1469e-01    6.011000e-01
      7.1513e-01    5.956000e-01
      7.1557e-01    5.909000e-01
      7.1601e-01    5.852000e-01
      7.1644e-01    5.804000e-01
      7.1688e-01    5.754000e-01
      7.1732e-01    5.708000e-01
      7.1776e-01    5.661000e-01
      7.1820e-01    5.641000e-01
      7.1863e-01    5.660000e-01
      7.1907e-01    5.682000e-01
      7.1951e-01    5.698000e-01
      7.1995e-01    5.719000e-01
      7.2039e-01    5.739000e-01
      7.2082e-01    5.752000e-01
      7.2126e-01    5.775000e-01
      7.2170e-01    5.795000e-01
      7.2214e-01    5.806000e-01
      7.2258e-01    5.820000e-01
      7.2302e-01    5.823000e-01
      7.2345e-01    5.835000e-01
      7.2389e-01    5.842000e-01
      7.2433e-01    5.853000e-01
      7.2477e-01    5.863000e-01
      7.2521e-01    5.875000e-01
      7.2565e-01    5.885000e-01
      7.2608e-01    5.894000e-01
      7.2652e-01    5.905000e-01
      7.2696e-01    5.911000e-01
      7.2740e-01    5.920000e-01
      7.2784e-01    5.928000e-01
      7.2828e-01    5.938000e-01
      7.2872e-01    5.938000e-01
      7.2916e-01    5.945000e-01
      7.2960e-01    5.948000e-01
      7.3003e-01    5.953000e-01
      7.3047e-01    5.970000e-01
      7.3091e-01    5.992000e-01
      7.3135e-01    6.012000e-01
      7.3179e-01    6.034000e-01
      7.3223e-01    6.050000e-01
      7.3267e-01    6.066000e-01
      7.3311e-01    6.084000e-01
      7.3355e-01    6.102000e-01
      7.3399e-01    6.119000e-01
      7.3442e-01    6.118000e-01
      7.3486e-01    6.113000e-01
      7.3530e-01    6.112000e-01
      7.3574e-01    6.107000e-01
      7.3618e-01    6.103000e-01
      7.3662e-01    6.096000e-01
      7.3706e-01    6.090000e-01
      7.3750e-01    6.092000e-01
      7.3794e-01    6.083000e-01
      7.3838e-01    6.083000e-01
      7.3882e-01    6.088000e-01
      7.3926e-01    6.077000e-01
      7.3970e-01    6.079000e-01
      7.4014e-01    6.083000e-01
      7.4058e-01    6.081000e-01
      7.4102e-01    6.077000e-01
      7.4146e-01    6.078000e-01
      7.4190e-01    6.071000e-01
      7.4234e-01    6.074000e-01
      7.4278e-01    6.065000e-01
      7.4322e-01    6.059000e-01
      7.4366e-01    6.058000e-01
      7.4410e-01    6.046000e-01
      7.4454e-01    6.045000e-01
      7.4498e-01    6.040000e-01
      7.4542e-01    6.036000e-01
      7.4586e-01    6.030000e-01
      7.4630e-01    6.023000e-01
      7.4674e-01    6.020000e-01
      7.4718e-01    6.022000e-01
      7.4762e-01    6.013000e-01
      7.4806e-01    6.009000e-01
      7.4850e-01    6.012000e-01
      7.4894e-01    6.007000e-01
      7.4938e-01    6.007000e-01
      7.4982e-01    6.009000e-01
      7.5026e-01    6.006000e-01
      7.5070e-01    6.008000e-01
      7.5114e-01    6.003000e-01
      7.5158e-01    6.004000e-01
      7.5202e-01    6.008000e-01
      7.5246e-01    6.009000e-01
      7.5290e-01    6.007000e-01
      7.5334e-01    6.010000e-01
      7.5379e-01    6.004000e-01
      7.5423e-01    6.004000e-01
      7.5467e-01    6.008000e-01
      7.5511e-01    6.007000e-01
      7.5555e-01    6.010000e-01
      7.5599e-01    6.011000e-01
      7.5643e-01    6.013000e-01
      7.5687e-01    6.018000e-01
      7.5731e-01    5.969000e-01
      7.5775e-01    5.915000e-01
      7.5819e-01    5.797000e-01
      7.5864e-01    5.590000e-01
      7.5908e-01    5.307000e-01
      7.5952e-01    4.666000e-01
      7.5996e-01    4.013000e-01
      7.6040e-01    3.711000e-01
      7.6084e-01    3.439000e-01
      7.6128e-01    3.624000e-01
      7.6172e-01    4.063000e-01
      7.6217e-01    4.286000e-01
      7.6261e-01    4.152000e-01
      7.6305e-01    4.038000e-01
      7.6349e-01    4.090000e-01
      7.6393e-01    4.143000e-01
      7.6437e-01    4.327000e-01
      7.6481e-01    4.533000e-01
      7.6526e-01    4.762000e-01
      7.6570e-01    4.983000e-01
      7.6614e-01    5.182000e-01
      7.6658e-01    5.333000e-01
      7.6702e-01    5.476000e-01
      7.6746e-01    5.681000e-01
      7.6791e-01    5.887000e-01
      7.6835e-01    5.922000e-01
      7.6879e-01    5.920000e-01
      7.6923e-01    5.907000e-01
      7.6967e-01    5.897000e-01
      7.7011e-01    5.893000e-01
      7.7056e-01    5.882000e-01
      7.7100e-01    5.881000e-01
      7.7144e-01    5.870000e-01
      7.7188e-01    5.865000e-01
      7.7232e-01    5.860000e-01
      7.7277e-01    5.854000e-01
      7.7321e-01    5.854000e-01
      7.7365e-01    5.852000e-01
      7.7409e-01    5.847000e-01
      7.7454e-01    5.850000e-01
      7.7498e-01    5.843000e-01
      7.7542e-01    5.848000e-01
      7.7586e-01    5.844000e-01
      7.7630e-01    5.841000e-01
      7.7675e-01    5.845000e-01
      7.7719e-01    5.843000e-01
      7.7763e-01    5.839000e-01
      7.7807e-01    5.832000e-01
      7.7852e-01    5.834000e-01
      7.7896e-01    5.830000e-01
      7.7940e-01    5.832000e-01
      7.7984e-01    5.828000e-01
      7.8029e-01    5.827000e-01
      7.8073e-01    5.827000e-01
      7.8117e-01    5.824000e-01
      7.8161e-01    5.823000e-01
      7.8206e-01    5.823000e-01
      7.8250e-01    5.821000e-01
      7.8294e-01    5.816000e-01
      7.8339e-01    5.822000e-01
      7.8383e-01    5.821000e-01
      7.8427e-01    5.825000e-01
      7.8471e-01    5.820000e-01
      7.8516e-01    5.815000e-01
      7.8560e-01    5.816000e-01
      7.8604e-01    5.814000e-01
      7.8649e-01    5.813000e-01
      7.8693e-01    5.805000e-01
      7.8737e-01    5.802000e-01
      7.8782e-01    5.793000e-01
      7.8826e-01    5.795000e-01
      7.8870e-01    5.786000e-01
      7.8915e-01    5.785000e-01
      7.8959e-01    5.777000e-01
      7.9003e-01    5.775000e-01
      7.9048e-01    5.773000e-01
      7.9092e-01    5.764000e-01
      7.9136e-01    5.760000e-01
      7.9181e-01    5.757000e-01
      7.9225e-01    5.750000e-01
      7.9269e-01    5.748000e-01
      7.9314e-01    5.744000e-01
      7.9358e-01    5.745000e-01
      7.9402e-01    5.737000e-01
      7.9447e-01    5.735000e-01
      7.9491e-01    5.730000e-01
      7.9535e-01    5.724000e-01
      7.9580e-01    5.726000e-01
      7.9624e-01    5.721000e-01
      7.9668e-01    5.717000e-01
      7.9713e-01    5.713000e-01
      7.9757e-01    5.708000e-01
      7.9802e-01    5.709000e-01
      7.9846e-01    5.704000e-01
      7.9890e-01    5.701000e-01
      7.9935e-01    5.703000e-01
      7.9979e-01    5.698000e-01
      8.0024e-01    5.692000e-01
      8.0068e-01    5.693000e-01
      8.0112e-01    5.690000e-01
      8.0157e-01    5.679000e-01
      8.0201e-01    5.681000e-01
      8.0246e-01    5.677000e-01
      8.0290e-01    5.670000e-01
      8.0334e-01    5.668000e-01
      8.0379e-01    5.661000e-01
      8.0423e-01    5.650000e-01
      8.0468e-01    5.648000e-01
      8.0512e-01    5.643000e-01
      8.0557e-01    5.630000e-01
      8.0601e-01    5.624000e-01
      8.0645e-01    5.620000e-01
      8.0690e-01    5.614000e-01
      8.0734e-01    5.605000e-01
      8.0779e-01    5.601000e-01
      8.0823e-01    5.594000e-01
      8.0868e-01    5.587000e-01
      8.0912e-01    5.585000e-01
      8.0957e-01    5.583000e-01
      8.1001e-01    5.573000e-01
      8.1046e-01    5.550000e-01
      8.1090e-01    5.526000e-01
      8.1134e-01    5.493000e-01
      8.1179e-01    5.473000e-01
      8.1223e-01    5.447000e-01
      8.1268e-01    5.418000e-01
      8.1312e-01    5.394000e-01
      8.1357e-01    5.369000e-01
      8.1401e-01    5.347000e-01
      8.1446e-01    5.350000e-01
      8.1490e-01    5.344000e-01
      8.1535e-01    5.343000e-01
      8.1579e-01    5.342000e-01
      8.1624e-01    5.337000e-01
      8.1668e-01    5.338000e-01
      8.1713e-01    5.331000e-01
      8.1757e-01    5.334000e-01
      8.1802e-01    5.333000e-01
      8.1846e-01    5.330000e-01
      8.1891e-01    5.328000e-01
      8.1935e-01    5.326000e-01
      8.1980e-01    5.323000e-01
      8.2025e-01    5.321000e-01
      8.2069e-01    5.318000e-01
      8.2114e-01    5.307000e-01
      8.2158e-01    5.304000e-01
      8.2203e-01    5.295000e-01
      8.2247e-01    5.288000e-01
      8.2292e-01    5.274000e-01
      8.2336e-01    5.269000e-01
      8.2381e-01    5.257000e-01
      8.2425e-01    5.253000e-01
      8.2470e-01    5.238000e-01
      8.2514e-01    5.227000e-01
      8.2559e-01    5.217000e-01
      8.2604e-01    5.215000e-01
      8.2648e-01    5.205000e-01
      8.2693e-01    5.199000e-01
      8.2737e-01    5.191000e-01
      8.2782e-01    5.182000e-01
      8.2826e-01    5.186000e-01
      8.2871e-01    5.176000e-01
      8.2916e-01    5.175000e-01
      8.2960e-01    5.172000e-01
      8.3005e-01    5.168000e-01
      8.3049e-01    5.194000e-01
      8.3094e-01    5.202000e-01
      8.3139e-01    5.222000e-01
      8.3183e-01    5.238000e-01
      8.3228e-01    5.249000e-01
      8.3272e-01    5.266000e-01
      8.3317e-01    5.279000e-01
      8.3362e-01    5.293000e-01
      8.3406e-01    5.299000e-01
      8.3451e-01    5.317000e-01
      8.3495e-01    5.328000e-01
      8.3540e-01    5.323000e-01
      8.3585e-01    5.310000e-01
      8.3629e-01    5.299000e-01
      8.3674e-01    5.291000e-01
      8.3719e-01    5.289000e-01
      8.3763e-01    5.270000e-01
      8.3808e-01    5.256000e-01
      8.3853e-01    5.245000e-01
      8.3897e-01    5.237000e-01
      8.3942e-01    5.224000e-01
      8.3986e-01    5.206000e-01
      8.4031e-01    5.197000e-01
      8.4076e-01    5.182000e-01
      8.4120e-01    5.169000e-01
      8.4165e-01    5.158000e-01
      8.4210e-01    5.146000e-01
      8.4254e-01    5.128000e-01
      8.4299e-01    5.117000e-01
      8.4344e-01    5.096000e-01
      8.4388e-01    5.080000e-01
      8.4433e-01    5.061000e-01
      8.4478e-01    5.040000e-01
      8.4522e-01    5.019000e-01
      8.4567e-01    4.996000e-01
      8.4612e-01    4.967000e-01
      8.4657e-01    4.931000e-01
      8.4701e-01    4.890000e-01
      8.4746e-01    4.847000e-01
      8.4791e-01    4.791000e-01
      8.4835e-01    4.720000e-01
      8.4880e-01    4.635000e-01
      8.4925e-01    4.539000e-01
      8.4969e-01    4.428000e-01
      8.5014e-01    4.301000e-01
      8.5059e-01    4.162000e-01
      8.5104e-01    4.007000e-01
      8.5148e-01    3.829000e-01
      8.5193e-01    3.638000e-01
      8.5238e-01    3.444000e-01
      8.5282e-01    3.234000e-01
      8.5327e-01    3.013000e-01
      8.5372e-01    2.789000e-01
      8.5417e-01    2.555000e-01
      8.5461e-01    2.320000e-01
      8.5506e-01    2.090000e-01
      8.5551e-01    1.856000e-01
      8.5596e-01    1.636000e-01
      8.5640e-01    1.426000e-01
      8.5685e-01    1.234000e-01
      8.5730e-01    1.060000e-01
      8.5775e-01    9.110000e-02
      8.5819e-01    7.850000e-02
      8.5864e-01    6.750000e-02
      8.5909e-01    5.890000e-02
      8.5954e-01    5.140000e-02
      8.5998e-01    4.510000e-02
      8.6043e-01    4.000000e-02
      8.6088e-01    3.630000e-02
      8.6133e-01    3.280000e-02
      8.6178e-01    3.050000e-02
      8.6222e-01    2.770000e-02
      8.6267e-01    2.650000e-02
      8.6312e-01    2.460000e-02
      8.6357e-01    2.360000e-02
      8.6401e-01    2.240000e-02
      8.6446e-01    2.150000e-02
      8.6491e-01    2.020000e-02
      8.6536e-01    1.960000e-02
      8.6581e-01    1.880000e-02
      8.6625e-01    1.780000e-02
      8.6670e-01    1.740000e-02
      8.6715e-01    1.650000e-02
      8.6760e-01    1.640000e-02
      8.6805e-01    1.560000e-02
      8.6849e-01    1.550000e-02
      8.6894e-01    1.510000e-02
      8.6939e-01    1.420000e-02
      8.6984e-01    1.420000e-02
      8.7029e-01    1.370000e-02
      8.7074e-01    1.370000e-02
      8.7118e-01    1.330000e-02
      8.7163e-01    1.330000e-02
      8.7208e-01    1.320000e-02
      8.7253e-01    1.310000e-02
      8.7298e-01    1.280000e-02
      8.7343e-01    1.210000e-02
      8.7387e-01    1.240000e-02
      8.7432e-01    1.250000e-02
      8.7477e-01    1.190000e-02
      8.7522e-01    1.180000e-02
      8.7567e-01    1.180000e-02
      8.7612e-01    1.140000e-02
      8.7657e-01    1.150000e-02
      8.7701e-01    1.130000e-02
      8.7746e-01    1.110000e-02
      8.7791e-01    1.100000e-02
      8.7836e-01    1.040000e-02
      8.7881e-01    1.050000e-02
      8.7926e-01    1.060000e-02
      8.7971e-01    1.090000e-02
      8.8016e-01    1.070000e-02
      8.8060e-01    1.070000e-02
      8.8105e-01    1.020000e-02
      8.8150e-01    1.030000e-02
      8.8195e-01    9.800000e-03
      8.8240e-01    1.020000e-02
      8.8285e-01    9.900000e-03
      8.8330e-01    9.400000e-03
      8.8375e-01    1.010000e-02
      8.8420e-01    9.500000e-03
      8.8464e-01    9.700000e-03
      8.8509e-01    9.400000e-03
      8.8554e-01    9.300000e-03
      8.8599e-01    9.400000e-03
      8.8644e-01    9.400000e-03
      8.8689e-01    9.400000e-03
      8.8734e-01    9.400000e-03
      8.8779e-01    8.800000e-03
      8.8824e-01    9.700000e-03
      8.8869e-01    9.200000e-03
      8.8914e-01    9.200000e-03
      8.8958e-01    9.500000e-03
      8.9003e-01    9.000000e-03
      8.9048e-01    8.800000e-03
      8.9093e-01    8.700000e-03
      8.9138e-01    8.900000e-03
      8.9183e-01    8.500000e-03
      8.9228e-01    8.000000e-03
      8.9273e-01    8.100000e-03
      8.9318e-01    8.500000e-03
      8.9363e-01    8.100000e-03
      8.9408e-01    8.200000e-03
      8.9453e-01    8.000000e-03
      8.9498e-01    7.700000e-03
      8.9543e-01    7.500000e-03
      8.9588e-01    7.600000e-03
      8.9633e-01    7.500000e-03
      8.9678e-01    7.700000e-03
      8.9723e-01    7.600000e-03
      8.9768e-01    7.300000e-03
      8.9813e-01    7.000000e-03
      8.9857e-01    7.000000e-03
      8.9902e-01    7.300000e-03
      8.9947e-01    7.200000e-03
      8.9992e-01    7.000000e-03
