#  wavelength_um     transmission
#
      6.4365e-01    1.054597e-03
      6.4370e-01    0.000000e+00
      6.4375e-01    0.000000e+00
      6.4380e-01    0.000000e+00
      6.4385e-01    0.000000e+00
      6.4390e-01    0.000000e+00
      6.4395e-01    0.000000e+00
      6.4400e-01    0.000000e+00
      6.4405e-01    0.000000e+00
      6.4410e-01    0.000000e+00
      6.4415e-01    0.000000e+00
      6.4420e-01    0.000000e+00
      6.4425e-01    0.000000e+00
      6.4430e-01    0.000000e+00
      6.4435e-01    0.000000e+00
      6.4440e-01    0.000000e+00
      6.4445e-01    0.000000e+00
      6.4450e-01    0.000000e+00
      6.4455e-01    0.000000e+00
      6.4460e-01    0.000000e+00
      6.4465e-01    0.000000e+00
      6.4470e-01    0.000000e+00
      6.4475e-01    0.000000e+00
      6.4480e-01    0.000000e+00
      6.4485e-01    0.000000e+00
      6.4490e-01    0.000000e+00
      6.4495e-01    0.000000e+00
      6.4500e-01    0.000000e+00
      6.4505e-01    0.000000e+00
      6.4510e-01    0.000000e+00
      6.4515e-01    0.000000e+00
      6.4520e-01    0.000000e+00
      6.4525e-01    0.000000e+00
      6.4530e-01    0.000000e+00
      6.4535e-01    0.000000e+00
      6.4540e-01    0.000000e+00
      6.4545e-01    0.000000e+00
      6.4550e-01    0.000000e+00
      6.4555e-01    0.000000e+00
      6.4560e-01    0.000000e+00
      6.4565e-01    0.000000e+00
      6.4570e-01    0.000000e+00
      6.4575e-01    0.000000e+00
      6.4580e-01    0.000000e+00
      6.4585e-01    0.000000e+00
      6.4590e-01    0.000000e+00
      6.4595e-01    0.000000e+00
      6.4600e-01    0.000000e+00
      6.4605e-01    0.000000e+00
      6.4610e-01    0.000000e+00
      6.4615e-01    0.000000e+00
      6.4620e-01    0.000000e+00
      6.4625e-01    0.000000e+00
      6.4630e-01    1.043961e-03
      6.4635e-01    1.284449e-03
      6.4640e-01    1.467628e-03
      6.4645e-01    1.467712e-03
      6.4650e-01    1.467796e-03
      6.4655e-01    1.609394e-03
      6.4660e-01    1.778758e-03
      6.4665e-01    1.609579e-03
      6.4670e-01    1.792839e-03
      6.4675e-01    1.510771e-03
      6.4680e-01    1.510858e-03
      6.4685e-01    1.863475e-03
      6.4690e-01    1.610043e-03
      6.4695e-01    1.610136e-03
      6.4700e-01    1.610229e-03
      6.4705e-01    1.539059e-03
      6.4710e-01    1.553031e-03
      6.4715e-01    1.567936e-03
      6.4720e-01    1.243123e-03
      6.4725e-01    1.356131e-03
      6.4730e-01    1.469152e-03
      6.4735e-01    1.398871e-03
      6.4740e-01    1.299894e-03
      6.4745e-01    1.667544e-03
      6.4750e-01    1.243555e-03
      6.4755e-01    1.172322e-03
      6.4760e-01    1.286304e-03
      6.4765e-01    1.469747e-03
      6.4770e-01    1.935692e-03
      6.4775e-01    2.147912e-03
      6.4780e-01    2.261033e-03
      6.4785e-01    2.544625e-03
      6.4790e-01    2.544770e-03
      6.4795e-01    2.643114e-03
      6.4800e-01    2.898049e-03
      6.4805e-01    2.898214e-03
      6.4810e-01    2.785334e-03
      6.4815e-01    3.153373e-03
      6.4820e-01    3.153553e-03
      6.4825e-01    2.856250e-03
      6.4830e-01    3.111285e-03
      6.4835e-01    3.464591e-03
      6.4840e-01    3.649248e-03
      6.4845e-01    3.649457e-03
      6.4850e-01    3.833212e-03
      6.4855e-01    4.016989e-03
      6.4860e-01    4.017218e-03
      6.4865e-01    4.017447e-03
      6.4870e-01    4.202199e-03
      6.4875e-01    3.990088e-03
      6.4880e-01    4.173925e-03
      6.4885e-01    4.174163e-03
      6.4890e-01    4.571354e-03
      6.4895e-01    4.571615e-03
      6.4900e-01    5.067179e-03
      6.4905e-01    5.279892e-03
      6.4910e-01    5.563127e-03
      6.4915e-01    5.464178e-03
      6.4920e-01    5.450574e-03
      6.4925e-01    5.252329e-03
      6.4930e-01    5.153356e-03
      6.4935e-01    4.969914e-03
      6.4940e-01    5.253228e-03
      6.4945e-01    5.154237e-03
      6.4950e-01    5.154531e-03
      6.4955e-01    5.367360e-03
      6.4960e-01    5.750079e-03
      6.4965e-01    5.849729e-03
      6.4970e-01    5.666264e-03
      6.4975e-01    5.864321e-03
      6.4980e-01    5.666918e-03
      6.4985e-01    5.850994e-03
      6.4990e-01    5.751743e-03
      6.4995e-01    6.034944e-03
      6.5000e-01    6.261534e-03
      6.5005e-01    6.559656e-03
      6.5010e-01    6.559747e-03
      6.5015e-01    6.559837e-03
      6.5020e-01    6.857051e-03
      6.5025e-01    7.325125e-03
      6.5030e-01    7.424571e-03
      6.5035e-01    7.608535e-03
      6.5040e-01    7.325428e-03
      6.5045e-01    7.509385e-03
      6.5050e-01    7.410127e-03
      6.5055e-01    7.311802e-03
      6.5060e-01    7.595130e-03
      6.5065e-01    8.077185e-03
      6.5070e-01    8.289024e-03
      6.5075e-01    8.587246e-03
      6.5080e-01    8.474055e-03
      6.5085e-01    8.374743e-03
      6.5090e-01    8.374767e-03
      6.5095e-01    8.743465e-03
      6.5100e-01    8.558675e-03
      6.5105e-01    8.672008e-03
      6.5110e-01    8.870783e-03
      6.5115e-01    8.984118e-03
      6.5120e-01    9.182885e-03
      6.5125e-01    9.379804e-03
      6.5130e-01    9.964918e-03
      6.5135e-01    1.037360e-02
      6.5140e-01    1.059647e-02
      6.5145e-01    1.042012e-02
      6.5150e-01    1.080089e-02
      6.5155e-01    1.091239e-02
      6.5160e-01    1.110742e-02
      6.5165e-01    1.152539e-02
      6.5170e-01    1.172977e-02
      6.5175e-01    1.196200e-02
      6.5180e-01    1.285369e-02
      6.5185e-01    1.304873e-02
      6.5190e-01    1.346671e-02
      6.5195e-01    1.384750e-02
      6.5200e-01    1.425624e-02
      6.5205e-01    1.436777e-02
      6.5210e-01    1.438642e-02
      6.5215e-01    1.428424e-02
      6.5220e-01    1.436793e-02
      6.5225e-01    1.468370e-02
      6.5230e-01    1.468375e-02
      6.5235e-01    1.458168e-02
      6.5240e-01    1.499044e-02
      6.5245e-01    1.549197e-02
      6.5250e-01    1.589139e-02
      6.5255e-01    1.590079e-02
      6.5260e-01    1.550150e-02
      6.5265e-01    1.562228e-02
      6.5270e-01    1.573381e-02
      6.5275e-01    1.573387e-02
      6.5280e-01    1.573392e-02
      6.5285e-01    1.651410e-02
      6.5290e-01    1.720151e-02
      6.5295e-01    1.789816e-02
      6.5300e-01    1.849260e-02
      6.5305e-01    1.889213e-02
      6.5310e-01    1.959805e-02
      6.5315e-01    2.029472e-02
      6.5320e-01    2.059203e-02
      6.5325e-01    2.087999e-02
      6.5330e-01    2.115870e-02
      6.5335e-01    2.182755e-02
      6.5340e-01    2.231063e-02
      6.5345e-01    2.288660e-02
      6.5350e-01    2.347182e-02
      6.5355e-01    2.416852e-02
      6.5360e-01    2.493027e-02
      6.5365e-01    2.521825e-02
      6.5370e-01    2.528337e-02
      6.5375e-01    2.595226e-02
      6.5380e-01    2.614738e-02
      6.5385e-01    2.643539e-02
      6.5390e-01    2.670491e-02
      6.5395e-01    2.787535e-02
      6.5400e-01    2.873940e-02
      6.5405e-01    2.990985e-02
      6.5410e-01    3.098743e-02
      6.5415e-01    3.166572e-02
      6.5420e-01    3.255753e-02
      6.5425e-01    3.272484e-02
      6.5430e-01    3.329165e-02
      6.5435e-01    3.455504e-02
      6.5440e-01    3.493598e-02
      6.5445e-01    3.592082e-02
      6.5450e-01    3.659904e-02
      6.5455e-01    3.719373e-02
      6.5460e-01    3.815989e-02
      6.5465e-01    3.902391e-02
      6.5470e-01    3.988804e-02
      6.5475e-01    4.013892e-02
      6.5480e-01    4.091941e-02
      6.5485e-01    4.150477e-02
      6.5490e-01    4.225743e-02
      6.5495e-01    4.331652e-02
      6.5500e-01    4.366041e-02
      6.5505e-01    4.501680e-02
      6.5510e-01    4.587163e-02
      6.5515e-01    4.595545e-02
      6.5520e-01    4.692168e-02
      6.5525e-01    4.748858e-02
      6.5530e-01    4.894726e-02
      6.5535e-01    4.968126e-02
      6.5540e-01    5.053613e-02
      6.5545e-01    5.177183e-02
      6.5550e-01    5.291465e-02
      6.5555e-01    5.396468e-02
      6.5560e-01    5.526547e-02
      6.5565e-01    5.601813e-02
      6.5570e-01    5.717959e-02
      6.5575e-01    5.822956e-02
      6.5580e-01    5.957685e-02
      6.5585e-01    6.100780e-02
      6.5590e-01    6.226221e-02
      6.5595e-01    6.399038e-02
      6.5600e-01    6.563502e-02
      6.5605e-01    6.738182e-02
      6.5610e-01    6.871057e-02
      6.5615e-01    7.065255e-02
      6.5620e-01    7.269670e-02
      6.5625e-01    7.436926e-02
      6.5630e-01    7.612548e-02
      6.5635e-01    7.799311e-02
      6.5640e-01    7.998163e-02
      6.5645e-01    8.157059e-02
      6.5650e-01    8.276009e-02
      6.5655e-01    8.462788e-02
      6.5660e-01    8.680214e-02
      6.5665e-01    8.891144e-02
      6.5670e-01    9.141098e-02
      6.5675e-01    9.365030e-02
      6.5680e-01    9.560166e-02
      6.5685e-01    9.801756e-02
      6.5690e-01    9.978313e-02
      6.5695e-01    1.015487e-01
      6.5700e-01    1.035930e-01
      6.5705e-01    1.061021e-01
      6.5710e-01    1.079606e-01
      6.5715e-01    1.100977e-01
      6.5720e-01    1.125133e-01
      6.5725e-01    1.153945e-01
      6.5730e-01    1.182747e-01
      6.5735e-01    1.213410e-01
      6.5740e-01    1.238502e-01
      6.5745e-01    1.263594e-01
      6.5750e-01    1.282180e-01
      6.5755e-01    1.310058e-01
      6.5760e-01    1.343507e-01
      6.5765e-01    1.371385e-01
      6.5770e-01    1.401124e-01
      6.5775e-01    1.434584e-01
      6.5780e-01    1.467109e-01
      6.5785e-01    1.496838e-01
      6.5790e-01    1.524718e-01
      6.5795e-01    1.555393e-01
      6.5800e-01    1.588844e-01
      6.5805e-01    1.623230e-01
      6.5810e-01    1.657616e-01
      6.5815e-01    1.690143e-01
      6.5820e-01    1.726380e-01
      6.5825e-01    1.761692e-01
      6.5830e-01    1.808156e-01
      6.5835e-01    1.844404e-01
      6.5840e-01    1.875071e-01
      6.5845e-01    1.912245e-01
      6.5850e-01    1.947558e-01
      6.5855e-01    1.984733e-01
      6.5860e-01    2.022843e-01
      6.5865e-01    2.063728e-01
      6.5870e-01    2.112056e-01
      6.5875e-01    2.151092e-01
      6.5880e-01    2.191989e-01
      6.5885e-01    2.234736e-01
      6.5890e-01    2.284926e-01
      6.5895e-01    2.333245e-01
      6.5900e-01    2.388081e-01
      6.5905e-01    2.437337e-01
      6.5910e-01    2.478236e-01
      6.5915e-01    2.522847e-01
      6.5920e-01    2.567458e-01
      6.5925e-01    2.614865e-01
      6.5930e-01    2.676201e-01
      6.5935e-01    2.731965e-01
      6.5940e-01    2.779361e-01
      6.5945e-01    2.833273e-01
      6.5950e-01    2.882528e-01
      6.5955e-01    2.937354e-01
      6.5960e-01    2.983821e-01
      6.5965e-01    3.034009e-01
      6.5970e-01    3.079550e-01
      6.5975e-01    3.134372e-01
      6.5980e-01    3.178977e-01
      6.5985e-01    3.231949e-01
      6.5990e-01    3.291428e-01
      6.5995e-01    3.348112e-01
      6.6000e-01    3.417810e-01
      6.6005e-01    3.486584e-01
      6.6010e-01    3.542345e-01
      6.6015e-01    3.597171e-01
      6.6020e-01    3.665021e-01
      6.6025e-01    3.728215e-01
      6.6030e-01    3.790482e-01
      6.6035e-01    3.856460e-01
      6.6040e-01    3.927083e-01
      6.6045e-01    3.993067e-01
      6.6050e-01    4.061825e-01
      6.6055e-01    4.112931e-01
      6.6060e-01    4.178910e-01
      6.6065e-01    4.248598e-01
      6.6070e-01    4.310852e-01
      6.6075e-01    4.379602e-01
      6.6080e-01    4.431637e-01
      6.6085e-01    4.481801e-01
      6.6090e-01    4.544054e-01
      6.6095e-01    4.604446e-01
      6.6100e-01    4.660193e-01
      6.6105e-01    4.713154e-01
      6.6110e-01    4.767966e-01
      6.6115e-01    4.833005e-01
      6.6120e-01    4.892473e-01
      6.6125e-01    4.965879e-01
      6.6130e-01    5.042060e-01
      6.6135e-01    5.127544e-01
      6.6140e-01    5.191657e-01
      6.6145e-01    5.249263e-01
      6.6150e-01    5.318947e-01
      6.6155e-01    5.391416e-01
      6.6160e-01    5.471317e-01
      6.6165e-01    5.538214e-01
      6.6170e-01    5.611618e-01
      6.6175e-01    5.683150e-01
      6.6180e-01    5.748186e-01
      6.6185e-01    5.822515e-01
      6.6190e-01    5.905210e-01
      6.6195e-01    5.973031e-01
      6.6200e-01    6.040851e-01
      6.6205e-01    6.096594e-01
      6.6210e-01    6.142119e-01
      6.6215e-01    6.208079e-01
      6.6220e-01    6.278695e-01
      6.6225e-01    6.347439e-01
      6.6230e-01    6.412473e-01
      6.6235e-01    6.487734e-01
      6.6240e-01    6.548122e-01
      6.6245e-01    6.615941e-01
      6.6250e-01    6.675404e-01
      6.6255e-01    6.731145e-01
      6.6260e-01    6.797103e-01
      6.6265e-01    6.853770e-01
      6.6270e-01    6.916952e-01
      6.6275e-01    6.979189e-01
      6.6280e-01    7.032145e-01
      6.6285e-01    7.076733e-01
      6.6290e-01    7.134333e-01
      6.6295e-01    7.187288e-01
      6.6300e-01    7.240242e-01
      6.6305e-01    7.308985e-01
      6.6310e-01    7.370306e-01
      6.6315e-01    7.400956e-01
      6.6320e-01    7.449264e-01
      6.6325e-01    7.497571e-01
      6.6330e-01    7.553309e-01
      6.6335e-01    7.616478e-01
      6.6340e-01    7.656416e-01
      6.6345e-01    7.708430e-01
      6.6350e-01    7.740934e-01
      6.6355e-01    7.773438e-01
      6.6360e-01    7.821739e-01
      6.6365e-01    7.889548e-01
      6.6370e-01    7.948075e-01
      6.6375e-01    7.988008e-01
      6.6380e-01    8.029801e-01
      6.6385e-01    8.058581e-01
      6.6390e-01    8.093868e-01
      6.6395e-01    8.144952e-01
      6.6400e-01    8.181175e-01
      6.6405e-01    8.225753e-01
      6.6410e-01    8.261975e-01
      6.6415e-01    8.284249e-01
      6.6420e-01    8.336268e-01
      6.6425e-01    8.374340e-01
      6.6430e-01    8.425425e-01
      6.6435e-01    8.478371e-01
      6.6440e-01    8.529458e-01
      6.6445e-01    8.566608e-01
      6.6450e-01    8.592607e-01
      6.6455e-01    8.620468e-01
      6.6460e-01    8.651114e-01
      6.6465e-01    8.687341e-01
      6.6470e-01    8.712416e-01
      6.6475e-01    8.746784e-01
      6.6480e-01    8.784861e-01
      6.6485e-01    8.818293e-01
      6.6490e-01    8.845228e-01
      6.6495e-01    8.896317e-01
      6.6500e-01    8.924176e-01
      6.6505e-01    8.932528e-01
      6.6510e-01    8.953882e-01
      6.6515e-01    8.986386e-01
      6.6520e-01    9.006815e-01
      6.6525e-01    9.025382e-01
      6.6530e-01    9.052306e-01
      6.6535e-01    9.063442e-01
      6.6540e-01    9.082009e-01
      6.6545e-01    9.100576e-01
      6.6550e-01    9.129359e-01
      6.6555e-01    9.148860e-01
      6.6560e-01    9.177643e-01
      6.6565e-01    9.216651e-01
      6.6570e-01    9.237077e-01
      6.6575e-01    9.232416e-01
      6.6580e-01    9.265843e-01
      6.6585e-01    9.321572e-01
      6.6590e-01    9.356860e-01
      6.6595e-01    9.357779e-01
      6.6600e-01    9.370764e-01
      6.6605e-01    9.404201e-01
      6.6610e-01    9.436703e-01
      6.6615e-01    9.473850e-01
      6.6620e-01    9.505417e-01
      6.6625e-01    9.536068e-01
      6.6630e-01    9.545341e-01
      6.6635e-01    9.551820e-01
      6.6640e-01    9.563888e-01
      6.6645e-01    9.574086e-01
      6.6650e-01    9.586144e-01
      6.6655e-01    9.588911e-01
      6.6660e-01    9.586107e-01
      6.6665e-01    9.581443e-01
      6.6670e-01    9.598146e-01
      6.6675e-01    9.615783e-01
      6.6680e-01    9.625055e-01
      6.6685e-01    9.621316e-01
      6.6690e-01    9.613867e-01
      6.6695e-01    9.608279e-01
      6.6700e-01    9.616616e-01
      6.6705e-01    9.613812e-01
      6.6710e-01    9.625870e-01
      6.6715e-01    9.645367e-01
      6.6720e-01    9.638844e-01
      6.6725e-01    9.625816e-01
      6.6730e-01    9.633240e-01
      6.6735e-01    9.660159e-01
      6.6740e-01    9.668508e-01
      6.6745e-01    9.660127e-01
      6.6750e-01    9.648961e-01
      6.6755e-01    9.653591e-01
      6.6760e-01    9.655436e-01
      6.6765e-01    9.637775e-01
      6.6770e-01    9.627535e-01
      6.6775e-01    9.634950e-01
      6.6780e-01    9.619150e-01
      6.6785e-01    9.603340e-01
      6.6790e-01    9.585669e-01
      6.6795e-01    9.561503e-01
      6.6800e-01    9.573563e-01
      6.6805e-01    9.546602e-01
      6.6810e-01    9.533587e-01
      6.6815e-01    9.524281e-01
      6.6820e-01    9.498254e-01
      6.6825e-01    9.478720e-01
      6.6830e-01    9.465701e-01
      6.6835e-01    9.431306e-01
      6.6840e-01    9.413630e-01
      6.6845e-01    9.415469e-01
      6.6850e-01    9.423812e-01
      6.6855e-01    9.407059e-01
      6.6860e-01    9.406111e-01
      6.6865e-01    9.390293e-01
      6.6870e-01    9.386560e-01
      6.6875e-01    9.378171e-01
      6.6880e-01    9.355848e-01
      6.6885e-01    9.366050e-01
      6.6890e-01    9.378102e-01
      6.6895e-01    9.385510e-01
      6.6900e-01    9.383628e-01
      6.6905e-01    9.395691e-01
      6.6910e-01    9.372445e-01
      6.6915e-01    9.383567e-01
      6.6920e-01    9.402148e-01
      6.6925e-01    9.410531e-01
      6.6930e-01    9.395702e-01
      6.6935e-01    9.389236e-01
      6.6940e-01    9.402280e-01
      6.6945e-01    9.429272e-01
      6.6950e-01    9.438608e-01
      6.6955e-01    9.463733e-01
      6.6960e-01    9.462829e-01
      6.6965e-01    9.461924e-01
      6.6970e-01    9.421047e-01
      6.6975e-01    9.410815e-01
      6.6980e-01    9.414496e-01
      6.6985e-01    9.433936e-01
      6.6990e-01    9.461709e-01
      6.6995e-01    9.457859e-01
      6.7000e-01    9.457691e-01
      6.7005e-01    9.454699e-01
      6.7010e-01    9.459143e-01
      6.7015e-01    9.475703e-01
      6.7020e-01    9.442148e-01
      6.7025e-01    9.429057e-01
      6.7030e-01    9.416007e-01
      6.7035e-01    9.400191e-01
      6.7040e-01    9.406696e-01
      6.7045e-01    9.399287e-01
      6.7050e-01    9.410463e-01
      6.7055e-01    9.401223e-01
      6.7060e-01    9.394786e-01
      6.7065e-01    9.378120e-01
      6.7070e-01    9.345671e-01
      6.7075e-01    9.338302e-01
      6.7080e-01    9.305842e-01
      6.7085e-01    9.288241e-01
      6.7090e-01    9.270615e-01
      6.7095e-01    9.241832e-01
      6.7100e-01    9.234379e-01
      6.7105e-01    9.207421e-01
      6.7110e-01    9.195325e-01
      6.7115e-01    9.180442e-01
      6.7120e-01    9.146062e-01
      6.7125e-01    9.131200e-01
      6.7130e-01    9.121911e-01
      6.7135e-01    9.117270e-01
      6.7140e-01    9.100557e-01
      6.7145e-01    9.067116e-01
      6.7150e-01    9.045759e-01
      6.7155e-01    9.023476e-01
      6.7160e-01    8.992816e-01
      6.7165e-01    8.962164e-01
      6.7170e-01    8.937077e-01
      6.7175e-01    8.941711e-01
      6.7180e-01    8.945415e-01
      6.7185e-01    8.954682e-01
      6.7190e-01    8.947221e-01
      6.7195e-01    8.935107e-01
      6.7200e-01    8.950840e-01
      6.7205e-01    8.954505e-01
      6.7210e-01    8.968387e-01
      6.7215e-01    8.963696e-01
      6.7220e-01    8.980371e-01
      6.7225e-01    8.997050e-01
      6.7230e-01    9.026741e-01
      6.7235e-01    9.036933e-01
      6.7240e-01    9.076843e-01
      6.7245e-01    9.092610e-01
      6.7250e-01    9.139954e-01
      6.7255e-01    9.148297e-01
      6.7260e-01    9.152922e-01
      6.7265e-01    9.173331e-01
      6.7270e-01    9.199331e-01
      6.7275e-01    9.229966e-01
      6.7280e-01    9.260602e-01
      6.7285e-01    9.273597e-01
      6.7290e-01    9.276368e-01
      6.7295e-01    9.277280e-01
      6.7300e-01    9.281912e-01
      6.7305e-01    9.266107e-01
      6.7310e-01    9.274458e-01
      6.7315e-01    9.300450e-01
      6.7320e-01    9.306941e-01
      6.7325e-01    9.345941e-01
      6.7330e-01    9.359860e-01
      6.7335e-01    9.376564e-01
      6.7340e-01    9.396988e-01
      6.7345e-01    9.396040e-01
      6.7350e-01    9.399747e-01
      6.7355e-01    9.384878e-01
      6.7360e-01    9.377428e-01
      6.7365e-01    9.410861e-01
      6.7370e-01    9.417354e-01
      6.7375e-01    9.422913e-01
      6.7380e-01    9.437761e-01
      6.7385e-01    9.485129e-01
      6.7390e-01    9.509266e-01
      6.7395e-01    9.525051e-01
      6.7400e-01    9.546406e-01
      6.7405e-01    9.539894e-01
      6.7410e-01    9.544526e-01
      6.7415e-01    9.549155e-01
      6.7420e-01    9.553781e-01
      6.7425e-01    9.557480e-01
      6.7430e-01    9.573249e-01
      6.7435e-01    9.607593e-01
      6.7440e-01    9.612212e-01
      6.7445e-01    9.607542e-01
      6.7450e-01    9.621448e-01
      6.7455e-01    9.648351e-01
      6.7460e-01    9.661332e-01
      6.7465e-01    9.674304e-01
      6.7470e-01    9.667787e-01
      6.7475e-01    9.682621e-01
      6.7480e-01    9.677033e-01
      6.7485e-01    9.699300e-01
      6.7490e-01    9.691857e-01
      6.7495e-01    9.691844e-01
      6.7500e-01    9.695552e-01
      6.7505e-01    9.685317e-01
      6.7510e-01    9.704815e-01
      6.7515e-01    9.695514e-01
      6.7520e-01    9.710357e-01
      6.7525e-01    9.706624e-01
      6.7530e-01    9.717758e-01
      6.7535e-01    9.733535e-01
      6.7540e-01    9.730737e-01
      6.7545e-01    9.717716e-01
      6.7550e-01    9.717703e-01
      6.7555e-01    9.714906e-01
      6.7560e-01    9.762256e-01
      6.7565e-01    9.763179e-01
      6.7570e-01    9.760383e-01
      6.7575e-01    9.768725e-01
      6.7580e-01    9.791934e-01
      6.7585e-01    9.819788e-01
      6.7590e-01    9.806783e-01
      6.7595e-01    9.824418e-01
      6.7600e-01    9.822549e-01
      6.7605e-01    9.818821e-01
      6.7610e-01    9.827146e-01
      6.7615e-01    9.816897e-01
      6.7620e-01    9.820576e-01
      6.7625e-01    9.844675e-01
      6.7630e-01    9.871568e-01
      6.7635e-01    9.835299e-01
      6.7640e-01    9.809257e-01
      6.7645e-01    9.810149e-01
      6.7650e-01    9.827770e-01
      6.7655e-01    9.824024e-01
      6.7660e-01    9.823073e-01
      6.7665e-01    9.830477e-01
      6.7670e-01    9.850888e-01
      6.7675e-01    9.862937e-01
      6.7680e-01    9.873128e-01
      6.7685e-01    9.916759e-01
      6.7690e-01    9.894456e-01
      6.7695e-01    9.896286e-01
      6.7700e-01    9.898127e-01
      6.7705e-01    9.893465e-01
      6.7710e-01    9.873947e-01
      6.7715e-01    9.904574e-01
      6.7720e-01    9.897128e-01
      6.7725e-01    9.911040e-01
      6.7730e-01    9.919375e-01
      6.7735e-01    9.937932e-01
      6.7740e-01    9.950922e-01
      6.7745e-01    9.950906e-01
      6.7750e-01    9.934178e-01
      6.7755e-01    9.917450e-01
      6.7760e-01    9.915578e-01
      6.7765e-01    9.877484e-01
      6.7770e-01    9.898841e-01
      6.7775e-01    9.935977e-01
      6.7780e-01    9.950821e-01
      6.7785e-01    9.937806e-01
      6.7790e-01    9.954521e-01
      6.7795e-01    9.980513e-01
      6.7800e-01    1.000000e+00
      6.7805e-01    9.979552e-01
      6.7810e-01    9.973966e-01
      6.7815e-01    9.965583e-01
      6.7820e-01    9.954425e-01
      6.7825e-01    9.947898e-01
      6.7830e-01    9.958085e-01
      6.7835e-01    9.959921e-01
      6.7840e-01    9.976613e-01
      6.7845e-01    9.983095e-01
      6.7850e-01    9.997932e-01
      6.7855e-01    9.972850e-01
      6.7860e-01    9.961689e-01
      6.7865e-01    9.962598e-01
      6.7870e-01    9.970011e-01
      6.7875e-01    9.948641e-01
      6.7880e-01    9.935633e-01
      6.7885e-01    9.924475e-01
      6.7890e-01    9.914243e-01
      6.7895e-01    9.919809e-01
      6.7900e-01    9.904006e-01
      6.7905e-01    9.925345e-01
      6.7910e-01    9.933687e-01
      6.7915e-01    9.955021e-01
      6.7920e-01    9.926213e-01
      6.7925e-01    9.923393e-01
      6.7930e-01    9.932654e-01
      6.7935e-01    9.919634e-01
      6.7940e-01    9.919610e-01
      6.7945e-01    9.924230e-01
      6.7950e-01    9.910280e-01
      6.7955e-01    9.909327e-01
      6.7960e-01    9.911169e-01
      6.7965e-01    9.916730e-01
      6.7970e-01    9.911136e-01
      6.7975e-01    9.900909e-01
      6.7980e-01    9.925030e-01
      6.7985e-01    9.904579e-01
      6.7990e-01    9.872060e-01
      6.7995e-01    9.849767e-01
      6.8000e-01    9.846980e-01
      6.8005e-01    9.827483e-01
      6.8010e-01    9.798721e-01
      6.8015e-01    9.795032e-01
      6.8020e-01    9.804357e-01
      6.8025e-01    9.797897e-01
      6.8030e-01    9.789592e-01
      6.8035e-01    9.792423e-01
      6.8040e-01    9.760891e-01
      6.8045e-01    9.758149e-01
      6.8050e-01    9.749834e-01
      6.8055e-01    9.746145e-01
      6.8060e-01    9.735962e-01
      6.8065e-01    9.719266e-01
      6.8070e-01    9.726729e-01
      6.8075e-01    9.686814e-01
      6.8080e-01    9.690554e-01
      6.8085e-01    9.702646e-01
      6.8090e-01    9.683169e-01
      6.8095e-01    9.679475e-01
      6.8100e-01    9.659070e-01
      6.8105e-01    9.629395e-01
      6.8110e-01    9.607142e-01
      6.8115e-01    9.583044e-01
      6.8120e-01    9.579372e-01
      6.8125e-01    9.572917e-01
      6.8130e-01    9.580395e-01
      6.8135e-01    9.564664e-01
      6.8140e-01    9.526630e-01
      6.8145e-01    9.522967e-01
      6.8150e-01    9.494213e-01
      6.8155e-01    9.499829e-01
      6.8160e-01    9.468285e-01
      6.8165e-01    9.465535e-01
      6.8170e-01    9.475882e-01
      6.8175e-01    9.467127e-01
      6.8180e-01    9.453893e-01
      6.8185e-01    9.460058e-01
      6.8190e-01    9.448165e-01
      6.8195e-01    9.428179e-01
      6.8200e-01    9.409093e-01
      6.8205e-01    9.396229e-01
      6.8210e-01    9.384053e-01
      6.8215e-01    9.372796e-01
      6.8220e-01    9.358930e-01
      6.8225e-01    9.358432e-01
      6.8230e-01    9.368716e-01
      6.8235e-01    9.373282e-01
      6.8240e-01    9.372379e-01
      6.8245e-01    9.357886e-01
      6.8250e-01    9.328205e-01
      6.8255e-01    9.324156e-01
      6.8260e-01    9.303082e-01
      6.8265e-01    9.294136e-01
      6.8270e-01    9.315853e-01
      6.8275e-01    9.319363e-01
      6.8280e-01    9.330373e-01
      6.8285e-01    9.323901e-01
      6.8290e-01    9.315505e-01
      6.8295e-01    9.304154e-01
      6.8300e-01    9.317346e-01
      6.8305e-01    9.317265e-01
      6.8310e-01    9.305801e-01
      6.8315e-01    9.323437e-01
      6.8320e-01    9.336254e-01
      6.8325e-01    9.329669e-01
      6.8330e-01    9.341342e-01
      6.8335e-01    9.321885e-01
      6.8340e-01    9.336395e-01
      6.8345e-01    9.345563e-01
      6.8350e-01    9.342145e-01
      6.8355e-01    9.366454e-01
      6.8360e-01    9.389241e-01
      6.8365e-01    9.394901e-01
      6.8370e-01    9.405354e-01
      6.8375e-01    9.424167e-01
      6.8380e-01    9.429366e-01
      6.8385e-01    9.422703e-01
      6.8390e-01    9.437796e-01
      6.8395e-01    9.439948e-01
      6.8400e-01    9.439095e-01
      6.8405e-01    9.446980e-01
      6.8410e-01    9.443642e-01
      6.8415e-01    9.454589e-01
      6.8420e-01    9.465338e-01
      6.8425e-01    9.461442e-01
      6.8430e-01    9.475632e-01
      6.8435e-01    9.465347e-01
      6.8440e-01    9.456966e-01
      6.8445e-01    9.467741e-01
      6.8450e-01    9.473291e-01
      6.8455e-01    9.475490e-01
      6.8460e-01    9.478904e-01
      6.8465e-01    9.500634e-01
      6.8470e-01    9.497280e-01
      6.8475e-01    9.483213e-01
      6.8480e-01    9.486350e-01
      6.8485e-01    9.477732e-01
      6.8490e-01    9.475322e-01
      6.8495e-01    9.461914e-01
      6.8500e-01    9.443748e-01
      6.8505e-01    9.464874e-01
      6.8510e-01    9.436204e-01
      6.8515e-01    9.418137e-01
      6.8520e-01    9.407106e-01
      6.8525e-01    9.384331e-01
      6.8530e-01    9.361544e-01
      6.8535e-01    9.356764e-01
      6.8540e-01    9.336843e-01
      6.8545e-01    9.316219e-01
      6.8550e-01    9.321813e-01
      6.8555e-01    9.320522e-01
      6.8560e-01    9.314003e-01
      6.8565e-01    9.313034e-01
      6.8570e-01    9.314951e-01
      6.8575e-01    9.335775e-01
      6.8580e-01    9.329850e-01
      6.8585e-01    9.290896e-01
      6.8590e-01    9.283991e-01
      6.8595e-01    9.292959e-01
      6.8600e-01    9.291866e-01
      6.8605e-01    9.310041e-01
      6.8610e-01    9.312796e-01
      6.8615e-01    9.308210e-01
      6.8620e-01    9.300817e-01
      6.8625e-01    9.305792e-01
      6.8630e-01    9.272569e-01
      6.8635e-01    9.275812e-01
      6.8640e-01    9.251669e-01
      6.8645e-01    9.240147e-01
      6.8650e-01    9.214714e-01
      6.8655e-01    9.191276e-01
      6.8660e-01    9.170605e-01
      6.8665e-01    9.166858e-01
      6.8670e-01    9.156260e-01
      6.8675e-01    9.147593e-01
      6.8680e-01    9.140773e-01
      6.8685e-01    9.110116e-01
      6.8690e-01    9.111159e-01
      6.8695e-01    9.099693e-01
      6.8700e-01    9.080940e-01
      6.8705e-01    9.057487e-01
      6.8710e-01    9.054941e-01
      6.8715e-01    8.997630e-01
      6.8720e-01    8.971924e-01
      6.8725e-01    8.944428e-01
      6.8730e-01    8.944195e-01
      6.8735e-01    8.951939e-01
      6.8740e-01    8.979115e-01
      6.8745e-01    8.976651e-01
      6.8750e-01    8.970896e-01
      6.8755e-01    8.959103e-01
      6.8760e-01    8.960519e-01
      6.8765e-01    8.968937e-01
      6.8770e-01    8.962858e-01
      6.8775e-01    8.943365e-01
      6.8780e-01    8.953628e-01
      6.8785e-01    8.945076e-01
      6.8790e-01    8.938171e-01
      6.8795e-01    8.953315e-01
      6.8800e-01    8.974297e-01
      6.8805e-01    8.999663e-01
      6.8810e-01    9.002242e-01
      6.8815e-01    8.971179e-01
      6.8820e-01    8.936646e-01
      6.8825e-01    8.945419e-01
      6.8830e-01    8.948288e-01
      6.8835e-01    8.949265e-01
      6.8840e-01    8.941013e-01
      6.8845e-01    8.916240e-01
      6.8850e-01    8.891229e-01
      6.8855e-01    8.869657e-01
      6.8860e-01    8.859407e-01
      6.8865e-01    8.864004e-01
      6.8870e-01    8.858872e-01
      6.8875e-01    8.854514e-01
      6.8880e-01    8.838689e-01
      6.8885e-01    8.830751e-01
      6.8890e-01    8.830725e-01
      6.8895e-01    8.843081e-01
      6.8900e-01    8.843282e-01
      6.8905e-01    8.832223e-01
      6.8910e-01    8.833594e-01
      6.8915e-01    8.821003e-01
      6.8920e-01    8.797026e-01
      6.8925e-01    8.796776e-01
      6.8930e-01    8.809696e-01
      6.8935e-01    8.834863e-01
      6.8940e-01    8.844075e-01
      6.8945e-01    8.838251e-01
      6.8950e-01    8.858807e-01
      6.8955e-01    8.857303e-01
      6.8960e-01    8.864574e-01
      6.8965e-01    8.864760e-01
      6.8970e-01    8.867538e-01
      6.8975e-01    8.849919e-01
      6.8980e-01    8.863114e-01
      6.8985e-01    8.848924e-01
      6.8990e-01    8.855955e-01
      6.8995e-01    8.848937e-01
      6.9000e-01    8.840274e-01
      6.9005e-01    8.843254e-01
      6.9010e-01    8.833984e-01
      6.9015e-01    8.810644e-01
      6.9020e-01    8.782904e-01
      6.9025e-01    8.766646e-01
      6.9030e-01    8.722879e-01
      6.9035e-01    8.689622e-01
      6.9040e-01    8.658007e-01
      6.9045e-01    8.621896e-01
      6.9050e-01    8.599915e-01
      6.9055e-01    8.596508e-01
      6.9060e-01    8.573550e-01
      6.9065e-01    8.557635e-01
      6.9070e-01    8.524806e-01
      6.9075e-01    8.508744e-01
      6.9080e-01    8.511258e-01
      6.9085e-01    8.476426e-01
      6.9090e-01    8.446043e-01
      6.9095e-01    8.418387e-01
      6.9100e-01    8.398828e-01
      6.9105e-01    8.367837e-01
      6.9110e-01    8.354731e-01
      6.9115e-01    8.368408e-01
      6.9120e-01    8.360737e-01
      6.9125e-01    8.343242e-01
      6.9130e-01    8.302496e-01
      6.9135e-01    8.282128e-01
      6.9140e-01    8.258142e-01
      6.9145e-01    8.242141e-01
      6.9150e-01    8.199311e-01
      6.9155e-01    8.162684e-01
      6.9160e-01    8.138502e-01
      6.9165e-01    8.118745e-01
      6.9170e-01    8.096270e-01
      6.9175e-01    8.076396e-01
      6.9180e-01    8.033181e-01
      6.9185e-01    8.013177e-01
      6.9190e-01    7.977963e-01
      6.9195e-01    7.941006e-01
      6.9200e-01    7.900545e-01
      6.9205e-01    7.856604e-01
      6.9210e-01    7.833338e-01
      6.9215e-01    7.808327e-01
      6.9220e-01    7.754618e-01
      6.9225e-01    7.713388e-01
      6.9230e-01    7.715129e-01
      6.9235e-01    7.688087e-01
      6.9240e-01    7.614321e-01
      6.9245e-01    7.584490e-01
      6.9250e-01    7.544726e-01
      6.9255e-01    7.509404e-01
      6.9260e-01    7.482130e-01
      6.9265e-01    7.440432e-01
      6.9270e-01    7.400477e-01
      6.9275e-01    7.349663e-01
      6.9280e-01    7.308654e-01
      6.9285e-01    7.277487e-01
      6.9290e-01    7.229203e-01
      6.9295e-01    7.170130e-01
      6.9300e-01    7.133631e-01
      6.9305e-01    7.072894e-01
      6.9310e-01    6.983353e-01
      6.9315e-01    6.916332e-01
      6.9320e-01    6.882648e-01
      6.9325e-01    6.818195e-01
      6.9330e-01    6.752747e-01
      6.9335e-01    6.699885e-01
      6.9340e-01    6.641540e-01
      6.9345e-01    6.569577e-01
      6.9350e-01    6.489417e-01
      6.9355e-01    6.431789e-01
      6.9360e-01    6.374116e-01
      6.9365e-01    6.300090e-01
      6.9370e-01    6.252259e-01
      6.9375e-01    6.184463e-01
      6.9380e-01    6.117463e-01
      6.9385e-01    6.065810e-01
      6.9390e-01    6.006870e-01
      6.9395e-01    5.965165e-01
      6.9400e-01    5.902637e-01
      6.9405e-01    5.844708e-01
      6.9410e-01    5.791330e-01
      6.9415e-01    5.737948e-01
      6.9420e-01    5.681778e-01
      6.9425e-01    5.632802e-01
      6.9430e-01    5.590127e-01
      6.9435e-01    5.540149e-01
      6.9440e-01    5.480103e-01
      6.9445e-01    5.431838e-01
      6.9450e-01    5.358050e-01
      6.9455e-01    5.309688e-01
      6.9460e-01    5.264012e-01
      6.9465e-01    5.199171e-01
      6.9470e-01    5.158879e-01
      6.9475e-01    5.110345e-01
      6.9480e-01    5.060830e-01
      6.9485e-01    5.007612e-01
      6.9490e-01    4.960747e-01
      6.9495e-01    4.904757e-01
      6.9500e-01    4.855181e-01
      6.9505e-01    4.798333e-01
      6.9510e-01    4.745148e-01
      6.9515e-01    4.684624e-01
      6.9520e-01    4.625849e-01
      6.9525e-01    4.582573e-01
      6.9530e-01    4.536505e-01
      6.9535e-01    4.480336e-01
      6.9540e-01    4.426863e-01
      6.9545e-01    4.377923e-01
      6.9550e-01    4.334433e-01
      6.9555e-01    4.277175e-01
      6.9560e-01    4.207950e-01
      6.9565e-01    4.153335e-01
      6.9570e-01    4.087682e-01
      6.9575e-01    4.026566e-01
      6.9580e-01    3.970899e-01
      6.9585e-01    3.922518e-01
      6.9590e-01    3.871340e-01
      6.9595e-01    3.807291e-01
      6.9600e-01    3.752444e-01
      6.9605e-01    3.688432e-01
      6.9610e-01    3.634515e-01
      6.9615e-01    3.575956e-01
      6.9620e-01    3.518255e-01
      6.9625e-01    3.474310e-01
      6.9630e-01    3.417449e-01
      6.9635e-01    3.359627e-01
      6.9640e-01    3.337674e-01
      6.9645e-01    3.300036e-01
      6.9650e-01    3.258676e-01
      6.9655e-01    3.216377e-01
      6.9660e-01    3.164813e-01
      6.9665e-01    3.112292e-01
      6.9670e-01    3.072645e-01
      6.9675e-01    3.035745e-01
      6.9680e-01    2.983108e-01
      6.9685e-01    2.943362e-01
      6.9690e-01    2.898033e-01
      6.9695e-01    2.859161e-01
      6.9700e-01    2.811044e-01
      6.9705e-01    2.768506e-01
      6.9710e-01    2.708364e-01
      6.9715e-01    2.666686e-01
      6.9720e-01    2.602756e-01
      6.9725e-01    2.547107e-01
      6.9730e-01    2.490506e-01
      6.9735e-01    2.444973e-01
      6.9740e-01    2.406819e-01
      6.9745e-01    2.361222e-01
      6.9750e-01    2.320229e-01
      6.9755e-01    2.281064e-01
      6.9760e-01    2.263210e-01
      6.9765e-01    2.226777e-01
      6.9770e-01    2.181958e-01
      6.9775e-01    2.148255e-01
      6.9780e-01    2.112677e-01
      6.9785e-01    2.070635e-01
      6.9790e-01    2.042566e-01
      6.9795e-01    2.012511e-01
      6.9800e-01    1.986829e-01
      6.9805e-01    1.945959e-01
      6.9810e-01    1.926426e-01
      6.9815e-01    1.887395e-01
      6.9820e-01    1.855792e-01
      6.9825e-01    1.825124e-01
      6.9830e-01    1.785152e-01
      6.9835e-01    1.748894e-01
      6.9840e-01    1.715434e-01
      6.9845e-01    1.694991e-01
      6.9850e-01    1.666170e-01
      6.9855e-01    1.650387e-01
      6.9860e-01    1.624353e-01
      6.9865e-01    1.605770e-01
      6.9870e-01    1.587186e-01
      6.9875e-01    1.557445e-01
      6.9880e-01    1.529555e-01
      6.9885e-01    1.518410e-01
      6.9890e-01    1.497033e-01
      6.9895e-01    1.471931e-01
      6.9900e-01    1.452407e-01
      6.9905e-01    1.430104e-01
      6.9910e-01    1.414306e-01
      6.9915e-01    1.392928e-01
      6.9920e-01    1.366897e-01
      6.9925e-01    1.336203e-01
      6.9930e-01    1.319475e-01
      6.9935e-01    1.276694e-01
      6.9940e-01    1.256239e-01
      6.9945e-01    1.232067e-01
      6.9950e-01    1.209747e-01
      6.9955e-01    1.193016e-01
      6.9960e-01    1.172558e-01
      6.9965e-01    1.151173e-01
      6.9970e-01    1.114891e-01
      6.9975e-01    1.107464e-01
      6.9980e-01    1.076770e-01
      6.9985e-01    1.054445e-01
      6.9990e-01    1.027479e-01
      6.9995e-01    1.007946e-01
      7.0000e-01    1.002372e-01
      7.0005e-01    9.912091e-02
      7.0010e-01    9.744613e-02
      7.0015e-01    9.642283e-02
      7.0020e-01    9.539953e-02
      7.0025e-01    9.335240e-02
      7.0030e-01    9.167755e-02
      7.0035e-01    8.999342e-02
      7.0040e-01    8.847668e-02
      7.0045e-01    8.688558e-02
      7.0050e-01    8.655098e-02
      7.0055e-01    8.439203e-02
      7.0060e-01    8.323826e-02
      7.0065e-01    8.125616e-02
      7.0070e-01    8.051194e-02
      7.0075e-01    7.947922e-02
      7.0080e-01    7.693849e-02
      7.0085e-01    7.378356e-02
      7.0090e-01    7.173617e-02
      7.0095e-01    7.071265e-02
      7.0100e-01    6.918644e-02
      7.0105e-01    6.794882e-02
      7.0110e-01    6.601309e-02
      7.0115e-01    6.367702e-02
      7.0120e-01    6.157373e-02
      7.0125e-01    6.012200e-02
      7.0130e-01    5.860497e-02
      7.0135e-01    5.585004e-02
      7.0140e-01    5.606441e-02
      7.0145e-01    5.553410e-02
      7.0150e-01    5.431501e-02
      7.0155e-01    5.218360e-02
      7.0160e-01    5.144855e-02
      7.0165e-01    5.202597e-02
      7.0170e-01    5.183070e-02
      7.0175e-01    5.009958e-02
      7.0180e-01    4.917822e-02
      7.0185e-01    4.837795e-02
      7.0190e-01    4.893672e-02
      7.0195e-01    4.915105e-02
      7.0200e-01    4.913265e-02
      7.0205e-01    4.812755e-02
      7.0210e-01    4.569816e-02
      7.0215e-01    4.608929e-02
      7.0220e-01    4.414397e-02
      7.0225e-01    4.204962e-02
      7.0230e-01    4.091409e-02
      7.0235e-01    4.019746e-02
      7.0240e-01    3.930400e-02
      7.0245e-01    3.760061e-02
      7.0250e-01    3.690259e-02
      7.0255e-01    3.689340e-02
      7.0260e-01    3.638156e-02
      7.0265e-01    3.546943e-02
      7.0270e-01    3.517167e-02
      7.0275e-01    3.427816e-02
      7.0280e-01    3.335663e-02
      7.0285e-01    3.317060e-02
      7.0290e-01    3.386899e-02
      7.0295e-01    3.276135e-02
      7.0300e-01    3.234256e-02
      7.0305e-01    3.304096e-02
      7.0310e-01    3.284555e-02
      7.0315e-01    3.294819e-02
      7.0320e-01    3.162630e-02
      7.0325e-01    3.213851e-02
      7.0330e-01    3.120766e-02
      7.0335e-01    2.960644e-02
      7.0340e-01    2.831242e-02
      7.0345e-01    2.808917e-02
      7.0350e-01    2.780063e-02
      7.0355e-01    2.707458e-02
      7.0360e-01    2.656264e-02
      7.0365e-01    2.666524e-02
      7.0370e-01    2.604155e-02
      7.0375e-01    2.545513e-02
      7.0380e-01    2.487798e-02
      7.0385e-01    2.466397e-02
      7.0390e-01    2.365846e-02
      7.0395e-01    2.374241e-02
      7.0400e-01    2.396602e-02
      7.0405e-01    2.284884e-02
      7.0410e-01    2.334240e-02
      7.0415e-01    2.436671e-02
      7.0420e-01    2.488819e-02
      7.0425e-01    2.328679e-02
      7.0430e-01    2.120128e-02
      7.0435e-01    2.109890e-02
      7.0440e-01    2.051241e-02
      7.0445e-01    1.940453e-02
      7.0450e-01    2.036365e-02
      7.0455e-01    2.088513e-02
      7.0460e-01    2.098771e-02
      7.0465e-01    2.081084e-02
      7.0470e-01    2.074573e-02
      7.0475e-01    1.987988e-02
      7.0480e-01    1.967510e-02
      7.0485e-01    1.960998e-02
      7.0490e-01    1.925625e-02
      7.0495e-01    1.812968e-02
      7.0500e-01    1.785041e-02
      7.0505e-01    1.878165e-02
      7.0510e-01    1.826960e-02
      7.0515e-01    1.780410e-02
      7.0520e-01    1.823248e-02
      7.0525e-01    1.888440e-02
      7.0530e-01    1.724564e-02
      7.0535e-01    1.693846e-02
      7.0540e-01    1.716197e-02
      7.0545e-01    1.696655e-02
      7.0550e-01    1.656623e-02
      7.0555e-01    1.575614e-02
      7.0560e-01    1.504844e-02
      7.0565e-01    1.401490e-02
      7.0570e-01    1.350279e-02
      7.0575e-01    1.404295e-02
      7.0580e-01    1.364261e-02
      7.0585e-01    1.375445e-02
      7.0590e-01    1.459264e-02
      7.0595e-01    1.520729e-02
      7.0600e-01    1.532841e-02
      7.0605e-01    1.504910e-02
      7.0610e-01    1.527272e-02
      7.0615e-01    1.527280e-02
      7.0620e-01    1.415535e-02
      7.0625e-01    1.415542e-02
      7.0630e-01    1.426726e-02
      7.0635e-01    1.458391e-02
      7.0640e-01    1.489139e-02
      7.0645e-01    1.512429e-02
      7.0650e-01    1.392294e-02
      7.0655e-01    1.405344e-02
      7.0660e-01    1.456573e-02
      7.0665e-01    1.424911e-02
      7.0670e-01    1.251697e-02
      7.0675e-01    1.158571e-02
      7.0680e-01    1.085925e-02
      7.0685e-01    9.574102e-03
      7.0690e-01    9.052600e-03
      7.0695e-01    8.071943e-03
      7.0700e-01    9.095527e-03
      7.0705e-01    8.370055e-03
      7.0710e-01    7.617562e-03
      7.0715e-01    7.006622e-03
      7.0720e-01    6.693722e-03
      7.0725e-01    6.466497e-03
      7.0730e-01    6.835359e-03
      7.0735e-01    5.570572e-03
      7.0740e-01    4.632705e-03
      7.0745e-01    4.121392e-03
      7.0750e-01    4.818092e-03
      7.0755e-01    4.362669e-03
      7.0760e-01    4.832111e-03
      7.0765e-01    4.931797e-03
      7.0770e-01    5.215902e-03
      7.0775e-01    6.480788e-03
      7.0780e-01    6.040260e-03
      7.0785e-01    6.139954e-03
      7.0790e-01    6.750998e-03
      7.0795e-01    7.219540e-03
      7.0800e-01    7.390964e-03
      7.0805e-01    7.703033e-03
      7.0810e-01    7.689097e-03
      7.0815e-01    8.186532e-03
      7.0820e-01    7.405073e-03
      7.0825e-01    6.537921e-03
      7.0830e-01    6.211000e-03
      7.0835e-01    6.850947e-03
      7.0840e-01    5.898083e-03
      7.0845e-01    6.267906e-03
      7.0850e-01    6.367593e-03
      7.0855e-01    5.557229e-03
      7.0860e-01    4.846529e-03
      7.0865e-01    5.230327e-03
      7.0870e-01    5.116705e-03
      7.0875e-01    5.500508e-03
      7.0880e-01    5.813513e-03
      7.0885e-01    4.861545e-03
      7.0890e-01    4.861566e-03
      7.0895e-01    5.244437e-03
      7.0900e-01    5.557446e-03
      7.0905e-01    5.941261e-03
      7.0910e-01    6.339053e-03
      7.0915e-01    6.054965e-03
      7.0920e-01    6.808612e-03
      7.0925e-01    6.140727e-03
      7.0930e-01    5.387132e-03
      7.0935e-01    4.719234e-03
      7.0940e-01    4.548785e-03
      7.0945e-01    3.482171e-03
      7.0950e-01    3.795200e-03
      7.0955e-01    2.757446e-03
      7.0960e-01    1.905069e-03
      7.0965e-01    2.288891e-03
      7.0970e-01    2.288902e-03
      7.0975e-01    0.000000e+00
      7.0980e-01    1.407632e-03
      7.0985e-01    2.373706e-03
      7.0990e-01    1.421619e-03
      7.0995e-01    1.421626e-03
      7.1000e-01    0.000000e+00
      7.1005e-01    1.478475e-03
      7.1010e-01    2.246131e-03
      7.1015e-01    3.738608e-03
      7.1020e-01    4.619957e-03
      7.1025e-01    5.203182e-03
      7.1030e-01    4.392684e-03
      7.1035e-01    4.392709e-03
      7.1040e-01    4.065728e-03
      7.1045e-01    5.032808e-03
      7.1050e-01    5.046812e-03
      7.1055e-01    5.487516e-03
      7.1060e-01    4.193451e-03
      7.1065e-01    4.009004e-03
      7.1070e-01    4.677045e-03
      7.1075e-01    4.790741e-03
      7.1080e-01    5.345126e-03
      7.1085e-01    3.454736e-03
      7.1090e-01    3.468731e-03
      7.1095e-01    3.554467e-03
      7.1100e-01    3.568460e-03
      7.1105e-01    3.383997e-03
      7.1110e-01    3.909495e-03
      7.1115e-01    4.691233e-03
      7.1120e-01    6.085115e-03
      7.1125e-01    5.231677e-03
      7.1130e-01    5.118026e-03
      7.1135e-01    5.047239e-03
      7.1140e-01    6.667557e-03
      7.1145e-01    6.469125e-03
      7.1150e-01    4.976484e-03
      7.1155e-01    4.976505e-03
      7.1160e-01    3.795994e-03
      7.1165e-01    3.284467e-03
      7.1170e-01    3.980513e-03
      7.1175e-01    3.284493e-03
      7.1180e-01    2.687243e-03
      7.1185e-01    3.284520e-03
      7.1190e-01    3.497916e-03
      7.1195e-01    3.085142e-03
      7.1200e-01    1.606412e-03
      7.1205e-01    1.678160e-03
      7.1210e-01    0.000000e+00
      7.1215e-01    1.492753e-03
      7.1220e-01    0.000000e+00
      7.1225e-01    1.862700e-03
      7.1230e-01    4.450361e-03
      7.1235e-01    4.336708e-03
      7.1240e-01    5.616126e-03
      7.1245e-01    6.953332e-03
      7.1250e-01    4.564133e-03
      7.1255e-01    3.384449e-03
      7.1260e-01    3.554991e-03
      7.1265e-01    2.957697e-03
      7.1270e-01    2.217814e-03
      7.1275e-01    2.431225e-03
      7.1280e-01    2.516961e-03
      7.1285e-01    2.587801e-03
      7.1290e-01    2.587813e-03
      7.1295e-01    2.289625e-03
      7.1300e-01    3.085456e-03
      7.1305e-01    0.000000e+00
      7.1310e-01    0.000000e+00
      7.1315e-01    0.000000e+00
      7.1320e-01    0.000000e+00
      7.1325e-01    0.000000e+00
      7.1330e-01    1.606610e-03
      7.1335e-01    1.108973e-03
      7.1340e-01    0.000000e+00
      7.1345e-01    1.549778e-03
      7.1350e-01    1.876896e-03
      7.1355e-01    1.294484e-03
      7.1360e-01    0.000000e+00
      7.1365e-01    0.000000e+00
      7.1370e-01    0.000000e+00
      7.1375e-01    0.000000e+00
      7.1380e-01    0.000000e+00
      7.1385e-01    0.000000e+00
      7.1390e-01    0.000000e+00
      7.1395e-01    0.000000e+00
      7.1400e-01    0.000000e+00
      7.1405e-01    0.000000e+00
      7.1410e-01    0.000000e+00
      7.1415e-01    0.000000e+00
      7.1420e-01    1.487922e-03
      7.1425e-01    0.000000e+00
      7.1430e-01    0.000000e+00
      7.1435e-01    0.000000e+00
      7.1440e-01    0.000000e+00
      7.1445e-01    1.326212e-03
      7.1450e-01    1.705777e-03
      7.1455e-01    0.000000e+00
      7.1460e-01    1.759147e-03
      7.1465e-01    2.826800e-03
      7.1470e-01    2.838207e-03
      7.1475e-01    1.558674e-03
      7.1480e-01    1.739368e-03
      7.1485e-01    2.537009e-03
      7.1490e-01    1.161869e-03
      7.1495e-01    1.958623e-03
      7.1500e-01    1.970669e-03
      7.1505e-01    2.472408e-03
      7.1510e-01    4.437504e-03
      7.1515e-01    4.364187e-03
      7.1520e-01    3.371631e-03
      7.1525e-01    2.602459e-03
      7.1530e-01    3.003935e-03
      7.1535e-01    2.306534e-03
      7.1540e-01    1.512997e-03
      7.1545e-01    0.000000e+00
      7.1550e-01    0.000000e+00
      7.1555e-01    1.980003e-03
      7.1560e-01    2.379919e-03
      7.1565e-01    2.626055e-03
      7.1570e-01    3.272691e-03
      7.1575e-01    3.380164e-03
      7.1580e-01    3.680792e-03
      7.1585e-01    4.352786e-03
      7.1590e-01    3.302765e-03
      7.1595e-01    3.079985e-03
      7.1600e-01    3.695782e-03
      7.1605e-01    3.938976e-03
      7.1610e-01    3.825833e-03
      7.1615e-01    5.083106e-03
      7.1620e-01    3.600140e-03
      7.1625e-01    3.419471e-03
      7.1630e-01    2.336431e-03
      7.1635e-01    1.692831e-03
      7.1640e-01    1.473201e-03
      7.1645e-01    1.226278e-03
      7.1650e-01    1.620495e-03
      7.1655e-01    1.224100e-03
      7.1660e-01    0.000000e+00
      7.1665e-01    0.000000e+00
      7.1670e-01    0.000000e+00
      7.1675e-01    0.000000e+00
      7.1680e-01    0.000000e+00
      7.1685e-01    0.000000e+00
      7.1690e-01    0.000000e+00
      7.1695e-01    0.000000e+00
      7.1700e-01    0.000000e+00
      7.1705e-01    0.000000e+00
      7.1710e-01    0.000000e+00
      7.1715e-01    0.000000e+00
      7.1720e-01    0.000000e+00
      7.1725e-01    0.000000e+00
      7.1730e-01    0.000000e+00
      7.1735e-01    0.000000e+00
      7.1740e-01    0.000000e+00
      7.1745e-01    1.056885e-03
      7.1750e-01    2.459989e-03
      7.1755e-01    1.642349e-03
      7.1760e-01    3.880025e-03
      7.1765e-01    3.968553e-03
      7.1770e-01    4.628922e-03
      7.1775e-01    2.405074e-03
      7.1780e-01    0.000000e+00
      7.1785e-01    0.000000e+00
      7.1790e-01    0.000000e+00
      7.1795e-01    0.000000e+00
      7.1800e-01    0.000000e+00
      7.1805e-01    0.000000e+00
      7.1810e-01    0.000000e+00
      7.1815e-01    0.000000e+00
      7.1820e-01    0.000000e+00
      7.1825e-01    0.000000e+00
      7.1830e-01    0.000000e+00
      7.1835e-01    0.000000e+00
      7.1840e-01    0.000000e+00
      7.1845e-01    0.000000e+00
      7.1850e-01    0.000000e+00
      7.1855e-01    0.000000e+00
      7.1860e-01    0.000000e+00
      7.1865e-01    0.000000e+00
      7.1870e-01    0.000000e+00
      7.1875e-01    0.000000e+00
      7.1880e-01    1.039980e-03
      7.1885e-01    0.000000e+00
      7.1890e-01    1.735242e-03
      7.1895e-01    2.109520e-03
      7.1900e-01    2.564629e-03
      7.1905e-01    1.750413e-03
      7.1910e-01    1.764238e-03
      7.1915e-01    2.206591e-03
      7.1920e-01    3.103411e-03
      7.1925e-01    3.479108e-03
      7.1930e-01    3.494497e-03
      7.1935e-01    4.406029e-03
      7.1940e-01    4.139940e-03
      7.1945e-01    4.141545e-03
      7.1950e-01    3.245099e-03
      7.1955e-01    3.808950e-03
      7.1960e-01    3.193969e-03
      7.1965e-01    3.395781e-03
      7.1970e-01    2.201952e-03
      7.1975e-01    1.759955e-03
      7.1980e-01    1.868079e-03
      7.1985e-01    2.352527e-03
      7.1990e-01    1.358291e-03
