#  wavelength_um     transmission
#
      5.4000e-01    7.056347e-04
      5.4100e-01    2.032033e-03
      5.4200e-01    4.424737e-03
      5.4300e-01    8.775255e-03
      5.4400e-01    1.660280e-02
      5.4500e-01    2.899096e-02
      5.4600e-01    4.631995e-02
      5.4700e-01    7.003906e-02
      5.4800e-01    1.000922e-01
      5.4900e-01    1.357026e-01
      5.5000e-01    1.759119e-01
      5.5100e-01    2.181374e-01
      5.5200e-01    2.629300e-01
      5.5300e-01    3.089456e-01
      5.5400e-01    3.516865e-01
      5.5500e-01    3.920283e-01
      5.5600e-01    4.324137e-01
      5.5700e-01    4.708426e-01
      5.5800e-01    5.064848e-01
      5.5900e-01    5.392384e-01
      5.6000e-01    5.697269e-01
      5.6100e-01    5.984691e-01
      5.6200e-01    6.258364e-01
      5.6300e-01    6.495220e-01
      5.6400e-01    6.675175e-01
      5.6500e-01    6.850058e-01
      5.6600e-01    7.013519e-01
      5.6700e-01    7.153587e-01
      5.6800e-01    7.296756e-01
      5.6900e-01    7.449684e-01
      5.7000e-01    7.520606e-01
      5.7100e-01    7.590769e-01
      5.7200e-01    7.708575e-01
      5.7300e-01    7.835008e-01
      5.7400e-01    7.954348e-01
      5.7500e-01    8.073301e-01
      5.7600e-01    8.179329e-01
      5.7700e-01    8.263192e-01
      5.7800e-01    8.320107e-01
      5.7900e-01    8.391321e-01
      5.8000e-01    8.466427e-01
      5.8100e-01    8.524603e-01
      5.8200e-01    8.567932e-01
      5.8300e-01    8.583861e-01
      5.8400e-01    8.599823e-01
      5.8500e-01    8.618628e-01
      5.8600e-01    8.621439e-01
      5.8700e-01    8.643120e-01
      5.8800e-01    8.682943e-01
      5.8900e-01    8.732475e-01
      5.9000e-01    8.777161e-01
      5.9100e-01    8.818325e-01
      5.9200e-01    8.854578e-01
      5.9300e-01    8.884417e-01
      5.9400e-01    8.931591e-01
      5.9500e-01    8.968119e-01
      5.9600e-01    8.988523e-01
      5.9700e-01    9.015616e-01
      5.9800e-01    9.039752e-01
      5.9900e-01    9.038088e-01
      6.0060e-01    9.041562e-01
      6.0157e-01    9.060253e-01
      6.0253e-01    9.077087e-01
      6.0350e-01    9.089285e-01
      6.0446e-01    9.092516e-01
      6.0543e-01    9.083792e-01
      6.0639e-01    9.059849e-01
      6.0736e-01    9.023548e-01
      6.0832e-01    8.977699e-01
      6.0929e-01    8.924774e-01
      6.1025e-01    8.868084e-01
      6.1122e-01    8.812364e-01
      6.1218e-01    8.763252e-01
      6.1315e-01    8.726579e-01
      6.1411e-01    8.703589e-01
      6.1508e-01    8.694526e-01
      6.1604e-01    8.698678e-01
      6.1701e-01    8.717725e-01
      6.1797e-01    8.753591e-01
      6.1894e-01    8.808115e-01
      6.1990e-01    8.880249e-01
      6.2087e-01    8.959201e-01
      6.2183e-01    9.047216e-01
      6.2280e-01    9.144003e-01
      6.2376e-01    9.243763e-01
      6.2473e-01    9.340098e-01
      6.2569e-01    9.427548e-01
      6.2666e-01    9.501443e-01
      6.2762e-01    9.562995e-01
      6.2859e-01    9.618457e-01
      6.2955e-01    9.663886e-01
      6.3052e-01    9.700801e-01
      6.3148e-01    9.733193e-01
      6.3245e-01    9.761416e-01
      6.3342e-01    9.788525e-01
      6.3438e-01    9.816199e-01
      6.3535e-01    9.838849e-01
      6.3631e-01    9.854100e-01
      6.3728e-01    9.867364e-01
      6.3824e-01    9.879771e-01
      6.3921e-01    9.890240e-01
      6.4017e-01    9.896847e-01
      6.4114e-01    9.896266e-01
      6.4210e-01    9.893326e-01
      6.4307e-01    9.893035e-01
      6.4403e-01    9.896815e-01
      6.4500e-01    9.900838e-01
      6.4596e-01    9.903019e-01
      6.4693e-01    9.911016e-01
      6.4789e-01    9.926121e-01
      6.4886e-01    9.942616e-01
      6.4982e-01    9.957737e-01
      6.5079e-01    9.961986e-01
      6.5175e-01    9.963440e-01
      6.5272e-01    9.969660e-01
      6.5368e-01    9.978610e-01
      6.5465e-01    9.983166e-01
      6.5561e-01    9.986849e-01
      6.5658e-01    9.991325e-01
      6.5754e-01    9.993231e-01
      6.5851e-01    9.996866e-01
      6.5947e-01    1.000000e+00
      6.6044e-01    9.995897e-01
      6.6140e-01    9.987641e-01
      6.6237e-01    9.980646e-01
      6.6333e-01    9.973780e-01
      6.6430e-01    9.967948e-01
      6.6526e-01    9.963941e-01
      6.6623e-01    9.957899e-01
      6.6719e-01    9.950661e-01
      6.6816e-01    9.945588e-01
      6.6912e-01    9.938803e-01
      6.7009e-01    9.926299e-01
      6.7105e-01    9.914796e-01
      6.7202e-01    9.907655e-01
      6.7298e-01    9.902195e-01
      6.7395e-01    9.899610e-01
      6.7491e-01    9.896670e-01
      6.7588e-01    9.888915e-01
      6.7684e-01    9.877105e-01
      6.7781e-01    9.842904e-01
      6.7877e-01    9.780383e-01
      6.7974e-01    9.696148e-01
      6.8071e-01    9.599458e-01
      6.8167e-01    9.485513e-01
      6.8264e-01    9.286607e-01
      6.8360e-01    9.034825e-01
      6.8457e-01    8.761119e-01
      6.8553e-01    8.483229e-01
      6.8650e-01    8.197164e-01
      6.8746e-01    7.888288e-01
      6.8843e-01    7.600883e-01
      6.8939e-01    7.346176e-01
      6.9036e-01    7.056848e-01
      6.9132e-01    6.734369e-01
      6.9229e-01    6.377834e-01
      6.9325e-01    5.980991e-01
      6.9422e-01    5.549059e-01
      6.9518e-01    5.095770e-01
      6.9615e-01    4.634984e-01
      6.9711e-01    4.175248e-01
      6.9808e-01    3.720278e-01
      6.9904e-01    3.261334e-01
      7.0001e-01    2.831389e-01
      7.0097e-01    2.439522e-01
      7.0194e-01    2.089046e-01
      7.0290e-01    1.780541e-01
      7.0387e-01    1.513075e-01
      7.0483e-01    1.282935e-01
      7.0580e-01    1.087128e-01
      7.0676e-01    9.226380e-02
      7.0773e-01    7.839079e-02
      7.0869e-01    6.668972e-02
      7.0966e-01    5.694814e-02
      7.1062e-01    4.888091e-02
      7.1159e-01    4.201048e-02
      7.1255e-01    3.612618e-02
      7.1352e-01    3.123786e-02
      7.1448e-01    2.695441e-02
      7.1545e-01    2.311183e-02
      7.1641e-01    1.980368e-02
      7.1738e-01    1.614124e-02
      7.1834e-01    1.278984e-02
      7.1931e-01    1.006000e-02
      7.2027e-01    7.669350e-03
      7.2124e-01    5.556701e-03
      7.2220e-01    3.662038e-03
      7.2317e-01    1.980675e-03
      7.2413e-01    6.028925e-04
