#  wavelength_um     transmission
#
      5.0019e-01    5.800000e-03
      5.0061e-01    5.900000e-03
      5.0103e-01    5.900000e-03
      5.0144e-01    5.700000e-03
      5.0186e-01    5.700000e-03
      5.0228e-01    6.100000e-03
      5.0270e-01    5.900000e-03
      5.0311e-01    5.700000e-03
      5.0353e-01    5.900000e-03
      5.0395e-01    6.000000e-03
      5.0437e-01    6.100000e-03
      5.0479e-01    6.000000e-03
      5.0521e-01    5.900000e-03
      5.0562e-01    5.900000e-03
      5.0604e-01    5.700000e-03
      5.0646e-01    6.100000e-03
      5.0688e-01    6.100000e-03
      5.0730e-01    5.800000e-03
      5.0772e-01    6.000000e-03
      5.0814e-01    6.000000e-03
      5.0855e-01    6.000000e-03
      5.0897e-01    5.900000e-03
      5.0939e-01    6.100000e-03
      5.0981e-01    5.800000e-03
      5.1023e-01    6.200000e-03
      5.1065e-01    6.000000e-03
      5.1107e-01    6.200000e-03
      5.1149e-01    6.200000e-03
      5.1190e-01    6.300000e-03
      5.1232e-01    6.200000e-03
      5.1274e-01    6.000000e-03
      5.1316e-01    6.100000e-03
      5.1358e-01    6.300000e-03
      5.1400e-01    6.400000e-03
      5.1442e-01    6.300000e-03
      5.1484e-01    6.300000e-03
      5.1526e-01    6.200000e-03
      5.1568e-01    6.200000e-03
      5.1610e-01    6.100000e-03
      5.1652e-01    6.500000e-03
      5.1694e-01    6.400000e-03
      5.1736e-01    6.700000e-03
      5.1777e-01    6.500000e-03
      5.1819e-01    6.400000e-03
      5.1861e-01    6.400000e-03
      5.1903e-01    6.200000e-03
      5.1945e-01    6.300000e-03
      5.1987e-01    6.500000e-03
      5.2029e-01    6.300000e-03
      5.2071e-01    6.700000e-03
      5.2113e-01    6.500000e-03
      5.2155e-01    6.300000e-03
      5.2197e-01    6.500000e-03
      5.2239e-01    6.600000e-03
      5.2281e-01    6.600000e-03
      5.2323e-01    6.600000e-03
      5.2365e-01    6.700000e-03
      5.2407e-01    6.700000e-03
      5.2449e-01    6.800000e-03
      5.2491e-01    6.900000e-03
      5.2533e-01    6.700000e-03
      5.2576e-01    6.900000e-03
      5.2618e-01    6.700000e-03
      5.2660e-01    6.800000e-03
      5.2702e-01    7.000000e-03
      5.2744e-01    7.200000e-03
      5.2786e-01    7.300000e-03
      5.2828e-01    7.300000e-03
      5.2870e-01    7.500000e-03
      5.2912e-01    7.600000e-03
      5.2954e-01    7.500000e-03
      5.2996e-01    8.000000e-03
      5.3038e-01    8.000000e-03
      5.3080e-01    8.200000e-03
      5.3122e-01    8.400000e-03
      5.3165e-01    8.600000e-03
      5.3207e-01    9.400000e-03
      5.3249e-01    9.600000e-03
      5.3291e-01    1.000000e-02
      5.3333e-01    1.030000e-02
      5.3375e-01    1.110000e-02
      5.3417e-01    1.150000e-02
      5.3459e-01    1.190000e-02
      5.3502e-01    1.280000e-02
      5.3544e-01    1.360000e-02
      5.3586e-01    1.420000e-02
      5.3628e-01    1.520000e-02
      5.3670e-01    1.600000e-02
      5.3712e-01    1.720000e-02
      5.3754e-01    1.850000e-02
      5.3797e-01    2.020000e-02
      5.3839e-01    2.200000e-02
      5.3881e-01    2.420000e-02
      5.3923e-01    2.720000e-02
      5.3965e-01    3.050000e-02
      5.4008e-01    3.450000e-02
      5.4050e-01    3.920000e-02
      5.4092e-01    4.520000e-02
      5.4134e-01    5.180000e-02
      5.4176e-01    5.960000e-02
      5.4219e-01    6.880000e-02
      5.4261e-01    7.870000e-02
      5.4303e-01    9.020000e-02
      5.4345e-01    1.031000e-01
      5.4387e-01    1.168000e-01
      5.4430e-01    1.327000e-01
      5.4472e-01    1.497000e-01
      5.4514e-01    1.688000e-01
      5.4556e-01    1.898000e-01
      5.4599e-01    2.129000e-01
      5.4641e-01    2.380000e-01
      5.4683e-01    2.655000e-01
      5.4725e-01    2.956000e-01
      5.4768e-01    3.275000e-01
      5.4810e-01    3.604000e-01
      5.4852e-01    3.950000e-01
      5.4894e-01    4.290000e-01
      5.4937e-01    4.625000e-01
      5.4979e-01    4.945000e-01
      5.5021e-01    5.247000e-01
      5.5064e-01    5.511000e-01
      5.5106e-01    5.740000e-01
      5.5148e-01    5.932000e-01
      5.5191e-01    6.087000e-01
      5.5233e-01    6.206000e-01
      5.5275e-01    6.296000e-01
      5.5317e-01    6.361000e-01
      5.5360e-01    6.404000e-01
      5.5402e-01    6.442000e-01
      5.5444e-01    6.477000e-01
      5.5487e-01    6.500000e-01
      5.5529e-01    6.519000e-01
      5.5571e-01    6.533000e-01
      5.5614e-01    6.544000e-01
      5.5656e-01    6.560000e-01
      5.5699e-01    6.563000e-01
      5.5741e-01    6.560000e-01
      5.5783e-01    6.579000e-01
      5.5826e-01    6.584000e-01
      5.5868e-01    6.592000e-01
      5.5910e-01    6.595000e-01
      5.5953e-01    6.600000e-01
      5.5995e-01    6.601000e-01
      5.6038e-01    6.606000e-01
      5.6080e-01    6.614000e-01
      5.6122e-01    6.623000e-01
      5.6165e-01    6.631000e-01
      5.6207e-01    6.633000e-01
      5.6250e-01    6.644000e-01
      5.6292e-01    6.647000e-01
      5.6334e-01    6.648000e-01
      5.6377e-01    6.658000e-01
      5.6419e-01    6.659000e-01
      5.6462e-01    6.660000e-01
      5.6504e-01    6.666000e-01
      5.6547e-01    6.668000e-01
      5.6589e-01    6.667000e-01
      5.6631e-01    6.670000e-01
      5.6674e-01    6.675000e-01
      5.6716e-01    6.678000e-01
      5.6759e-01    6.674000e-01
      5.6801e-01    6.677000e-01
      5.6844e-01    6.676000e-01
      5.6886e-01    6.679000e-01
      5.6929e-01    6.682000e-01
      5.6971e-01    6.682000e-01
      5.7014e-01    6.693000e-01
      5.7056e-01    6.689000e-01
      5.7099e-01    6.698000e-01
      5.7141e-01    6.702000e-01
      5.7184e-01    6.708000e-01
      5.7226e-01    6.715000e-01
      5.7269e-01    6.720000e-01
      5.7311e-01    6.727000e-01
      5.7354e-01    6.735000e-01
      5.7396e-01    6.745000e-01
      5.7439e-01    6.750000e-01
      5.7481e-01    6.755000e-01
      5.7524e-01    6.758000e-01
      5.7566e-01    6.765000e-01
      5.7609e-01    6.765000e-01
      5.7652e-01    6.772000e-01
      5.7694e-01    6.775000e-01
      5.7737e-01    6.773000e-01
      5.7779e-01    6.779000e-01
      5.7822e-01    6.776000e-01
      5.7864e-01    6.781000e-01
      5.7907e-01    6.784000e-01
      5.7949e-01    6.789000e-01
      5.7992e-01    6.786000e-01
      5.8035e-01    6.793000e-01
      5.8077e-01    6.792000e-01
      5.8120e-01    6.792000e-01
      5.8162e-01    6.802000e-01
      5.8205e-01    6.803000e-01
      5.8248e-01    6.809000e-01
      5.8290e-01    6.816000e-01
      5.8333e-01    6.818000e-01
      5.8375e-01    6.820000e-01
      5.8418e-01    6.826000e-01
      5.8461e-01    6.826000e-01
      5.8503e-01    6.830000e-01
      5.8546e-01    6.829000e-01
      5.8589e-01    6.828000e-01
      5.8631e-01    6.821000e-01
      5.8674e-01    6.829000e-01
      5.8717e-01    6.832000e-01
      5.8759e-01    6.826000e-01
      5.8802e-01    6.831000e-01
      5.8845e-01    6.835000e-01
      5.8887e-01    6.838000e-01
      5.8930e-01    6.833000e-01
      5.8973e-01    6.839000e-01
      5.9015e-01    6.843000e-01
      5.9058e-01    6.843000e-01
      5.9101e-01    6.850000e-01
      5.9143e-01    6.855000e-01
      5.9186e-01    6.857000e-01
      5.9229e-01    6.859000e-01
      5.9271e-01    6.864000e-01
      5.9314e-01    6.865000e-01
      5.9357e-01    6.868000e-01
      5.9400e-01    6.871000e-01
      5.9442e-01    6.875000e-01
      5.9485e-01    6.869000e-01
      5.9528e-01    6.873000e-01
      5.9570e-01    6.875000e-01
      5.9613e-01    6.874000e-01
      5.9656e-01    6.875000e-01
      5.9699e-01    6.878000e-01
      5.9741e-01    6.881000e-01
      5.9784e-01    6.881000e-01
      5.9827e-01    6.884000e-01
      5.9870e-01    6.891000e-01
      5.9913e-01    6.889000e-01
      5.9955e-01    6.893000e-01
      5.9998e-01    6.898000e-01
      6.0041e-01    6.906000e-01
      6.0084e-01    6.916000e-01
      6.0126e-01    6.916000e-01
      6.0169e-01    6.926000e-01
      6.0212e-01    6.929000e-01
      6.0255e-01    6.932000e-01
      6.0298e-01    6.931000e-01
      6.0340e-01    6.933000e-01
      6.0383e-01    6.930000e-01
      6.0426e-01    6.940000e-01
      6.0469e-01    6.932000e-01
      6.0512e-01    6.933000e-01
      6.0554e-01    6.940000e-01
      6.0597e-01    6.935000e-01
      6.0640e-01    6.939000e-01
      6.0683e-01    6.941000e-01
      6.0726e-01    6.948000e-01
      6.0769e-01    6.951000e-01
      6.0812e-01    6.955000e-01
      6.0854e-01    6.965000e-01
      6.0897e-01    6.972000e-01
      6.0940e-01    6.982000e-01
      6.0983e-01    6.987000e-01
      6.1026e-01    6.992000e-01
      6.1069e-01    6.998000e-01
      6.1112e-01    7.001000e-01
      6.1154e-01    7.006000e-01
      6.1197e-01    7.005000e-01
      6.1240e-01    7.004000e-01
      6.1283e-01    7.010000e-01
      6.1326e-01    7.008000e-01
      6.1369e-01    7.009000e-01
      6.1412e-01    7.010000e-01
      6.1455e-01    7.008000e-01
      6.1498e-01    7.013000e-01
      6.1541e-01    7.016000e-01
      6.1584e-01    7.017000e-01
      6.1626e-01    7.020000e-01
      6.1669e-01    7.025000e-01
      6.1712e-01    7.032000e-01
      6.1755e-01    7.039000e-01
      6.1798e-01    7.050000e-01
      6.1841e-01    7.050000e-01
      6.1884e-01    7.055000e-01
      6.1927e-01    7.058000e-01
      6.1970e-01    7.063000e-01
      6.2013e-01    7.060000e-01
      6.2056e-01    7.069000e-01
      6.2099e-01    7.064000e-01
      6.2142e-01    7.057000e-01
      6.2185e-01    7.062000e-01
      6.2228e-01    7.059000e-01
      6.2271e-01    7.055000e-01
      6.2314e-01    7.056000e-01
      6.2357e-01    7.054000e-01
      6.2400e-01    7.062000e-01
      6.2443e-01    7.063000e-01
      6.2486e-01    7.054000e-01
      6.2529e-01    7.060000e-01
      6.2572e-01    7.057000e-01
      6.2615e-01    7.057000e-01
      6.2658e-01    7.062000e-01
      6.2701e-01    7.053000e-01
      6.2744e-01    7.055000e-01
      6.2787e-01    7.049000e-01
      6.2830e-01    7.053000e-01
      6.2873e-01    7.049000e-01
      6.2916e-01    7.043000e-01
      6.2959e-01    7.046000e-01
      6.3002e-01    7.041000e-01
      6.3045e-01    7.043000e-01
      6.3088e-01    7.046000e-01
      6.3131e-01    7.046000e-01
      6.3174e-01    7.056000e-01
      6.3217e-01    7.050000e-01
      6.3261e-01    7.051000e-01
      6.3304e-01    7.054000e-01
      6.3347e-01    7.056000e-01
      6.3390e-01    7.054000e-01
      6.3433e-01    7.056000e-01
      6.3476e-01    7.056000e-01
      6.3519e-01    7.057000e-01
      6.3562e-01    7.044000e-01
      6.3605e-01    7.049000e-01
      6.3648e-01    7.042000e-01
      6.3692e-01    7.041000e-01
      6.3735e-01    7.045000e-01
      6.3778e-01    7.039000e-01
      6.3821e-01    7.041000e-01
      6.3864e-01    7.039000e-01
      6.3907e-01    7.042000e-01
      6.3950e-01    7.049000e-01
      6.3993e-01    7.047000e-01
      6.4037e-01    7.045000e-01
      6.4080e-01    7.050000e-01
      6.4123e-01    7.057000e-01
      6.4166e-01    7.058000e-01
      6.4209e-01    7.057000e-01
      6.4252e-01    7.056000e-01
      6.4296e-01    7.057000e-01
      6.4339e-01    7.051000e-01
      6.4382e-01    7.054000e-01
      6.4425e-01    7.048000e-01
      6.4468e-01    7.047000e-01
      6.4511e-01    7.048000e-01
      6.4555e-01    7.046000e-01
      6.4598e-01    7.045000e-01
      6.4641e-01    7.045000e-01
      6.4684e-01    7.043000e-01
      6.4727e-01    7.041000e-01
      6.4771e-01    7.045000e-01
      6.4814e-01    7.050000e-01
      6.4857e-01    7.045000e-01
      6.4900e-01    7.051000e-01
      6.4944e-01    7.055000e-01
      6.4987e-01    7.057000e-01
      6.5030e-01    7.056000e-01
      6.5073e-01    7.052000e-01
      6.5116e-01    7.055000e-01
      6.5160e-01    7.053000e-01
      6.5203e-01    7.049000e-01
      6.5246e-01    7.055000e-01
      6.5289e-01    7.047000e-01
      6.5333e-01    7.047000e-01
      6.5376e-01    7.043000e-01
      6.5419e-01    7.047000e-01
      6.5463e-01    7.040000e-01
      6.5506e-01    7.037000e-01
      6.5549e-01    7.036000e-01
      6.5592e-01    7.029000e-01
      6.5636e-01    7.032000e-01
      6.5679e-01    7.025000e-01
      6.5722e-01    7.020000e-01
      6.5766e-01    7.017000e-01
      6.5809e-01    7.014000e-01
      6.5852e-01    7.010000e-01
      6.5895e-01    7.006000e-01
      6.5939e-01    7.001000e-01
      6.5982e-01    7.006000e-01
      6.6025e-01    7.001000e-01
      6.6069e-01    7.004000e-01
      6.6112e-01    6.998000e-01
      6.6155e-01    7.001000e-01
      6.6199e-01    6.991000e-01
      6.6242e-01    6.996000e-01
      6.6285e-01    6.995000e-01
      6.6329e-01    6.993000e-01
      6.6372e-01    6.995000e-01
      6.6415e-01    6.994000e-01
      6.6459e-01    6.988000e-01
      6.6502e-01    6.984000e-01
      6.6546e-01    6.985000e-01
      6.6589e-01    6.976000e-01
      6.6632e-01    6.978000e-01
      6.6676e-01    6.972000e-01
      6.6719e-01    6.961000e-01
      6.6762e-01    6.957000e-01
      6.6806e-01    6.957000e-01
      6.6849e-01    6.948000e-01
      6.6893e-01    6.951000e-01
      6.6936e-01    6.949000e-01
      6.6979e-01    6.944000e-01
      6.7023e-01    6.941000e-01
      6.7066e-01    6.948000e-01
      6.7110e-01    6.943000e-01
      6.7153e-01    6.947000e-01
      6.7196e-01    6.948000e-01
      6.7240e-01    6.944000e-01
      6.7283e-01    6.946000e-01
      6.7327e-01    6.943000e-01
      6.7370e-01    6.946000e-01
      6.7414e-01    6.938000e-01
      6.7457e-01    6.940000e-01
      6.7500e-01    6.933000e-01
      6.7544e-01    6.932000e-01
      6.7587e-01    6.931000e-01
      6.7631e-01    6.930000e-01
      6.7674e-01    6.925000e-01
      6.7718e-01    6.925000e-01
      6.7761e-01    6.929000e-01
      6.7805e-01    6.924000e-01
      6.7848e-01    6.924000e-01
      6.7892e-01    6.925000e-01
      6.7935e-01    6.930000e-01
      6.7979e-01    6.922000e-01
      6.8022e-01    6.924000e-01
      6.8066e-01    6.923000e-01
      6.8109e-01    6.919000e-01
      6.8153e-01    6.913000e-01
      6.8196e-01    6.911000e-01
      6.8240e-01    6.878000e-01
      6.8283e-01    6.841000e-01
      6.8327e-01    6.806000e-01
      6.8370e-01    6.780000e-01
      6.8414e-01    6.744000e-01
      6.8457e-01    6.711000e-01
      6.8501e-01    6.675000e-01
      6.8544e-01    6.642000e-01
      6.8588e-01    6.607000e-01
      6.8631e-01    6.575000e-01
      6.8675e-01    6.540000e-01
      6.8718e-01    6.509000e-01
      6.8762e-01    6.469000e-01
      6.8806e-01    6.440000e-01
      6.8849e-01    6.447000e-01
      6.8893e-01    6.460000e-01
      6.8936e-01    6.461000e-01
      6.8980e-01    6.458000e-01
      6.9023e-01    6.445000e-01
      6.9067e-01    6.429000e-01
      6.9111e-01    6.394000e-01
      6.9154e-01    6.345000e-01
      6.9198e-01    6.284000e-01
      6.9241e-01    6.206000e-01
      6.9285e-01    6.107000e-01
      6.9329e-01    5.987000e-01
      6.9372e-01    5.852000e-01
      6.9416e-01    5.694000e-01
      6.9459e-01    5.515000e-01
      6.9503e-01    5.321000e-01
      6.9547e-01    5.103000e-01
      6.9590e-01    4.886000e-01
      6.9634e-01    4.649000e-01
      6.9677e-01    4.410000e-01
      6.9721e-01    4.165000e-01
      6.9765e-01    3.917000e-01
      6.9808e-01    3.665000e-01
      6.9852e-01    3.408000e-01
      6.9896e-01    3.159000e-01
      6.9939e-01    2.908000e-01
      6.9983e-01    2.665000e-01
      7.0027e-01    2.426000e-01
      7.0070e-01    2.192000e-01
      7.0114e-01    1.963000e-01
      7.0158e-01    1.749000e-01
      7.0201e-01    1.544000e-01
      7.0245e-01    1.352000e-01
      7.0289e-01    1.179000e-01
      7.0332e-01    1.022000e-01
      7.0376e-01    8.840000e-02
      7.0420e-01    7.670000e-02
      7.0463e-01    6.670000e-02
      7.0507e-01    5.830000e-02
      7.0551e-01    5.140000e-02
      7.0594e-01    4.570000e-02
      7.0638e-01    4.060000e-02
      7.0682e-01    3.660000e-02
      7.0726e-01    3.320000e-02
      7.0769e-01    3.020000e-02
      7.0813e-01    2.790000e-02
      7.0857e-01    2.590000e-02
      7.0900e-01    2.390000e-02
      7.0944e-01    2.250000e-02
      7.0988e-01    2.100000e-02
      7.1032e-01    1.970000e-02
      7.1075e-01    1.860000e-02
      7.1119e-01    1.760000e-02
      7.1163e-01    1.660000e-02
      7.1207e-01    1.570000e-02
      7.1250e-01    1.490000e-02
      7.1294e-01    1.440000e-02
      7.1338e-01    1.340000e-02
      7.1382e-01    1.270000e-02
      7.1425e-01    1.210000e-02
      7.1469e-01    1.130000e-02
      7.1513e-01    1.070000e-02
      7.1557e-01    1.010000e-02
      7.1601e-01    9.600000e-03
      7.1644e-01    9.000000e-03
      7.1688e-01    8.400000e-03
      7.1732e-01    8.200000e-03
      7.1776e-01    7.700000e-03
      7.1820e-01    7.500000e-03
      7.1863e-01    7.300000e-03
      7.1907e-01    7.000000e-03
      7.1951e-01    6.900000e-03
      7.1995e-01    6.700000e-03
      7.2039e-01    6.600000e-03
      7.2082e-01    6.500000e-03
      7.2126e-01    6.400000e-03
      7.2170e-01    6.300000e-03
      7.2214e-01    6.200000e-03
      7.2258e-01    6.100000e-03
      7.2302e-01    5.900000e-03
      7.2345e-01    5.800000e-03
      7.2389e-01    5.800000e-03
      7.2433e-01    5.700000e-03
      7.2477e-01    5.700000e-03
      7.2521e-01    5.600000e-03
      7.2565e-01    5.600000e-03
      7.2608e-01    5.500000e-03
      7.2652e-01    5.400000e-03
      7.2696e-01    5.300000e-03
      7.2740e-01    5.300000e-03
      7.2784e-01    5.200000e-03
      7.2828e-01    5.200000e-03
      7.2872e-01    5.000000e-03
      7.2916e-01    5.000000e-03
      7.2960e-01    5.000000e-03
      7.3003e-01    4.800000e-03
      7.3047e-01    4.900000e-03
      7.3091e-01    4.800000e-03
      7.3135e-01    4.800000e-03
      7.3179e-01    4.800000e-03
      7.3223e-01    4.900000e-03
      7.3267e-01    4.700000e-03
      7.3311e-01    4.800000e-03
      7.3355e-01    4.800000e-03
      7.3399e-01    4.700000e-03
      7.3442e-01    4.700000e-03
      7.3486e-01    4.700000e-03
      7.3530e-01    4.700000e-03
      7.3574e-01    4.600000e-03
      7.3618e-01    4.600000e-03
      7.3662e-01    4.500000e-03
      7.3706e-01    4.600000e-03
      7.3750e-01    4.500000e-03
      7.3794e-01    4.400000e-03
      7.3838e-01    4.500000e-03
      7.3882e-01    4.400000e-03
      7.3926e-01    4.300000e-03
      7.3970e-01    4.400000e-03
      7.4014e-01    4.400000e-03
      7.4058e-01    4.300000e-03
      7.4102e-01    4.400000e-03
      7.4146e-01    4.300000e-03
      7.4190e-01    4.200000e-03
      7.4234e-01    4.300000e-03
      7.4278e-01    4.200000e-03
      7.4322e-01    4.300000e-03
      7.4366e-01    4.200000e-03
      7.4410e-01    4.300000e-03
      7.4454e-01    4.100000e-03
      7.4498e-01    4.100000e-03
      7.4542e-01    4.100000e-03
      7.4586e-01    4.100000e-03
      7.4630e-01    4.100000e-03
      7.4674e-01    4.100000e-03
      7.4718e-01    4.100000e-03
      7.4762e-01    4.100000e-03
      7.4806e-01    4.000000e-03
      7.4850e-01    4.100000e-03
      7.4894e-01    4.000000e-03
      7.4938e-01    4.100000e-03
      7.4982e-01    3.900000e-03
