#  wavelength_um     transmission
#
      5.9400e-01    1.248488e-03
      5.9405e-01    1.140501e-03
      5.9410e-01    1.202209e-03
      5.9415e-01    1.202299e-03
      5.9420e-01    1.310506e-03
      5.9425e-01    1.310605e-03
      5.9430e-01    1.495635e-03
      5.9435e-01    1.387606e-03
      5.9440e-01    1.572669e-03
      5.9445e-01    1.742609e-03
      5.9450e-01    1.850894e-03
      5.9455e-01    2.190717e-03
      5.9460e-01    2.299063e-03
      5.9465e-01    2.406407e-03
      5.9470e-01    2.484449e-03
      5.9475e-01    2.731373e-03
      5.9480e-01    2.654721e-03
      5.9485e-01    2.654920e-03
      5.9490e-01    2.762331e-03
      5.9495e-01    2.762539e-03
      5.9500e-01    2.762748e-03
      5.9505e-01    2.948108e-03
      5.9510e-01    3.041407e-03
      5.9515e-01    3.149909e-03
      5.9520e-01    3.072228e-03
      5.9525e-01    3.072462e-03
      5.9530e-01    2.965420e-03
      5.9535e-01    2.795605e-03
      5.9540e-01    2.965873e-03
      5.9545e-01    3.043030e-03
      5.9550e-01    3.043262e-03
      5.9555e-01    2.858213e-03
      5.9560e-01    2.858431e-03
      5.9565e-01    3.043957e-03
      5.9570e-01    3.044189e-03
      5.9575e-01    3.152791e-03
      5.9580e-01    3.323189e-03
      5.9585e-01    3.245454e-03
      5.9590e-01    3.245701e-03
      5.9595e-01    3.323946e-03
      5.9600e-01    3.324198e-03
      5.9605e-01    3.401463e-03
      5.9610e-01    3.587156e-03
      5.9615e-01    3.866112e-03
      5.9620e-01    3.696143e-03
      5.9625e-01    3.897103e-03
      5.9630e-01    3.990653e-03
      5.9635e-01    4.176460e-03
      5.9640e-01    4.532608e-03
      5.9645e-01    4.810752e-03
      5.9650e-01    5.089947e-03
      5.9655e-01    5.167392e-03
      5.9660e-01    5.075505e-03
      5.9665e-01    5.354783e-03
      5.9670e-01    5.355188e-03
      5.9675e-01    5.447890e-03
      5.9680e-01    5.804360e-03
      5.9685e-01    6.005660e-03
      5.9690e-01    6.208011e-03
      5.9695e-01    6.208478e-03
      5.9700e-01    6.486966e-03
      5.9705e-01    6.379891e-03
      5.9710e-01    6.380370e-03
      5.9715e-01    6.581801e-03
      5.9720e-01    6.505158e-03
      5.9725e-01    6.427482e-03
      5.9730e-01    6.598507e-03
      5.9735e-01    6.878190e-03
      5.9740e-01    6.971092e-03
      5.9745e-01    6.863986e-03
      5.9750e-01    7.050324e-03
      5.9755e-01    7.236689e-03
      5.9760e-01    7.237228e-03
      5.9765e-01    7.314966e-03
      5.9770e-01    7.486156e-03
      5.9775e-01    7.563914e-03
      5.9780e-01    7.735162e-03
      5.9785e-01    7.921665e-03
      5.9790e-01    8.108199e-03
      5.9795e-01    8.279520e-03
      5.9800e-01    8.621603e-03
      5.9805e-01    8.901741e-03
      5.9810e-01    8.902420e-03
      5.9815e-01    8.903100e-03
      5.9820e-01    9.182303e-03
      5.9825e-01    9.571351e-03
      5.9830e-01    9.572077e-03
      5.9835e-01    9.851386e-03
      5.9840e-01    1.005445e-02
      5.9845e-01    1.014773e-02
      5.9850e-01    1.042405e-02
      5.9855e-01    1.080112e-02
      5.9860e-01    1.091378e-02
      5.9865e-01    1.118923e-02
      5.9870e-01    1.147487e-02
      5.9875e-01    1.175044e-02
      5.9880e-01    1.186323e-02
      5.9885e-01    1.193541e-02
      5.9890e-01    1.222130e-02
      5.9895e-01    1.249713e-02
      5.9900e-01    1.278318e-02
      5.9905e-01    1.305919e-02
      5.9910e-01    1.362028e-02
      5.9915e-01    1.362156e-02
      5.9920e-01    1.379595e-02
      5.9925e-01    1.435727e-02
      5.9930e-01    1.463358e-02
      5.9935e-01    1.454324e-02
      5.9940e-01    1.471776e-02
      5.9945e-01    1.499418e-02
      5.9950e-01    1.537253e-02
      5.9955e-01    1.548598e-02
      5.9960e-01    1.576255e-02
      5.9965e-01    1.614107e-02
      5.9970e-01    1.641764e-02
      5.9975e-01    1.690847e-02
      5.9980e-01    1.701197e-02
      5.9985e-01    1.718676e-02
      5.9990e-01    1.739226e-02
      5.9995e-01    1.784254e-02
      6.0000e-01    1.812968e-02
      6.0005e-01    1.820278e-02
      6.0010e-01    1.828604e-02
      6.0015e-01    1.856315e-02
      6.0020e-01    1.914628e-02
      6.0025e-01    1.953561e-02
      6.0030e-01    1.983324e-02
      6.0035e-01    2.019210e-02
      6.0040e-01    2.066326e-02
      6.0045e-01    2.103249e-02
      6.0050e-01    2.133052e-02
      6.0055e-01    2.159799e-02
      6.0060e-01    2.215156e-02
      6.0065e-01    2.245015e-02
      6.0070e-01    2.292242e-02
      6.0075e-01    2.349701e-02
      6.0080e-01    2.407192e-02
      6.0085e-01    2.476950e-02
      6.0090e-01    2.534465e-02
      6.0095e-01    2.593021e-02
      6.0100e-01    2.629105e-02
      6.0105e-01    2.657020e-02
      6.0110e-01    2.713557e-02
      6.0115e-01    2.760903e-02
      6.0120e-01    2.818495e-02
      6.0125e-01    2.875072e-02
      6.0130e-01    2.950067e-02
      6.0135e-01    3.006673e-02
      6.0140e-01    3.085798e-02
      6.0145e-01    3.188467e-02
      6.0150e-01    3.247172e-02
      6.0155e-01    3.297697e-02
      6.0160e-01    3.355412e-02
      6.0165e-01    3.402896e-02
      6.0170e-01    3.481098e-02
      6.0175e-01    3.594129e-02
      6.0180e-01    3.662147e-02
      6.0185e-01    3.764989e-02
      6.0190e-01    3.812552e-02
      6.0195e-01    3.916468e-02
      6.0200e-01    3.964061e-02
      6.0205e-01    4.060848e-02
      6.0210e-01    4.128961e-02
      6.0215e-01    4.215545e-02
      6.0220e-01    4.299066e-02
      6.0225e-01    4.356984e-02
      6.0230e-01    4.432356e-02
      6.0235e-01    4.517987e-02
      6.0240e-01    4.610817e-02
      6.0245e-01    4.695469e-02
      6.0250e-01    4.782183e-02
      6.0255e-01    4.841233e-02
      6.0260e-01    4.983384e-02
      6.0265e-01    5.070174e-02
      6.0270e-01    5.213408e-02
      6.0275e-01    5.292040e-02
      6.0280e-01    5.407633e-02
      6.0285e-01    5.492451e-02
      6.0290e-01    5.596809e-02
      6.0295e-01    5.721716e-02
      6.0300e-01    5.827150e-02
      6.0305e-01    5.948014e-02
      6.0310e-01    6.080201e-02
      6.0315e-01    6.249405e-02
      6.0320e-01    6.392956e-02
      6.0325e-01    6.517028e-02
      6.0330e-01    6.658600e-02
      6.0335e-01    6.828980e-02
      6.0340e-01    6.978845e-02
      6.0345e-01    7.128746e-02
      6.0350e-01    7.289987e-02
      6.0355e-01    7.488289e-02
      6.0360e-01    7.676355e-02
      6.0365e-01    7.845957e-02
      6.0370e-01    8.061874e-02
      6.0375e-01    8.261389e-02
      6.0380e-01    8.448616e-02
      6.0385e-01    8.657491e-02
      6.0390e-01    8.854067e-02
      6.0395e-01    9.063031e-02
      6.0400e-01    9.269997e-02
      6.0405e-01    9.495552e-02
      6.0410e-01    9.690264e-02
      6.0415e-01    9.887085e-02
      6.0420e-01    1.006027e-01
      6.0425e-01    1.033030e-01
      6.0430e-01    1.057878e-01
      6.0435e-01    1.080671e-01
      6.0440e-01    1.103469e-01
      6.0445e-01    1.128334e-01
      6.0450e-01    1.151147e-01
      6.0455e-01    1.177054e-01
      6.0460e-01    1.208122e-01
      6.0465e-01    1.236107e-01
      6.0470e-01    1.264087e-01
      6.0475e-01    1.284865e-01
      6.0480e-01    1.318026e-01
      6.0485e-01    1.350168e-01
      6.0490e-01    1.384372e-01
      6.0495e-01    1.421678e-01
      6.0500e-01    1.456938e-01
      6.0505e-01    1.479821e-01
      6.0510e-01    1.508897e-01
      6.0515e-01    1.541075e-01
      6.0520e-01    1.578435e-01
      6.0525e-01    1.616819e-01
      6.0530e-01    1.654196e-01
      6.0535e-01    1.691571e-01
      6.0540e-01    1.725858e-01
      6.0545e-01    1.765329e-01
      6.0550e-01    1.802729e-01
      6.0555e-01    1.847373e-01
      6.0560e-01    1.883762e-01
      6.0565e-01    1.927397e-01
      6.0570e-01    1.961736e-01
      6.0575e-01    2.002292e-01
      6.0580e-01    2.043887e-01
      6.0585e-01    2.092733e-01
      6.0590e-01    2.139520e-01
      6.0595e-01    2.192519e-01
      6.0600e-01    2.238300e-01
      6.0605e-01    2.290295e-01
      6.0610e-01    2.340230e-01
      6.0615e-01    2.391208e-01
      6.0620e-01    2.442210e-01
      6.0625e-01    2.487008e-01
      6.0630e-01    2.543209e-01
      6.0635e-01    2.591133e-01
      6.0640e-01    2.647361e-01
      6.0645e-01    2.698413e-01
      6.0650e-01    2.760875e-01
      6.0655e-01    2.817144e-01
      6.0660e-01    2.877562e-01
      6.0665e-01    2.936964e-01
      6.0670e-01    2.996380e-01
      6.0675e-01    3.052693e-01
      6.0680e-01    3.113182e-01
      6.0685e-01    3.176781e-01
      6.0690e-01    3.235213e-01
      6.0695e-01    3.298854e-01
      6.0700e-01    3.362499e-01
      6.0705e-01    3.431357e-01
      6.0710e-01    3.490883e-01
      6.0715e-01    3.558731e-01
      6.0720e-01    3.622453e-01
      6.0725e-01    3.682035e-01
      6.0730e-01    3.744741e-01
      6.0735e-01    3.805382e-01
      6.0740e-01    3.872258e-01
      6.0745e-01    3.939159e-01
      6.0750e-01    4.001918e-01
      6.0755e-01    4.064691e-01
      6.0760e-01    4.131638e-01
      6.0765e-01    4.185093e-01
      6.0770e-01    4.257266e-01
      6.0775e-01    4.327365e-01
      6.0780e-01    4.395412e-01
      6.0785e-01    4.462442e-01
      6.0790e-01    4.536752e-01
      6.0795e-01    4.606931e-01
      6.0800e-01    4.682324e-01
      6.0805e-01    4.755655e-01
      6.0810e-01    4.824841e-01
      6.0815e-01    4.900290e-01
      6.0820e-01    4.971592e-01
      6.0825e-01    5.047076e-01
      6.0830e-01    5.130897e-01
      6.0835e-01    5.204333e-01
      6.0840e-01    5.278834e-01
      6.0845e-01    5.354377e-01
      6.0850e-01    5.415387e-01
      6.0855e-01    5.473281e-01
      6.0860e-01    5.541599e-01
      6.0865e-01    5.610971e-01
      6.0870e-01    5.681407e-01
      6.0875e-01    5.751861e-01
      6.0880e-01    5.821284e-01
      6.0885e-01    5.901140e-01
      6.0890e-01    5.978941e-01
      6.0895e-01    6.054676e-01
      6.0900e-01    6.124171e-01
      6.0905e-01    6.183278e-01
      6.0910e-01    6.244478e-01
      6.0915e-01    6.310904e-01
      6.0920e-01    6.384643e-01
      6.0925e-01    6.455268e-01
      6.0930e-01    6.536326e-01
      6.0935e-01    6.616343e-01
      6.0940e-01    6.688031e-01
      6.0945e-01    6.763910e-01
      6.0950e-01    6.832504e-01
      6.0955e-01    6.890686e-01
      6.0960e-01    6.949920e-01
      6.0965e-01    7.010220e-01
      6.0970e-01    7.067405e-01
      6.0975e-01    7.130863e-01
      6.0980e-01    7.194335e-01
      6.0985e-01    7.259914e-01
      6.0990e-01    7.321328e-01
      6.0995e-01    7.385887e-01
      6.1000e-01    7.444201e-01
      6.1005e-01    7.506718e-01
      6.1010e-01    7.558801e-01
      6.1015e-01    7.616128e-01
      6.1020e-01    7.679720e-01
      6.1025e-01    7.729719e-01
      6.1030e-01    7.777607e-01
      6.1035e-01    7.851614e-01
      6.1040e-01    7.915179e-01
      6.1045e-01    7.967259e-01
      6.1050e-01    8.021458e-01
      6.1055e-01    8.062067e-01
      6.1060e-01    8.104780e-01
      6.1065e-01    8.168420e-01
      6.1070e-01    8.216384e-01
      6.1075e-01    8.272727e-01
      6.1080e-01    8.318620e-01
      6.1085e-01    8.364535e-01
      6.1090e-01    8.412544e-01
      6.1095e-01    8.457416e-01
      6.1100e-01    8.496034e-01
      6.1105e-01    8.531513e-01
      6.1110e-01    8.582705e-01
      6.1115e-01    8.620299e-01
      6.1120e-01    8.657898e-01
      6.1125e-01    8.691317e-01
      6.1130e-01    8.727868e-01
      6.1135e-01    8.772814e-01
      6.1140e-01    8.821956e-01
      6.1145e-01    8.851210e-01
      6.1150e-01    8.895144e-01
      6.1155e-01    8.931740e-01
      6.1160e-01    8.959973e-01
      6.1165e-01    8.994486e-01
      6.1170e-01    9.020635e-01
      6.1175e-01    9.041548e-01
      6.1180e-01    9.067697e-01
      6.1185e-01    9.093864e-01
      6.1190e-01    9.110594e-01
      6.1195e-01    9.122083e-01
      6.1200e-01    9.145110e-01
      6.1205e-01    9.170245e-01
      6.1210e-01    9.201689e-01
      6.1215e-01    9.215297e-01
      6.1220e-01    9.230991e-01
      6.1225e-01    9.234099e-01
      6.1230e-01    9.242454e-01
      6.1235e-01    9.249756e-01
      6.1240e-01    9.267571e-01
      6.1245e-01    9.283277e-01
      6.1250e-01    9.303203e-01
      6.1255e-01    9.315768e-01
      6.1260e-01    9.328337e-01
      6.1265e-01    9.352470e-01
      6.1270e-01    9.365058e-01
      6.1275e-01    9.376591e-01
      6.1280e-01    9.376561e-01
      6.1285e-01    9.389157e-01
      6.1290e-01    9.377572e-01
      6.1295e-01    9.397521e-01
      6.1300e-01    9.410113e-01
      6.1305e-01    9.434282e-01
      6.1310e-01    9.433216e-01
      6.1315e-01    9.441614e-01
      6.1320e-01    9.450006e-01
      6.1325e-01    9.458399e-01
      6.1330e-01    9.454168e-01
      6.1335e-01    9.468872e-01
      6.1340e-01    9.473058e-01
      6.1345e-01    9.479351e-01
      6.1350e-01    9.481444e-01
      6.1355e-01    9.498266e-01
      6.1360e-01    9.515092e-01
      6.1365e-01    9.526658e-01
      6.1370e-01    9.555069e-01
      6.1375e-01    9.555064e-01
      6.1380e-01    9.555047e-01
      6.1385e-01    9.555043e-01
      6.1390e-01    9.556088e-01
      6.1395e-01    9.563449e-01
      6.1400e-01    9.564495e-01
      6.1405e-01    9.567654e-01
      6.1410e-01    9.585557e-01
      6.1415e-01    9.571849e-01
      6.1420e-01    9.577096e-01
      6.1425e-01    9.569703e-01
      6.1430e-01    9.572852e-01
      6.1435e-01    9.570729e-01
      6.1440e-01    9.550677e-01
      6.1445e-01    9.539056e-01
      6.1450e-01    9.533767e-01
      6.1455e-01    9.529528e-01
      6.1460e-01    9.529501e-01
      6.1465e-01    9.522098e-01
      6.1470e-01    9.524182e-01
      6.1475e-01    9.516777e-01
      6.1480e-01    9.515698e-01
      6.1485e-01    9.507240e-01
      6.1490e-01    9.480819e-01
      6.1495e-01    9.478685e-01
      6.1500e-01    9.470220e-01
      6.1505e-01    9.470188e-01
      6.1510e-01    9.461719e-01
      6.1515e-01    9.455350e-01
      6.1520e-01    9.469054e-01
      6.1525e-01    9.462684e-01
      6.1530e-01    9.455261e-01
      6.1535e-01    9.445720e-01
      6.1540e-01    9.438282e-01
      6.1545e-01    9.429801e-01
      6.1550e-01    9.427656e-01
      6.1555e-01    9.412822e-01
      6.1560e-01    9.404324e-01
      6.1565e-01    9.400058e-01
      6.1570e-01    9.411654e-01
      6.1575e-01    9.408441e-01
      6.1580e-01    9.411580e-01
      6.1585e-01    9.404142e-01
      6.1590e-01    9.403045e-01
      6.1595e-01    9.398776e-01
      6.1600e-01    9.381806e-01
      6.1605e-01    9.373307e-01
      6.1610e-01    9.356331e-01
      6.1615e-01    9.346762e-01
      6.1620e-01    9.334018e-01
      6.1625e-01    9.328673e-01
      6.1630e-01    9.328632e-01
      6.1635e-01    9.328591e-01
      6.1640e-01    9.323243e-01
      6.1645e-01    9.295654e-01
      6.1650e-01    9.277598e-01
      6.1655e-01    9.253185e-01
      6.1660e-01    9.230877e-01
      6.1665e-01    9.223404e-01
      6.1670e-01    9.218040e-01
      6.1675e-01    9.206319e-01
      6.1680e-01    9.196718e-01
      6.1685e-01    9.204084e-01
      6.1690e-01    9.198714e-01
      6.1695e-01    9.201834e-01
      6.1700e-01    9.187993e-01
      6.1705e-01    9.188989e-01
      6.1710e-01    9.183615e-01
      6.1715e-01    9.164464e-01
      6.1720e-01    9.144240e-01
      6.1725e-01    9.147346e-01
      6.1730e-01    9.134546e-01
      6.1735e-01    9.149333e-01
      6.1740e-01    9.146088e-01
      6.1745e-01    9.149207e-01
      6.1750e-01    9.144893e-01
      6.1755e-01    9.146943e-01
      6.1760e-01    9.153245e-01
      6.1765e-01    9.149986e-01
      6.1770e-01    9.146737e-01
      6.1775e-01    9.139234e-01
      6.1780e-01    9.149779e-01
      6.1785e-01    9.139088e-01
      6.1790e-01    9.134765e-01
      6.1795e-01    9.151693e-01
      6.1800e-01    9.166499e-01
      6.1805e-01    9.178123e-01
      6.1810e-01    9.204636e-01
      6.1815e-01    9.213067e-01
      6.1820e-01    9.226827e-01
      6.1825e-01    9.227826e-01
      6.1830e-01    9.219261e-01
      6.1835e-01    9.221318e-01
      6.1840e-01    9.236141e-01
      6.1845e-01    9.228631e-01
      6.1850e-01    9.240267e-01
      6.1855e-01    9.257226e-01
      6.1860e-01    9.261415e-01
      6.1865e-01    9.270926e-01
      6.1870e-01    9.285772e-01
      6.1875e-01    9.284641e-01
      6.1880e-01    9.289893e-01
      6.1885e-01    9.290893e-01
      6.1890e-01    9.289771e-01
      6.1895e-01    9.290772e-01
      6.1900e-01    9.314143e-01
      6.1905e-01    9.308766e-01
      6.1910e-01    9.331081e-01
      6.1915e-01    9.337418e-01
      6.1920e-01    9.338428e-01
      6.1925e-01    9.351155e-01
      6.1930e-01    9.362823e-01
      6.1935e-01    9.363834e-01
      6.1940e-01    9.378699e-01
      6.1945e-01    9.383979e-01
      6.1950e-01    9.389248e-01
      6.1955e-01    9.409462e-01
      6.1960e-01    9.414733e-01
      6.1965e-01    9.436014e-01
      6.1970e-01    9.451954e-01
      6.1975e-01    9.459376e-01
      6.1980e-01    9.447585e-01
      6.1985e-01    9.473184e-01
      6.1990e-01    9.477350e-01
      6.1995e-01    9.488705e-01
      6.2000e-01    9.488232e-01
      6.2005e-01    9.505940e-01
      6.2010e-01    9.510851e-01
      6.2015e-01    9.525363e-01
      6.2020e-01    9.530274e-01
      6.2025e-01    9.540512e-01
      6.2030e-01    9.537948e-01
      6.2035e-01    9.541785e-01
      6.2040e-01    9.545633e-01
      6.2045e-01    9.549470e-01
      6.2050e-01    9.551168e-01
      6.2055e-01    9.561420e-01
      6.2060e-01    9.570598e-01
      6.2065e-01    9.584053e-01
      6.2070e-01    9.591093e-01
      6.2075e-01    9.598146e-01
      6.2080e-01    9.611600e-01
      6.2085e-01    9.607968e-01
      6.2090e-01    9.622464e-01
      6.2095e-01    9.630529e-01
      6.2100e-01    9.656751e-01
      6.2105e-01    9.664821e-01
      6.2110e-01    9.684645e-01
      6.2115e-01    9.696997e-01
      6.2120e-01    9.728577e-01
      6.2125e-01    9.734511e-01
      6.2130e-01    9.742585e-01
      6.2135e-01    9.752801e-01
      6.2140e-01    9.769428e-01
      6.2145e-01    9.773222e-01
      6.2150e-01    9.797339e-01
      6.2155e-01    9.808623e-01
      6.2160e-01    9.825255e-01
      6.2165e-01    9.849377e-01
      6.2170e-01    9.858522e-01
      6.2175e-01    9.860175e-01
      6.2180e-01    9.867191e-01
      6.2185e-01    9.892392e-01
      6.2190e-01    9.912255e-01
      6.2195e-01    9.940681e-01
      6.2200e-01    9.935944e-01
      6.2205e-01    9.961175e-01
      6.2210e-01    9.979969e-01
      6.2215e-01    9.992360e-01
      6.2220e-01    9.996180e-01
      6.2225e-01    1.000000e+00
      6.2230e-01    9.996336e-01
      6.2235e-01    9.995869e-01
      6.2240e-01    9.984708e-01
      6.2245e-01    9.975676e-01
      6.2250e-01    9.982714e-01
      6.2255e-01    9.984386e-01
      6.2260e-01    9.971075e-01
      6.2265e-01    9.968470e-01
      6.2270e-01    9.956220e-01
      6.2275e-01    9.943969e-01
      6.2280e-01    9.954214e-01
      6.2285e-01    9.943028e-01
      6.2290e-01    9.931851e-01
      6.2295e-01    9.928162e-01
      6.2300e-01    9.915904e-01
      6.2305e-01    9.911145e-01
      6.2310e-01    9.909608e-01
      6.2315e-01    9.908059e-01
      6.2320e-01    9.920437e-01
      6.2325e-01    9.916753e-01
      6.2330e-01    9.909844e-01
      6.2335e-01    9.913651e-01
      6.2340e-01    9.915311e-01
      6.2345e-01    9.900905e-01
      6.2350e-01    9.889698e-01
      6.2355e-01    9.873141e-01
      6.2360e-01    9.860860e-01
      6.2365e-01    9.848577e-01
      6.2370e-01    9.834158e-01
      6.2375e-01    9.828305e-01
      6.2380e-01    9.826764e-01
      6.2385e-01    9.813413e-01
      6.2390e-01    9.803291e-01
      6.2395e-01    9.803892e-01
      6.2400e-01    9.788403e-01
      6.2405e-01    9.782569e-01
      6.2410e-01    9.766005e-01
      6.2415e-01    9.749428e-01
      6.2420e-01    9.728563e-01
      6.2425e-01    9.703411e-01
      6.2430e-01    9.696486e-01
      6.2435e-01    9.690628e-01
      6.2440e-01    9.669752e-01
      6.2445e-01    9.649953e-01
      6.2450e-01    9.647318e-01
      6.2455e-01    9.639304e-01
      6.2460e-01    9.635599e-01
      6.2465e-01    9.626513e-01
      6.2470e-01    9.621725e-01
      6.2475e-01    9.601913e-01
      6.2480e-01    9.603558e-01
      6.2485e-01    9.593398e-01
      6.2490e-01    9.588604e-01
      6.2495e-01    9.590247e-01
      6.2500e-01    9.594052e-01
      6.2505e-01    9.606435e-01
      6.2510e-01    9.598419e-01
      6.2515e-01    9.589320e-01
      6.2520e-01    9.589892e-01
      6.2525e-01    9.593683e-01
      6.2530e-01    9.585663e-01
      6.2535e-01    9.579791e-01
      6.2540e-01    9.568535e-01
      6.2545e-01    9.573405e-01
      6.2550e-01    9.569668e-01
      6.2555e-01    9.560568e-01
      6.2560e-01    9.532115e-01
      6.2565e-01    9.521933e-01
      6.2570e-01    9.511754e-01
      6.2575e-01    9.497276e-01
      6.2580e-01    9.484963e-01
      6.2585e-01    9.482306e-01
      6.2590e-01    9.481815e-01
      6.2595e-01    9.464114e-01
      6.2600e-01    9.443186e-01
      6.2605e-01    9.427630e-01
      6.2610e-01    9.414224e-01
      6.2615e-01    9.394357e-01
      6.2620e-01    9.382030e-01
      6.2625e-01    9.362158e-01
      6.2630e-01    9.335834e-01
      6.2635e-01    9.325641e-01
      6.2640e-01    9.321896e-01
      6.2645e-01    9.309558e-01
      6.2650e-01    9.293982e-01
      6.2655e-01    9.270869e-01
      6.2660e-01    9.256358e-01
      6.2665e-01    9.245082e-01
      6.2670e-01    9.227340e-01
      6.2675e-01    9.216059e-01
      6.2680e-01    9.204764e-01
      6.2685e-01    9.191323e-01
      6.2690e-01    9.175725e-01
      6.2695e-01    9.161197e-01
      6.2700e-01    9.150978e-01
      6.2705e-01    9.133230e-01
      6.2710e-01    9.121924e-01
      6.2715e-01    9.114927e-01
      6.2720e-01    9.105785e-01
      6.2725e-01    9.093401e-01
      6.2730e-01    9.084244e-01
      6.2735e-01    9.086938e-01
      6.2740e-01    9.085318e-01
      6.2745e-01    9.068626e-01
      6.2750e-01    9.049776e-01
      6.2755e-01    9.052468e-01
      6.2760e-01    9.051922e-01
      6.2765e-01    9.046004e-01
      6.2770e-01    9.043317e-01
      6.2775e-01    9.042777e-01
      6.2780e-01    9.045480e-01
      6.2785e-01    9.058960e-01
      6.2790e-01    9.070284e-01
      6.2795e-01    9.061128e-01
      6.2800e-01    9.053055e-01
      6.2805e-01    9.060061e-01
      6.2810e-01    9.068153e-01
      6.2815e-01    9.066540e-01
      6.2820e-01    9.058463e-01
      6.2825e-01    9.051457e-01
      6.2830e-01    9.066025e-01
      6.2835e-01    9.057934e-01
      6.2840e-01    9.067112e-01
      6.2845e-01    9.074120e-01
      6.2850e-01    9.073589e-01
      6.2855e-01    9.078439e-01
      6.2860e-01    9.066038e-01
      6.2865e-01    9.069826e-01
      6.2870e-01    9.074676e-01
      6.2875e-01    9.082773e-01
      6.2880e-01    9.089785e-01
      6.2885e-01    9.096809e-01
      6.2890e-01    9.093033e-01
      6.2895e-01    9.098971e-01
      6.2900e-01    9.098441e-01
      6.2905e-01    9.105454e-01
      6.2910e-01    9.097367e-01
      6.2915e-01    9.110863e-01
      6.2920e-01    9.112478e-01
      6.2925e-01    9.113007e-01
      6.2930e-01    9.125411e-01
      6.2935e-01    9.124849e-01
      6.2940e-01    9.126467e-01
      6.2945e-01    9.127011e-01
      6.2950e-01    9.128649e-01
      6.2955e-01    9.146510e-01
      6.2960e-01    9.153617e-01
      6.2965e-01    9.153178e-01
      6.2970e-01    9.167897e-01
      6.2975e-01    9.172897e-01
      6.2980e-01    9.189797e-01
      6.2985e-01    9.196990e-01
      6.2990e-01    9.213899e-01
      6.2995e-01    9.218914e-01
      6.3000e-01    9.216365e-01
      6.3005e-01    9.228928e-01
      6.3010e-01    9.233938e-01
      6.3015e-01    9.246498e-01
      6.3020e-01    9.261227e-01
      6.3025e-01    9.262969e-01
      6.3030e-01    9.267965e-01
      6.3035e-01    9.264309e-01
      6.3040e-01    9.282284e-01
      6.3045e-01    9.281907e-01
      6.3050e-01    9.283703e-01
      6.3055e-01    9.289853e-01
      6.3060e-01    9.296028e-01
      6.3065e-01    9.306554e-01
      6.3070e-01    9.303027e-01
      6.3075e-01    9.300600e-01
      6.3080e-01    9.316573e-01
      6.3085e-01    9.329297e-01
      6.3090e-01    9.346354e-01
      6.3095e-01    9.356922e-01
      6.3100e-01    9.362059e-01
      6.3105e-01    9.366124e-01
      6.3110e-01    9.372346e-01
      6.3115e-01    9.382891e-01
      6.3120e-01    9.370708e-01
      6.3125e-01    9.382344e-01
      6.3130e-01    9.393982e-01
      6.3135e-01    9.408879e-01
      6.3140e-01    9.411848e-01
      6.3145e-01    9.411581e-01
      6.3150e-01    9.415640e-01
      6.3155e-01    9.427284e-01
      6.3160e-01    9.434603e-01
      6.3165e-01    9.434326e-01
      6.3170e-01    9.425394e-01
      6.3175e-01    9.420787e-01
      6.3180e-01    9.424847e-01
      6.3185e-01    9.426737e-01
      6.3190e-01    9.436217e-01
      6.3195e-01    9.442448e-01
      6.3200e-01    9.451943e-01
      6.3205e-01    9.451664e-01
      6.3210e-01    9.454647e-01
      6.3215e-01    9.450037e-01
      6.3220e-01    9.458441e-01
      6.3225e-01    9.467927e-01
      6.3230e-01    9.476335e-01
      6.3235e-01    9.476057e-01
      6.3240e-01    9.470368e-01
      6.3245e-01    9.463587e-01
      6.3250e-01    9.467656e-01
      6.3255e-01    9.474991e-01
      6.3260e-01    9.483408e-01
      6.3265e-01    9.477709e-01
      6.3270e-01    9.467675e-01
      6.3275e-01    9.458732e-01
      6.3280e-01    9.446521e-01
      6.3285e-01    9.446245e-01
      6.3290e-01    9.417756e-01
      6.3295e-01    9.410965e-01
      6.3300e-01    9.408522e-01
      6.3305e-01    9.395207e-01
      6.3310e-01    9.385157e-01
      6.3315e-01    9.384885e-01
      6.3320e-01    9.372657e-01
      6.3325e-01    9.363696e-01
      6.3330e-01    9.352544e-01
      6.3335e-01    9.335969e-01
      6.3340e-01    9.320472e-01
      6.3345e-01    9.311487e-01
      6.3350e-01    9.293807e-01
      6.3355e-01    9.287004e-01
      6.3360e-01    9.282364e-01
      6.3365e-01    9.267933e-01
      6.3370e-01    9.273079e-01
      6.3375e-01    9.243417e-01
      6.3380e-01    9.222458e-01
      6.3385e-01    9.203674e-01
      6.3390e-01    9.185969e-01
      6.3395e-01    9.160656e-01
      6.3400e-01    9.144027e-01
      6.3405e-01    9.114350e-01
      6.3410e-01    9.085749e-01
      6.3415e-01    9.069119e-01
      6.3420e-01    9.042688e-01
      6.3425e-01    9.009728e-01
      6.3430e-01    8.988731e-01
      6.3435e-01    8.961194e-01
      6.3440e-01    8.921684e-01
      6.3445e-01    8.897415e-01
      6.3450e-01    8.863340e-01
      6.3455e-01    8.835800e-01
      6.3460e-01    8.799536e-01
      6.3465e-01    8.768722e-01
      6.3470e-01    8.729181e-01
      6.3475e-01    8.699439e-01
      6.3480e-01    8.667511e-01
      6.3485e-01    8.639927e-01
      6.3490e-01    8.605818e-01
      6.3495e-01    8.566243e-01
      6.3500e-01    8.540824e-01
      6.3505e-01    8.519765e-01
      6.3510e-01    8.483452e-01
      6.3515e-01    8.438404e-01
      6.3520e-01    8.412966e-01
      6.3525e-01    8.371182e-01
      6.3530e-01    8.328292e-01
      6.3535e-01    8.295199e-01
      6.3540e-01    8.258841e-01
      6.3545e-01    8.218097e-01
      6.3550e-01    8.189359e-01
      6.3555e-01    8.140974e-01
      6.3560e-01    8.104574e-01
      6.3565e-01    8.059443e-01
      6.3570e-01    8.029583e-01
      6.3575e-01    7.985537e-01
      6.3580e-01    7.937114e-01
      6.3585e-01    7.898497e-01
      6.3590e-01    7.850058e-01
      6.3595e-01    7.805981e-01
      6.3600e-01    7.760798e-01
      6.3605e-01    7.709062e-01
      6.3610e-01    7.672593e-01
      6.3615e-01    7.628484e-01
      6.3620e-01    7.579997e-01
      6.3625e-01    7.531502e-01
      6.3630e-01    7.472080e-01
      6.3635e-01    7.424659e-01
      6.3640e-01    7.371783e-01
      6.3645e-01    7.325437e-01
      6.3650e-01    7.267084e-01
      6.3655e-01    7.218546e-01
      6.3660e-01    7.160162e-01
      6.3665e-01    7.087563e-01
      6.3670e-01    7.031356e-01
      6.3675e-01    6.967474e-01
      6.3680e-01    6.909046e-01
      6.3685e-01    6.853897e-01
      6.3690e-01    6.785617e-01
      6.3695e-01    6.723880e-01
      6.3700e-01    6.644643e-01
      6.3705e-01    6.575227e-01
      6.3710e-01    6.518925e-01
      6.3715e-01    6.457157e-01
      6.3720e-01    6.394264e-01
      6.3725e-01    6.312773e-01
      6.3730e-01    6.244397e-01
      6.3735e-01    6.171626e-01
      6.3740e-01    6.106502e-01
      6.3745e-01    6.039188e-01
      6.3750e-01    5.972940e-01
      6.3755e-01    5.906692e-01
      6.3760e-01    5.827297e-01
      6.3765e-01    5.762116e-01
      6.3770e-01    5.692540e-01
      6.3775e-01    5.617479e-01
      6.3780e-01    5.558840e-01
      6.3785e-01    5.501281e-01
      6.3790e-01    5.431659e-01
      6.3795e-01    5.360935e-01
      6.3800e-01    5.281438e-01
      6.3805e-01    5.223836e-01
      6.3810e-01    5.158553e-01
      6.3815e-01    5.082303e-01
      6.3820e-01    5.007131e-01
      6.3825e-01    4.944008e-01
      6.3830e-01    4.876486e-01
      6.3835e-01    4.812238e-01
      6.3840e-01    4.747992e-01
      6.3845e-01    4.681528e-01
      6.3850e-01    4.621637e-01
      6.3855e-01    4.552968e-01
      6.3860e-01    4.478805e-01
      6.3865e-01    4.402433e-01
      6.3870e-01    4.335923e-01
      6.3875e-01    4.269389e-01
      6.3880e-01    4.209432e-01
      6.3885e-01    4.148372e-01
      6.3890e-01    4.078517e-01
      6.3895e-01    4.019632e-01
      6.3900e-01    3.958528e-01
      6.3905e-01    3.898520e-01
      6.3910e-01    3.839607e-01
      6.3915e-01    3.777380e-01
      6.3920e-01    3.720626e-01
      6.3925e-01    3.657274e-01
      6.3930e-01    3.590602e-01
      6.3935e-01    3.540395e-01
      6.3940e-01    3.482491e-01
      6.3945e-01    3.434453e-01
      6.3950e-01    3.378733e-01
      6.3955e-01    3.319700e-01
      6.3960e-01    3.266161e-01
      6.3965e-01    3.211507e-01
      6.3970e-01    3.163430e-01
      6.3975e-01    3.107666e-01
      6.3980e-01    3.051881e-01
      6.3985e-01    2.997192e-01
      6.3990e-01    2.945789e-01
      6.3995e-01    2.888895e-01
      6.4000e-01    2.838569e-01
      6.4005e-01    2.787145e-01
      6.4010e-01    2.746719e-01
      6.4015e-01    2.693069e-01
      6.4020e-01    2.648192e-01
      6.4025e-01    2.592282e-01
      6.4030e-01    2.541859e-01
      6.4035e-01    2.500220e-01
      6.4040e-01    2.449773e-01
      6.4045e-01    2.394936e-01
      6.4050e-01    2.343389e-01
      6.4055e-01    2.303941e-01
      6.4060e-01    2.261179e-01
      6.4065e-01    2.219519e-01
      6.4070e-01    2.177854e-01
      6.4075e-01    2.144982e-01
      6.4080e-01    2.109903e-01
      6.4085e-01    2.069320e-01
      6.4090e-01    2.026541e-01
      6.4095e-01    1.995855e-01
      6.4100e-01    1.961855e-01
      6.4105e-01    1.925660e-01
      6.4110e-01    1.887257e-01
      6.4115e-01    1.854352e-01
      6.4120e-01    1.821443e-01
      6.4125e-01    1.799535e-01
      6.4130e-01    1.769918e-01
      6.4135e-01    1.736997e-01
      6.4140e-01    1.707373e-01
      6.4145e-01    1.677757e-01
      6.4150e-01    1.651427e-01
      6.4155e-01    1.617395e-01
      6.4160e-01    1.582252e-01
      6.4165e-01    1.552610e-01
      6.4170e-01    1.521869e-01
      6.4175e-01    1.488919e-01
      6.4180e-01    1.459266e-01
      6.4185e-01    1.439528e-01
      6.4190e-01    1.416474e-01
      6.4195e-01    1.384619e-01
      6.4200e-01    1.357159e-01
      6.4205e-01    1.329696e-01
      6.4210e-01    1.304436e-01
      6.4215e-01    1.281367e-01
      6.4220e-01    1.252798e-01
      6.4225e-01    1.231930e-01
      6.4230e-01    1.207756e-01
      6.4235e-01    1.186892e-01
      6.4240e-01    1.164919e-01
      6.4245e-01    1.149556e-01
      6.4250e-01    1.126476e-01
      6.4255e-01    1.106700e-01
      6.4260e-01    1.087252e-01
      6.4265e-01    1.067472e-01
      6.4270e-01    1.051217e-01
      6.4275e-01    1.030660e-01
      6.4280e-01    1.013960e-01
      6.4285e-01    9.945028e-02
      6.4290e-01    9.749308e-02
      6.4295e-01    9.587772e-02
      6.4300e-01    9.462597e-02
      6.4305e-01    9.185205e-02
      6.4310e-01    9.029111e-02
      6.4315e-01    8.859771e-02
      6.4320e-01    8.721284e-02
      6.4325e-01    8.533149e-02
      6.4330e-01    8.399045e-02
      6.4335e-01    8.256102e-02
      6.4340e-01    8.144034e-02
      6.4345e-01    7.969066e-02
      6.4350e-01    7.847032e-02
      6.4355e-01    7.768040e-02
      6.4360e-01    7.628326e-02
      6.4365e-01    7.486387e-02
      6.4370e-01    7.407348e-02
      6.4375e-01    7.287468e-02
      6.4380e-01    7.188540e-02
      6.4385e-01    7.199997e-02
      6.4390e-01    7.075663e-02
      6.4395e-01    6.999887e-02
      6.4400e-01    6.913061e-02
      6.4405e-01    6.789800e-02
      6.4410e-01    6.667613e-02
      6.4415e-01    6.587387e-02
      6.4420e-01    6.488373e-02
      6.4425e-01    6.431317e-02
      6.4430e-01    6.332284e-02
      6.4435e-01    6.240974e-02
      6.4440e-01    6.172847e-02
      6.4445e-01    6.159948e-02
      6.4450e-01    6.045417e-02
      6.4455e-01    5.972842e-02
      6.4460e-01    5.924581e-02
      6.4465e-01    5.826578e-02
      6.4470e-01    5.723050e-02
      6.4475e-01    5.647125e-02
      6.4480e-01    5.528096e-02
      6.4485e-01    5.489733e-02
      6.4490e-01    5.412679e-02
      6.4495e-01    5.346669e-02
      6.4500e-01    5.267384e-02
      6.4505e-01    5.210198e-02
      6.4510e-01    5.119838e-02
      6.4515e-01    5.018424e-02
      6.4520e-01    4.904817e-02
      6.4525e-01    4.767993e-02
      6.4530e-01    4.712976e-02
      6.4535e-01    4.677855e-02
      6.4540e-01    4.550941e-02
      6.4545e-01    4.416267e-02
      6.4550e-01    4.323618e-02
      6.4555e-01    4.234262e-02
      6.4560e-01    4.155970e-02
      6.4565e-01    4.086517e-02
      6.4570e-01    4.019259e-02
      6.4575e-01    3.907750e-02
      6.4580e-01    3.852652e-02
      6.4585e-01    3.741108e-02
      6.4590e-01    3.663863e-02
      6.4595e-01    3.584405e-02
      6.4600e-01    3.517096e-02
      6.4605e-01    3.484095e-02
      6.4610e-01    3.471011e-02
      6.4615e-01    3.369386e-02
      6.4620e-01    3.314231e-02
      6.4625e-01    3.312205e-02
      6.4630e-01    3.290254e-02
      6.4635e-01    3.211828e-02
      6.4640e-01    3.176591e-02
      6.4645e-01    3.109223e-02
      6.4650e-01    3.052932e-02
      6.4655e-01    3.027639e-02
      6.4660e-01    2.960251e-02
      6.4665e-01    2.934950e-02
      6.4670e-01    2.867561e-02
      6.4675e-01    2.866611e-02
      6.4680e-01    2.843519e-02
      6.4685e-01    2.796051e-02
      6.4690e-01    2.706469e-02
      6.4695e-01    2.693328e-02
      6.4700e-01    2.625902e-02
      6.4705e-01    2.591709e-02
      6.4710e-01    2.536454e-02
      6.4715e-01    2.556545e-02
      6.4720e-01    2.502385e-02
      6.4725e-01    2.534676e-02
      6.4730e-01    2.521520e-02
      6.4735e-01    2.467348e-02
      6.4740e-01    2.466387e-02
      6.4745e-01    2.424407e-02
      6.4750e-01    2.424548e-02
      6.4755e-01    2.422468e-02
      6.4760e-01    2.410416e-02
      6.4765e-01    2.377291e-02
      6.4770e-01    2.331957e-02
      6.4775e-01    2.252245e-02
      6.4780e-01    2.250166e-02
      6.4785e-01    2.229218e-02
      6.4790e-01    2.217150e-02
      6.4795e-01    2.162922e-02
      6.4800e-01    2.149732e-02
      6.4805e-01    2.050016e-02
      6.4810e-01    2.007979e-02
      6.4815e-01    2.040273e-02
      6.4820e-01    1.982693e-02
      6.4825e-01    1.982806e-02
      6.4830e-01    1.982919e-02
      6.4835e-01    1.918672e-02
      6.4840e-01    1.886594e-02
      6.4845e-01    1.834538e-02
      6.4850e-01    1.859062e-02
      6.4855e-01    1.826975e-02
      6.4860e-01    1.794896e-02
      6.4865e-01    1.709520e-02
      6.4870e-01    1.697411e-02
      6.4875e-01    1.675304e-02
      6.4880e-01    1.643197e-02
      6.4885e-01    1.619978e-02
      6.4890e-01    1.607849e-02
      6.4895e-01    1.521328e-02
      6.4900e-01    1.489205e-02
      6.4905e-01    1.423772e-02
      6.4910e-01    1.357215e-02
      6.4915e-01    1.315088e-02
      6.4920e-01    1.272943e-02
      6.4925e-01    1.281912e-02
      6.4930e-01    1.182000e-02
      6.4935e-01    1.173179e-02
      6.4940e-01    1.161025e-02
      6.4945e-01    1.135536e-02
      6.4950e-01    1.035930e-02
      6.4955e-01    9.918732e-03
      6.4960e-01    9.919298e-03
      6.4965e-01    9.835406e-03
      6.4970e-01    9.394735e-03
      6.4975e-01    9.395270e-03
      6.4980e-01    9.192409e-03
      6.4985e-01    9.192812e-03
      6.4990e-01    9.074018e-03
      6.4995e-01    8.837284e-03
      6.5000e-01    8.718400e-03
      6.5005e-01    8.837467e-03
      6.5010e-01    9.176641e-03
      6.5015e-01    8.938867e-03
      6.5020e-01    8.854508e-03
      6.5025e-01    9.109212e-03
      6.5030e-01    9.347236e-03
      6.5035e-01    9.465215e-03
      6.5040e-01    9.380846e-03
      6.5045e-01    9.143067e-03
      6.5050e-01    9.381104e-03
      6.5055e-01    9.381234e-03
      6.5060e-01    9.161229e-03
      6.5065e-01    8.822252e-03
      6.5070e-01    8.940223e-03
      6.5075e-01    8.839178e-03
      6.5080e-01    8.839288e-03
      6.5085e-01    8.856027e-03
      6.5090e-01    8.397959e-03
      6.5095e-01    8.177823e-03
      6.5100e-01    7.719748e-03
      6.5105e-01    7.481842e-03
      6.5110e-01    7.362896e-03
      6.5115e-01    7.023797e-03
      6.5120e-01    6.904849e-03
      6.5125e-01    6.684721e-03
      6.5130e-01    6.226641e-03
      6.5135e-01    6.226664e-03
      6.5140e-01    6.226688e-03
      6.5145e-01    6.226711e-03
      6.5150e-01    5.480643e-03
      6.5155e-01    5.361685e-03
      6.5160e-01    4.817969e-03
      6.5165e-01    4.360989e-03
      6.5170e-01    4.581166e-03
      6.5175e-01    5.039303e-03
      6.5180e-01    5.039322e-03
      6.5185e-01    5.361805e-03
      6.5190e-01    5.361825e-03
      6.5195e-01    5.123882e-03
      6.5200e-01    5.004919e-03
      6.5205e-01    4.801451e-03
      6.5210e-01    4.920452e-03
      6.5215e-01    4.581319e-03
      6.5220e-01    4.343369e-03
      6.5225e-01    4.224413e-03
      6.5230e-01    4.513544e-03
      6.5235e-01    4.733732e-03
      6.5240e-01    5.056228e-03
      6.5245e-01    5.056246e-03
      6.5250e-01    4.955066e-03
      6.5255e-01    4.292335e-03
      6.5260e-01    4.292351e-03
      6.5265e-01    4.088871e-03
      6.5270e-01    3.885390e-03
      6.5275e-01    4.123369e-03
      6.5280e-01    3.784215e-03
      6.5285e-01    4.106714e-03
      6.5290e-01    3.868759e-03
      6.5295e-01    3.630791e-03
      6.5300e-01    3.630802e-03
      6.5305e-01    3.749804e-03
      6.5310e-01    3.971105e-03
      6.5315e-01    3.868819e-03
      6.5320e-01    3.546336e-03
      6.5325e-01    3.037016e-03
      6.5330e-01    2.919153e-03
      6.5335e-01    3.240552e-03
      6.5340e-01    2.952533e-03
      6.5345e-01    2.613361e-03
      6.5350e-01    2.613369e-03
      6.5355e-01    2.375388e-03
      6.5360e-01    2.375395e-03
      6.5365e-01    2.138532e-03
      6.5370e-01    2.477725e-03
      6.5375e-01    2.596730e-03
      6.5380e-01    2.714617e-03
      6.5385e-01    2.596750e-03
      6.5390e-01    2.375447e-03
      6.5395e-01    2.138580e-03
      6.5400e-01    2.342103e-03
      6.5405e-01    2.630155e-03
      6.5410e-01    2.342121e-03
      6.5415e-01    2.342130e-03
      6.5420e-01    2.749186e-03
      6.5425e-01    2.342148e-03
      6.5430e-01    2.342157e-03
      6.5435e-01    2.461168e-03
      6.5440e-01    2.698062e-03
      6.5445e-01    2.698072e-03
      6.5450e-01    2.477879e-03
      6.5455e-01    2.274366e-03
      6.5460e-01    1.866208e-03
      6.5465e-01    1.459167e-03
      6.5470e-01    1.255647e-03
      6.5475e-01    1.374645e-03
      6.5480e-01    1.255657e-03
      6.5485e-01    1.255661e-03
      6.5490e-01    1.255666e-03
      6.5495e-01    0.000000e+00
      6.5500e-01    0.000000e+00
      6.5505e-01    1.408042e-03
      6.5510e-01    1.612698e-03
