#  wavelength_um     transmission
#
      5.4175e-01    1.132229e-03
      5.4180e-01    1.867656e-03
      5.4185e-01    1.584899e-03
      5.4190e-01    1.302138e-03
      5.4195e-01    1.019362e-03
      5.4200e-01    1.302419e-03
      5.4205e-01    1.302614e-03
      5.4210e-01    1.585818e-03
      5.4215e-01    1.869072e-03
      5.4220e-01    1.586204e-03
      5.4225e-01    1.303258e-03
      5.4230e-01    1.303386e-03
      5.4235e-01    1.303509e-03
      5.4240e-01    1.303628e-03
      5.4245e-01    1.303727e-03
      5.4250e-01    1.587036e-03
      5.4255e-01    1.587106e-03
      5.4260e-01    0.000000e+00
      5.4265e-01    0.000000e+00
      5.4270e-01    1.134014e-03
      5.4275e-01    1.417335e-03
      5.4280e-01    1.134102e-03
      5.4285e-01    0.000000e+00
      5.4290e-01    0.000000e+00
      5.4295e-01    0.000000e+00
      5.4300e-01    0.000000e+00
      5.4305e-01    0.000000e+00
      5.4310e-01    1.134822e-03
      5.4315e-01    1.134964e-03
      5.4320e-01    1.135094e-03
      5.4325e-01    0.000000e+00
      5.4330e-01    0.000000e+00
      5.4335e-01    0.000000e+00
      5.4340e-01    0.000000e+00
      5.4345e-01    0.000000e+00
      5.4350e-01    0.000000e+00
      5.4355e-01    0.000000e+00
      5.4360e-01    0.000000e+00
      5.4365e-01    0.000000e+00
      5.4370e-01    0.000000e+00
      5.4375e-01    0.000000e+00
      5.4380e-01    0.000000e+00
      5.4385e-01    0.000000e+00
      5.4390e-01    0.000000e+00
      5.4395e-01    0.000000e+00
      5.4400e-01    0.000000e+00
      5.4405e-01    0.000000e+00
      5.4410e-01    0.000000e+00
      5.4415e-01    0.000000e+00
      5.4420e-01    0.000000e+00
      5.4425e-01    0.000000e+00
      5.4430e-01    0.000000e+00
      5.4435e-01    0.000000e+00
      5.4440e-01    0.000000e+00
      5.4445e-01    0.000000e+00
      5.4450e-01    0.000000e+00
      5.4455e-01    0.000000e+00
      5.4460e-01    0.000000e+00
      5.4465e-01    0.000000e+00
      5.4470e-01    0.000000e+00
      5.4475e-01    0.000000e+00
      5.4480e-01    0.000000e+00
      5.4485e-01    0.000000e+00
      5.4490e-01    0.000000e+00
      5.4495e-01    0.000000e+00
      5.4500e-01    0.000000e+00
      5.4505e-01    0.000000e+00
      5.4510e-01    0.000000e+00
      5.4515e-01    0.000000e+00
      5.4520e-01    0.000000e+00
      5.4525e-01    0.000000e+00
      5.4530e-01    0.000000e+00
      5.4535e-01    0.000000e+00
      5.4540e-01    0.000000e+00
      5.4545e-01    0.000000e+00
      5.4550e-01    0.000000e+00
      5.4555e-01    0.000000e+00
      5.4560e-01    0.000000e+00
      5.4565e-01    0.000000e+00
      5.4570e-01    0.000000e+00
      5.4575e-01    0.000000e+00
      5.4580e-01    0.000000e+00
      5.4585e-01    0.000000e+00
      5.4590e-01    0.000000e+00
      5.4595e-01    0.000000e+00
      5.4600e-01    0.000000e+00
      5.4605e-01    0.000000e+00
      5.4610e-01    0.000000e+00
      5.4615e-01    0.000000e+00
      5.4620e-01    0.000000e+00
      5.4625e-01    0.000000e+00
      5.4630e-01    0.000000e+00
      5.4635e-01    0.000000e+00
      5.4640e-01    0.000000e+00
      5.4645e-01    0.000000e+00
      5.4650e-01    0.000000e+00
      5.4655e-01    0.000000e+00
      5.4660e-01    0.000000e+00
      5.4665e-01    0.000000e+00
      5.4670e-01    0.000000e+00
      5.4675e-01    0.000000e+00
      5.4680e-01    0.000000e+00
      5.4685e-01    0.000000e+00
      5.4690e-01    1.027656e-03
      5.4695e-01    0.000000e+00
      5.4700e-01    0.000000e+00
      5.4705e-01    0.000000e+00
      5.4710e-01    0.000000e+00
      5.4715e-01    0.000000e+00
      5.4720e-01    0.000000e+00
      5.4725e-01    0.000000e+00
      5.4730e-01    0.000000e+00
      5.4735e-01    0.000000e+00
      5.4740e-01    0.000000e+00
      5.4745e-01    0.000000e+00
      5.4750e-01    0.000000e+00
      5.4755e-01    0.000000e+00
      5.4760e-01    0.000000e+00
      5.4765e-01    0.000000e+00
      5.4770e-01    0.000000e+00
      5.4775e-01    0.000000e+00
      5.4780e-01    1.143425e-03
      5.4785e-01    1.429156e-03
      5.4790e-01    0.000000e+00
      5.4795e-01    1.429406e-03
      5.4800e-01    1.715278e-03
      5.4805e-01    1.143953e-03
      5.4810e-01    1.429857e-03
      5.4815e-01    1.715815e-03
      5.4820e-01    1.430141e-03
      5.4825e-01    1.430278e-03
      5.4830e-01    1.144511e-03
      5.4835e-01    1.430523e-03
      5.4840e-01    1.144694e-03
      5.4845e-01    0.000000e+00
      5.4850e-01    0.000000e+00
      5.4855e-01    0.000000e+00
      5.4860e-01    0.000000e+00
      5.4865e-01    0.000000e+00
      5.4870e-01    0.000000e+00
      5.4875e-01    0.000000e+00
      5.4880e-01    0.000000e+00
      5.4885e-01    0.000000e+00
      5.4890e-01    0.000000e+00
      5.4895e-01    0.000000e+00
      5.4900e-01    0.000000e+00
      5.4905e-01    0.000000e+00
      5.4910e-01    0.000000e+00
      5.4915e-01    0.000000e+00
      5.4920e-01    0.000000e+00
      5.4925e-01    0.000000e+00
      5.4930e-01    0.000000e+00
      5.4935e-01    0.000000e+00
      5.4940e-01    0.000000e+00
      5.4945e-01    0.000000e+00
      5.4950e-01    0.000000e+00
      5.4955e-01    0.000000e+00
      5.4960e-01    1.146858e-03
      5.4965e-01    1.719937e-03
      5.4970e-01    2.293096e-03
      5.4975e-01    2.867284e-03
      5.4980e-01    3.440616e-03
      5.4985e-01    3.440877e-03
      5.4990e-01    3.154546e-03
      5.4995e-01    2.868182e-03
      5.5000e-01    2.868440e-03
      5.5005e-01    3.155397e-03
      5.5010e-01    3.442418e-03
      5.5015e-01    3.729493e-03
      5.5020e-01    3.443076e-03
      5.5025e-01    3.443381e-03
      5.5030e-01    2.870039e-03
      5.5035e-01    2.583430e-03
      5.5040e-01    2.295822e-03
      5.5045e-01    2.353375e-03
      5.5050e-01    2.066642e-03
      5.5055e-01    2.124170e-03
      5.5060e-01    2.181715e-03
      5.5065e-01    1.894905e-03
      5.5070e-01    1.895040e-03
      5.5075e-01    1.091560e-03
      5.5080e-01    0.000000e+00
      5.5085e-01    0.000000e+00
      5.5090e-01    0.000000e+00
      5.5095e-01    0.000000e+00
      5.5100e-01    0.000000e+00
      5.5105e-01    0.000000e+00
      5.5110e-01    0.000000e+00
      5.5115e-01    0.000000e+00
      5.5120e-01    0.000000e+00
      5.5125e-01    0.000000e+00
      5.5130e-01    1.035152e-03
      5.5135e-01    0.000000e+00
      5.5140e-01    0.000000e+00
      5.5145e-01    0.000000e+00
      5.5150e-01    0.000000e+00
      5.5155e-01    0.000000e+00
      5.5160e-01    1.150576e-03
      5.5165e-01    1.150659e-03
      5.5170e-01    1.495692e-03
      5.5175e-01    2.300722e-03
      5.5180e-01    2.300899e-03
      5.5185e-01    2.301080e-03
      5.5190e-01    2.647263e-03
      5.5195e-01    2.301465e-03
      5.5200e-01    2.992841e-03
      5.5205e-01    2.993119e-03
      5.5210e-01    2.187050e-03
      5.5215e-01    2.533390e-03
      5.5220e-01    2.533611e-03
      5.5225e-01    2.533824e-03
      5.5230e-01    2.879328e-03
      5.5235e-01    2.534229e-03
      5.5240e-01    2.188141e-03
      5.5245e-01    2.188306e-03
      5.5250e-01    2.649937e-03
      5.5255e-01    1.843200e-03
      5.5260e-01    1.785765e-03
      5.5265e-01    2.073792e-03
      5.5270e-01    2.073946e-03
      5.5275e-01    2.362042e-03
      5.5280e-01    2.016666e-03
      5.5285e-01    2.304810e-03
      5.5290e-01    2.304999e-03
      5.5295e-01    2.594178e-03
      5.5300e-01    2.594408e-03
      5.5305e-01    2.882730e-03
      5.5310e-01    2.825367e-03
      5.5315e-01    3.920540e-03
      5.5320e-01    4.671046e-03
      5.5325e-01    4.325610e-03
      5.5330e-01    3.806243e-03
      5.5335e-01    3.806548e-03
      5.5340e-01    4.269004e-03
      5.5345e-01    4.269335e-03
      5.5350e-01    5.019238e-03
      5.5355e-01    4.731300e-03
      5.5360e-01    5.020004e-03
      5.5365e-01    5.020387e-03
      5.5370e-01    5.309161e-03
      5.5375e-01    5.309575e-03
      5.5380e-01    5.309995e-03
      5.5385e-01    5.310423e-03
      5.5390e-01    5.773379e-03
      5.5395e-01    5.311312e-03
      5.5400e-01    5.311776e-03
      5.5405e-01    6.063445e-03
      5.5410e-01    6.525708e-03
      5.5415e-01    7.276641e-03
      5.5420e-01    7.277249e-03
      5.5425e-01    7.740639e-03
      5.5430e-01    7.741258e-03
      5.5435e-01    8.030565e-03
      5.5440e-01    8.493138e-03
      5.5445e-01    8.955777e-03
      5.5450e-01    9.014208e-03
      5.5455e-01    9.534714e-03
      5.5460e-01    1.034979e-02
      5.5465e-01    1.121238e-02
      5.5470e-01    1.162046e-02
      5.5475e-01    1.167815e-02
      5.5480e-01    1.208636e-02
      5.5485e-01    1.248522e-02
      5.5490e-01    1.289361e-02
      5.5495e-01    1.295161e-02
      5.5500e-01    1.300956e-02
      5.5505e-01    1.341817e-02
      5.5510e-01    1.382694e-02
      5.5515e-01    1.388494e-02
      5.5520e-01    1.347854e-02
      5.5525e-01    1.388724e-02
      5.5530e-01    1.388836e-02
      5.5535e-01    1.469533e-02
      5.5540e-01    1.597650e-02
      5.5545e-01    1.597775e-02
      5.5550e-01    1.643415e-02
      5.5555e-01    1.771574e-02
      5.5560e-01    1.818189e-02
      5.5565e-01    1.863858e-02
      5.5570e-01    1.864004e-02
      5.5575e-01    1.899255e-02
      5.5580e-01    1.980052e-02
      5.5585e-01    2.073197e-02
      5.5590e-01    2.119870e-02
      5.5595e-01    2.247208e-02
      5.5600e-01    2.374584e-02
      5.5605e-01    2.421296e-02
      5.5610e-01    2.549654e-02
      5.5615e-01    2.549875e-02
      5.5620e-01    2.503579e-02
      5.5625e-01    2.595894e-02
      5.5630e-01    2.596113e-02
      5.5635e-01    2.642856e-02
      5.5640e-01    2.689616e-02
      5.5645e-01    2.736371e-02
      5.5650e-01    2.829690e-02
      5.5655e-01    2.957207e-02
      5.5660e-01    2.957444e-02
      5.5665e-01    2.957678e-02
      5.5670e-01    3.038677e-02
      5.5675e-01    3.120643e-02
      5.5680e-01    3.248222e-02
      5.5685e-01    3.295046e-02
      5.5690e-01    3.376087e-02
      5.5695e-01    3.458085e-02
      5.5700e-01    3.585732e-02
      5.5705e-01    3.666812e-02
      5.5710e-01    3.748857e-02
      5.5715e-01    3.876570e-02
      5.5720e-01    3.998596e-02
      5.5725e-01    4.120646e-02
      5.5730e-01    4.243677e-02
      5.5735e-01    4.365774e-02
      5.5740e-01    4.568748e-02
      5.5745e-01    4.726097e-02
      5.5750e-01    4.814024e-02
      5.5755e-01    4.901008e-02
      5.5760e-01    4.977542e-02
      5.5765e-01    5.180662e-02
      5.5770e-01    5.268639e-02
      5.5775e-01    5.390908e-02
      5.5780e-01    5.513181e-02
      5.5785e-01    5.635466e-02
      5.5790e-01    5.886285e-02
      5.5795e-01    6.008603e-02
      5.5800e-01    6.089990e-02
      5.5805e-01    6.219007e-02
      5.5810e-01    6.382342e-02
      5.5815e-01    6.475231e-02
      5.5820e-01    6.650049e-02
      5.5825e-01    6.779182e-02
      5.5830e-01    7.035037e-02
      5.5835e-01    7.245211e-02
      5.5840e-01    7.420169e-02
      5.5845e-01    7.595158e-02
      5.5850e-01    7.886437e-02
      5.5855e-01    8.061505e-02
      5.5860e-01    8.271856e-02
      5.5865e-01    8.575647e-02
      5.5870e-01    8.704083e-02
      5.5875e-01    8.914525e-02
      5.5880e-01    9.206032e-02
      5.5885e-01    9.497575e-02
      5.5890e-01    9.716688e-02
      5.5895e-01    1.006074e-01
      5.5900e-01    1.031901e-01
      5.5905e-01    1.061545e-01
      5.5910e-01    1.074987e-01
      5.5915e-01    1.104640e-01
      5.5920e-01    1.143849e-01
      5.5925e-01    1.172565e-01
      5.5930e-01    1.203186e-01
      5.5935e-01    1.236683e-01
      5.5940e-01    1.271148e-01
      5.5945e-01    1.292252e-01
      5.5950e-01    1.335311e-01
      5.5955e-01    1.373604e-01
      5.5960e-01    1.411904e-01
      5.5965e-01    1.442562e-01
      5.5970e-01    1.477059e-01
      5.5975e-01    1.510600e-01
      5.5980e-01    1.544144e-01
      5.5985e-01    1.583418e-01
      5.5990e-01    1.633209e-01
      5.5995e-01    1.680142e-01
      5.6000e-01    1.718481e-01
      5.6005e-01    1.765419e-01
      5.6010e-01    1.817152e-01
      5.6015e-01    1.864108e-01
      5.6020e-01    1.907256e-01
      5.6025e-01    1.959017e-01
      5.6030e-01    2.001230e-01
      5.6035e-01    2.042488e-01
      5.6040e-01    2.085667e-01
      5.6045e-01    2.140327e-01
      5.6050e-01    2.203592e-01
      5.6055e-01    2.254441e-01
      5.6060e-01    2.313907e-01
      5.6065e-01    2.373382e-01
      5.6070e-01    2.436683e-01
      5.6075e-01    2.482781e-01
      5.6080e-01    2.533676e-01
      5.6085e-01    2.575954e-01
      5.6090e-01    2.621114e-01
      5.6095e-01    2.689233e-01
      5.6100e-01    2.752590e-01
      5.6105e-01    2.815948e-01
      5.6110e-01    2.884114e-01
      5.6115e-01    2.947498e-01
      5.6120e-01    3.010893e-01
      5.6125e-01    3.074312e-01
      5.6130e-01    3.132945e-01
      5.6135e-01    3.197338e-01
      5.6140e-01    3.253122e-01
      5.6145e-01    3.316584e-01
      5.6150e-01    3.367599e-01
      5.6155e-01    3.439692e-01
      5.6160e-01    3.511795e-01
      5.6165e-01    3.583908e-01
      5.6170e-01    3.652195e-01
      5.6175e-01    3.716666e-01
      5.6180e-01    3.784969e-01
      5.6185e-01    3.849454e-01
      5.6190e-01    3.916817e-01
      5.6195e-01    3.993770e-01
      5.6200e-01    4.063073e-01
      5.6205e-01    4.145799e-01
      5.6210e-01    4.218002e-01
      5.6215e-01    4.298849e-01
      5.6220e-01    4.401757e-01
      5.6225e-01    4.470165e-01
      5.6230e-01    4.555850e-01
      5.6235e-01    4.641539e-01
      5.6240e-01    4.718619e-01
      5.6245e-01    4.809141e-01
      5.6250e-01    4.881451e-01
      5.6255e-01    4.953772e-01
      5.6260e-01    5.033774e-01
      5.6265e-01    5.110911e-01
      5.6270e-01    5.180385e-01
      5.6275e-01    5.265213e-01
      5.6280e-01    5.355815e-01
      5.6285e-01    5.432988e-01
      5.6290e-01    5.514001e-01
      5.6295e-01    5.587361e-01
      5.6300e-01    5.652093e-01
      5.6305e-01    5.736992e-01
      5.6310e-01    5.815188e-01
      5.6315e-01    5.884767e-01
      5.6320e-01    5.962995e-01
      5.6325e-01    6.045083e-01
      5.6330e-01    6.144480e-01
      5.6335e-01    6.231402e-01
      5.6340e-01    6.304890e-01
      5.6345e-01    6.394720e-01
      5.6350e-01    6.460551e-01
      5.6355e-01    6.529283e-01
      5.6360e-01    6.602817e-01
      5.6365e-01    6.666763e-01
      5.6370e-01    6.726858e-01
      5.6375e-01    6.800427e-01
      5.6380e-01    6.851892e-01
      5.6385e-01    6.921624e-01
      5.6390e-01    6.994246e-01
      5.6395e-01    7.040924e-01
      5.6400e-01    7.100105e-01
      5.6405e-01    7.149695e-01
      5.6410e-01    7.201210e-01
      5.6415e-01    7.253703e-01
      5.6420e-01    7.318695e-01
      5.6425e-01    7.371209e-01
      5.6430e-01    7.431425e-01
      5.6435e-01    7.488756e-01
      5.6440e-01    7.537446e-01
      5.6445e-01    7.598658e-01
      5.6450e-01    7.664678e-01
      5.6455e-01    7.730708e-01
      5.6460e-01    7.797714e-01
      5.6465e-01    7.859907e-01
      5.6470e-01    7.886507e-01
      5.6475e-01    7.962189e-01
      5.6480e-01    8.015742e-01
      5.6485e-01    8.069301e-01
      5.6490e-01    8.104581e-01
      5.6495e-01    8.148526e-01
      5.6500e-01    8.199211e-01
      5.6505e-01    8.240290e-01
      5.6510e-01    8.293896e-01
      5.6515e-01    8.334997e-01
      5.6520e-01    8.383810e-01
      5.6525e-01    8.417226e-01
      5.6530e-01    8.450639e-01
      5.6535e-01    8.477323e-01
      5.6540e-01    8.504972e-01
      5.6545e-01    8.522989e-01
      5.6550e-01    8.566067e-01
      5.6555e-01    8.589878e-01
      5.6560e-01    8.631024e-01
      5.6565e-01    8.668336e-01
      5.6570e-01    8.696961e-01
      5.6575e-01    8.734265e-01
      5.6580e-01    8.766761e-01
      5.6585e-01    8.790567e-01
      5.6590e-01    8.814387e-01
      5.6595e-01    8.843022e-01
      5.6600e-01    8.870716e-01
      5.6605e-01    8.885873e-01
      5.6610e-01    8.908751e-01
      5.6615e-01    8.923922e-01
      5.6620e-01    8.938128e-01
      5.6625e-01    8.958133e-01
      5.6630e-01    8.966574e-01
      5.6635e-01    8.975968e-01
      5.6640e-01    8.971861e-01
      5.6645e-01    8.966793e-01
      5.6650e-01    8.998394e-01
      5.6655e-01    9.015510e-01
      5.6660e-01    8.996922e-01
      5.6665e-01    8.991846e-01
      5.6670e-01    8.986766e-01
      5.6675e-01    8.981670e-01
      5.6680e-01    8.951471e-01
      5.6685e-01    8.957967e-01
      5.6690e-01    8.974109e-01
      5.6695e-01    8.977701e-01
      5.6700e-01    8.993861e-01
      5.6705e-01    8.991668e-01
      5.6710e-01    9.012656e-01
      5.6715e-01    9.033648e-01
      5.6720e-01    9.023738e-01
      5.6725e-01    9.036048e-01
      5.6730e-01    9.017437e-01
      5.6735e-01    9.007514e-01
      5.6740e-01    9.024659e-01
      5.6745e-01    9.045675e-01
      5.6750e-01    9.066683e-01
      5.6755e-01    9.074166e-01
      5.6760e-01    9.099047e-01
      5.6765e-01    9.106528e-01
      5.6770e-01    9.088862e-01
      5.6775e-01    9.087630e-01
      5.6780e-01    9.072863e-01
      5.6785e-01    9.093867e-01
      5.6790e-01    9.076197e-01
      5.6795e-01    9.057552e-01
      5.6800e-01    9.079527e-01
      5.6805e-01    9.079269e-01
      5.6810e-01    9.087715e-01
      5.6815e-01    9.077787e-01
      5.6820e-01    9.069786e-01
      5.6825e-01    9.086952e-01
      5.6830e-01    9.081865e-01
      5.6835e-01    9.064188e-01
      5.6840e-01    9.064904e-01
      5.6845e-01    9.057879e-01
      5.6850e-01    9.061498e-01
      5.6855e-01    9.049632e-01
      5.6860e-01    9.050349e-01
      5.6865e-01    9.037505e-01
      5.6870e-01    9.045967e-01
      5.6875e-01    9.026349e-01
      5.6880e-01    9.033845e-01
      5.6885e-01    9.030681e-01
      5.6890e-01    9.021706e-01
      5.6895e-01    9.027261e-01
      5.6900e-01    9.023127e-01
      5.6905e-01    9.005432e-01
      5.6910e-01    9.006138e-01
      5.6915e-01    9.011690e-01
      5.6920e-01    9.017242e-01
      5.6925e-01    9.022794e-01
      5.6930e-01    9.024465e-01
      5.6935e-01    9.030983e-01
      5.6940e-01    9.034606e-01
      5.6945e-01    9.037243e-01
      5.6950e-01    9.049587e-01
      5.6955e-01    9.065817e-01
      5.6960e-01    9.052944e-01
      5.6965e-01    9.052686e-01
      5.6970e-01    9.070851e-01
      5.6975e-01    9.067677e-01
      5.6980e-01    9.078088e-01
      5.6985e-01    9.066189e-01
      5.6990e-01    9.046529e-01
      5.6995e-01    9.055965e-01
      5.7000e-01    9.032417e-01
      5.7005e-01    9.030218e-01
      5.7010e-01    9.024132e-01
      5.7015e-01    9.022898e-01
      5.7020e-01    9.029436e-01
      5.7025e-01    9.032086e-01
      5.7030e-01    9.020160e-01
      5.7035e-01    9.025716e-01
      5.7040e-01    9.006029e-01
      5.7045e-01    9.022260e-01
      5.7050e-01    9.001602e-01
      5.7055e-01    8.992587e-01
      5.7060e-01    8.998140e-01
      5.7065e-01    8.999804e-01
      5.7070e-01    9.024789e-01
      5.7075e-01    9.017721e-01
      5.7080e-01    9.028141e-01
      5.7085e-01    9.041477e-01
      5.7090e-01    9.044132e-01
      5.7095e-01    9.053586e-01
      5.7100e-01    9.061109e-01
      5.7105e-01    9.057949e-01
      5.7110e-01    9.062552e-01
      5.7115e-01    9.079800e-01
      5.7120e-01    9.104824e-01
      5.7125e-01    9.085128e-01
      5.7130e-01    9.112088e-01
      5.7135e-01    9.147818e-01
      5.7140e-01    9.147555e-01
      5.7145e-01    9.143408e-01
      5.7150e-01    9.129532e-01
      5.7155e-01    9.139004e-01
      5.7160e-01    9.153341e-01
      5.7165e-01    9.151129e-01
      5.7170e-01    9.174230e-01
      5.7175e-01    9.182730e-01
      5.7180e-01    9.178583e-01
      5.7185e-01    9.174437e-01
      5.7190e-01    9.198510e-01
      5.7195e-01    9.212866e-01
      5.7200e-01    9.204829e-01
      5.7205e-01    9.227957e-01
      5.7210e-01    9.218950e-01
      5.7215e-01    9.220647e-01
      5.7220e-01    9.240848e-01
      5.7225e-01    9.258132e-01
      5.7230e-01    9.268598e-01
      5.7235e-01    9.281984e-01
      5.7240e-01    9.299272e-01
      5.7245e-01    9.295128e-01
      5.7250e-01    9.294873e-01
      5.7255e-01    9.284884e-01
      5.7260e-01    9.295350e-01
      5.7265e-01    9.309719e-01
      5.7270e-01    9.314333e-01
      5.7275e-01    9.305308e-01
      5.7280e-01    9.311882e-01
      5.7285e-01    9.304794e-01
      5.7290e-01    9.301619e-01
      5.7295e-01    9.303305e-01
      5.7300e-01    9.305972e-01
      5.7305e-01    9.303766e-01
      5.7310e-01    9.309362e-01
      5.7315e-01    9.297409e-01
      5.7320e-01    9.296180e-01
      5.7325e-01    9.295925e-01
      5.7330e-01    9.286898e-01
      5.7335e-01    9.302258e-01
      5.7340e-01    9.295186e-01
      5.7345e-01    9.276402e-01
      5.7350e-01    9.253720e-01
      5.7355e-01    9.244688e-01
      5.7360e-01    9.258098e-01
      5.7365e-01    9.253943e-01
      5.7370e-01    9.268324e-01
      5.7375e-01    9.240747e-01
      5.7380e-01    9.227795e-01
      5.7385e-01    9.229492e-01
      5.7390e-01    9.243867e-01
      5.7395e-01    9.260207e-01
      5.7400e-01    9.269701e-01
      5.7405e-01    9.280184e-01
      5.7410e-01    9.280907e-01
      5.7415e-01    9.271868e-01
      5.7420e-01    9.265760e-01
      5.7425e-01    9.272362e-01
      5.7430e-01    9.276028e-01
      5.7435e-01    9.258201e-01
      5.7440e-01    9.242339e-01
      5.7445e-01    9.253823e-01
      5.7450e-01    9.243818e-01
      5.7455e-01    9.255304e-01
      5.7460e-01    9.266791e-01
      5.7465e-01    9.265584e-01
      5.7470e-01    9.233080e-01
      5.7475e-01    9.203509e-01
      5.7480e-01    9.180765e-01
      5.7485e-01    9.165845e-01
      5.7490e-01    9.172425e-01
      5.7495e-01    9.170210e-01
      5.7500e-01    9.177774e-01
      5.7505e-01    9.171643e-01
      5.7510e-01    9.175293e-01
      5.7515e-01    9.182861e-01
      5.7520e-01    9.186513e-01
      5.7525e-01    9.166691e-01
      5.7530e-01    9.141961e-01
      5.7535e-01    9.145611e-01
      5.7540e-01    9.114034e-01
      5.7545e-01    9.106919e-01
      5.7550e-01    9.145808e-01
      5.7555e-01    9.144562e-01
      5.7560e-01    9.143314e-01
      5.7565e-01    9.142066e-01
      5.7570e-01    9.128089e-01
      5.7575e-01    9.121941e-01
      5.7580e-01    9.131464e-01
      5.7585e-01    9.140000e-01
      5.7590e-01    9.112308e-01
      5.7595e-01    9.121819e-01
      5.7600e-01    9.112728e-01
      5.7605e-01    9.123230e-01
      5.7610e-01    9.136673e-01
      5.7615e-01    9.136409e-01
      5.7620e-01    9.137121e-01
      5.7625e-01    9.129012e-01
      5.7630e-01    9.104250e-01
      5.7635e-01    9.117701e-01
      5.7640e-01    9.119402e-01
      5.7645e-01    9.121091e-01
      5.7650e-01    9.126706e-01
      5.7655e-01    9.127419e-01
      5.7660e-01    9.105583e-01
      5.7665e-01    9.088644e-01
      5.7670e-01    9.106999e-01
      5.7675e-01    9.102801e-01
      5.7680e-01    9.100564e-01
      5.7685e-01    9.101266e-01
      5.7690e-01    9.113731e-01
      5.7695e-01    9.097766e-01
      5.7700e-01    9.106317e-01
      5.7705e-01    9.125658e-01
      5.7710e-01    9.117543e-01
      5.7715e-01    9.113346e-01
      5.7720e-01    9.096394e-01
      5.7725e-01    9.087289e-01
      5.7730e-01    9.077195e-01
      5.7735e-01    9.056307e-01
      5.7740e-01    9.059968e-01
      5.7745e-01    9.060675e-01
      5.7750e-01    9.046654e-01
      5.7755e-01    9.031642e-01
      5.7760e-01    9.041188e-01
      5.7765e-01    9.041890e-01
      5.7770e-01    9.038658e-01
      5.7775e-01    9.047213e-01
      5.7780e-01    9.063636e-01
      5.7785e-01    9.042723e-01
      5.7790e-01    9.051280e-01
      5.7795e-01    9.037243e-01
      5.7800e-01    9.050717e-01
      5.7805e-01    9.069119e-01
      5.7810e-01    9.072773e-01
      5.7815e-01    9.091172e-01
      5.7820e-01    9.100736e-01
      5.7825e-01    9.107344e-01
      5.7830e-01    9.135583e-01
      5.7835e-01    9.146132e-01
      5.7840e-01    9.151767e-01
      5.7845e-01    9.143642e-01
      5.7850e-01    9.163036e-01
      5.7855e-01    9.164743e-01
      5.7860e-01    9.147746e-01
      5.7865e-01    9.167151e-01
      5.7870e-01    9.185568e-01
      5.7875e-01    9.190222e-01
      5.7880e-01    9.194864e-01
      5.7885e-01    9.198538e-01
      5.7890e-01    9.207123e-01
      5.7895e-01    9.227519e-01
      5.7900e-01    9.228237e-01
      5.7905e-01    9.258482e-01
      5.7910e-01    9.270027e-01
      5.7915e-01    9.301273e-01
      5.7920e-01    9.316766e-01
      5.7925e-01    9.331270e-01
      5.7930e-01    9.323144e-01
      5.7935e-01    9.351440e-01
      5.7940e-01    9.355122e-01
      5.7945e-01    9.356831e-01
      5.7950e-01    9.345749e-01
      5.7955e-01    9.347455e-01
      5.7960e-01    9.356059e-01
      5.7965e-01    9.366636e-01
      5.7970e-01    9.380167e-01
      5.7975e-01    9.380893e-01
      5.7980e-01    9.380637e-01
      5.7985e-01    9.362634e-01
      5.7990e-01    9.359422e-01
      5.7995e-01    9.341413e-01
      5.8000e-01    9.332277e-01
      5.8005e-01    9.346800e-01
      5.8010e-01    9.343572e-01
      5.8015e-01    9.329503e-01
      5.8020e-01    9.345009e-01
      5.8025e-01    9.340797e-01
      5.8030e-01    9.349400e-01
      5.8035e-01    9.372809e-01
      5.8040e-01    9.367603e-01
      5.8045e-01    9.363389e-01
      5.8050e-01    9.361148e-01
      5.8055e-01    9.372711e-01
      5.8060e-01    9.380334e-01
      5.8065e-01    9.419532e-01
      5.8070e-01    9.403473e-01
      5.8075e-01    9.411098e-01
      5.8080e-01    9.430559e-01
      5.8085e-01    9.443124e-01
      5.8090e-01    9.447798e-01
      5.8095e-01    9.452463e-01
      5.8100e-01    9.457142e-01
      5.8105e-01    9.481568e-01
      5.8110e-01    9.492173e-01
      5.8115e-01    9.502780e-01
      5.8120e-01    9.510419e-01
      5.8125e-01    9.513133e-01
      5.8130e-01    9.522762e-01
      5.8135e-01    9.527442e-01
      5.8140e-01    9.547933e-01
      5.8145e-01    9.533852e-01
      5.8150e-01    9.549406e-01
      5.8155e-01    9.554098e-01
      5.8160e-01    9.545937e-01
      5.8165e-01    9.549645e-01
      5.8170e-01    9.570145e-01
      5.8175e-01    9.569887e-01
      5.8180e-01    9.598295e-01
      5.8185e-01    9.599033e-01
      5.8190e-01    9.604713e-01
      5.8195e-01    9.613367e-01
      5.8200e-01    9.622995e-01
      5.8205e-01    9.657355e-01
      5.8210e-01    9.663038e-01
      5.8215e-01    9.664761e-01
      5.8220e-01    9.691219e-01
      5.8225e-01    9.687999e-01
      5.8230e-01    9.690719e-01
      5.8235e-01    9.717175e-01
      5.8240e-01    9.733752e-01
      5.8245e-01    9.728553e-01
      5.8250e-01    9.731276e-01
      5.8255e-01    9.762690e-01
      5.8260e-01    9.738695e-01
      5.8265e-01    9.742416e-01
      5.8270e-01    9.759976e-01
      5.8275e-01    9.746870e-01
      5.8280e-01    9.757513e-01
      5.8285e-01    9.747361e-01
      5.8290e-01    9.752070e-01
      5.8295e-01    9.760734e-01
      5.8300e-01    9.761480e-01
      5.8305e-01    9.776094e-01
      5.8310e-01    9.803583e-01
      5.8315e-01    9.798384e-01
      5.8320e-01    9.822909e-01
      5.8325e-01    9.819694e-01
      5.8330e-01    9.833321e-01
      5.8335e-01    9.838039e-01
      5.8340e-01    9.857621e-01
      5.8345e-01    9.882149e-01
      5.8350e-01    9.916601e-01
      5.8355e-01    9.939163e-01
      5.8360e-01    9.943880e-01
      5.8365e-01    9.957523e-01
      5.8370e-01    9.954325e-01
      5.8375e-01    9.977883e-01
      5.8380e-01    9.984589e-01
      5.8385e-01    9.988335e-01
      5.8390e-01    1.000000e+00
      5.8395e-01    9.999776e-01
      5.8400e-01    9.987638e-01
      5.8405e-01    9.998318e-01
      5.8410e-01    9.996108e-01
      5.8415e-01    9.983978e-01
      5.8420e-01    9.992673e-01
      5.8425e-01    9.986489e-01
      5.8430e-01    9.961457e-01
      5.8435e-01    9.961228e-01
      5.8440e-01    9.983808e-01
      5.8445e-01    9.973655e-01
      5.8450e-01    9.986326e-01
      5.8455e-01    9.970209e-01
      5.8460e-01    9.942177e-01
      5.8465e-01    9.932018e-01
      5.8470e-01    9.915894e-01
      5.8475e-01    9.922613e-01
      5.8480e-01    9.916417e-01
      5.8485e-01    9.919162e-01
      5.8490e-01    9.915943e-01
      5.8495e-01    9.914713e-01
      5.8500e-01    9.894619e-01
      5.8505e-01    9.885445e-01
      5.8510e-01    9.871304e-01
      5.8515e-01    9.861127e-01
      5.8520e-01    9.841025e-01
      5.8525e-01    9.837802e-01
      5.8530e-01    9.822665e-01
      5.8535e-01    9.807525e-01
      5.8540e-01    9.790382e-01
      5.8545e-01    9.765298e-01
      5.8550e-01    9.748160e-01
      5.8555e-01    9.730019e-01
      5.8560e-01    9.709895e-01
      5.8565e-01    9.690757e-01
      5.8570e-01    9.673607e-01
      5.8575e-01    9.645508e-01
      5.8580e-01    9.616415e-01
      5.8585e-01    9.588306e-01
      5.8590e-01    9.540311e-01
      5.8595e-01    9.512190e-01
      5.8600e-01    9.485064e-01
      5.8605e-01    9.462908e-01
      5.8610e-01    9.433782e-01
      5.8615e-01    9.392708e-01
      5.8620e-01    9.389438e-01
      5.8625e-01    9.380200e-01
      5.8630e-01    9.342106e-01
      5.8635e-01    9.309974e-01
      5.8640e-01    9.282802e-01
      5.8645e-01    9.245682e-01
      5.8650e-01    9.212543e-01
      5.8655e-01    9.170423e-01
      5.8660e-01    9.138265e-01
      5.8665e-01    9.120046e-01
      5.8670e-01    9.102806e-01
      5.8675e-01    9.070636e-01
      5.8680e-01    9.013562e-01
      5.8685e-01    8.953494e-01
      5.8690e-01    8.931256e-01
      5.8695e-01    8.894084e-01
      5.8700e-01    8.837974e-01
      5.8705e-01    8.782858e-01
      5.8710e-01    8.746658e-01
      5.8715e-01    8.695506e-01
      5.8720e-01    8.644356e-01
      5.8725e-01    8.598170e-01
      5.8730e-01    8.551977e-01
      5.8735e-01    8.505777e-01
      5.8740e-01    8.450604e-01
      5.8745e-01    8.380457e-01
      5.8750e-01    8.325266e-01
      5.8755e-01    8.269062e-01
      5.8760e-01    8.224817e-01
      5.8765e-01    8.184559e-01
      5.8770e-01    8.104391e-01
      5.8775e-01    8.054143e-01
      5.8780e-01    8.003887e-01
      5.8785e-01    7.956603e-01
      5.8790e-01    7.905338e-01
      5.8795e-01    7.849066e-01
      5.8800e-01    7.798767e-01
      5.8805e-01    7.737500e-01
      5.8810e-01    7.671225e-01
      5.8815e-01    7.615915e-01
      5.8820e-01    7.563600e-01
      5.8825e-01    7.493313e-01
      5.8830e-01    7.419018e-01
      5.8835e-01    7.353692e-01
      5.8840e-01    7.285373e-01
      5.8845e-01    7.216039e-01
      5.8850e-01    7.150682e-01
      5.8855e-01    7.070347e-01
      5.8860e-01    6.996981e-01
      5.8865e-01    6.936597e-01
      5.8870e-01    6.857220e-01
      5.8875e-01    6.777830e-01
      5.8880e-01    6.692438e-01
      5.8885e-01    6.622007e-01
      5.8890e-01    6.538589e-01
      5.8895e-01    6.468134e-01
      5.8900e-01    6.393678e-01
      5.8905e-01    6.333205e-01
      5.8910e-01    6.270721e-01
      5.8915e-01    6.191233e-01
      5.8920e-01    6.114728e-01
      5.8925e-01    6.033213e-01
      5.8930e-01    5.948687e-01
      5.8935e-01    5.869148e-01
      5.8940e-01    5.778601e-01
      5.8945e-01    5.685032e-01
      5.8950e-01    5.594457e-01
      5.8955e-01    5.509864e-01
      5.8960e-01    5.429254e-01
      5.8965e-01    5.350644e-01
      5.8970e-01    5.274015e-01
      5.8975e-01    5.197374e-01
      5.8980e-01    5.108713e-01
      5.8985e-01    5.020049e-01
      5.8990e-01    4.931361e-01
      5.8995e-01    4.865686e-01
      5.9000e-01    4.800998e-01
      5.9005e-01    4.712275e-01
      5.9010e-01    4.641567e-01
      5.9015e-01    4.566841e-01
      5.9020e-01    4.507121e-01
      5.9025e-01    4.426361e-01
      5.9030e-01    4.360620e-01
      5.9035e-01    4.296863e-01
      5.9040e-01    4.226095e-01
      5.9045e-01    4.145301e-01
      5.9050e-01    4.067486e-01
      5.9055e-01    3.995687e-01
      5.9060e-01    3.934881e-01
      5.9065e-01    3.871073e-01
      5.9070e-01    3.814258e-01
      5.9075e-01    3.725369e-01
      5.9080e-01    3.642485e-01
      5.9085e-01    3.584641e-01
      5.9090e-01    3.529793e-01
      5.9095e-01    3.474936e-01
      5.9100e-01    3.402030e-01
      5.9105e-01    3.343140e-01
      5.9110e-01    3.278230e-01
      5.9115e-01    3.228348e-01
      5.9120e-01    3.179456e-01
      5.9125e-01    3.116525e-01
      5.9130e-01    3.052586e-01
      5.9135e-01    2.991632e-01
      5.9140e-01    2.928672e-01
      5.9145e-01    2.863694e-01
      5.9150e-01    2.800714e-01
      5.9155e-01    2.759786e-01
      5.9160e-01    2.706822e-01
      5.9165e-01    2.645826e-01
      5.9170e-01    2.586818e-01
      5.9175e-01    2.526802e-01
      5.9180e-01    2.480831e-01
      5.9185e-01    2.434843e-01
      5.9190e-01    2.390868e-01
      5.9195e-01    2.324790e-01
      5.9200e-01    2.259714e-01
      5.9205e-01    2.219727e-01
      5.9210e-01    2.183755e-01
      5.9215e-01    2.133716e-01
      5.9220e-01    2.093712e-01
      5.9225e-01    2.053702e-01
      5.9230e-01    2.009664e-01
      5.9235e-01    1.965631e-01
      5.9240e-01    1.928613e-01
      5.9245e-01    1.907670e-01
      5.9250e-01    1.872654e-01
      5.9255e-01    1.841645e-01
      5.9260e-01    1.796570e-01
      5.9265e-01    1.756512e-01
      5.9270e-01    1.716448e-01
      5.9275e-01    1.690453e-01
      5.9280e-01    1.658416e-01
      5.9285e-01    1.632413e-01
      5.9290e-01    1.605393e-01
      5.9295e-01    1.584397e-01
      5.9300e-01    1.551341e-01
      5.9305e-01    1.525322e-01
      5.9310e-01    1.502312e-01
      5.9315e-01    1.474260e-01
      5.9320e-01    1.442199e-01
      5.9325e-01    1.401065e-01
      5.9330e-01    1.362952e-01
      5.9335e-01    1.325834e-01
      5.9340e-01    1.307829e-01
      5.9345e-01    1.279760e-01
      5.9350e-01    1.259734e-01
      5.9355e-01    1.236689e-01
      5.9360e-01    1.223692e-01
      5.9365e-01    1.190576e-01
      5.9370e-01    1.161485e-01
      5.9375e-01    1.131377e-01
      5.9380e-01    1.113334e-01
      5.9385e-01    1.098323e-01
      5.9390e-01    1.074243e-01
      5.9395e-01    1.051167e-01
      5.9400e-01    1.031108e-01
      5.9405e-01    1.006816e-01
      5.9410e-01    9.871531e-02
      5.9415e-01    9.774578e-02
      5.9420e-01    9.577898e-02
      5.9425e-01    9.382192e-02
      5.9430e-01    9.137088e-02
      5.9435e-01    8.941318e-02
      5.9440e-01    8.695141e-02
      5.9445e-01    8.598052e-02
      5.9450e-01    8.450564e-02
      5.9455e-01    8.217404e-02
      5.9460e-01    8.021490e-02
      5.9465e-01    7.764055e-02
      5.9470e-01    7.665854e-02
      5.9475e-01    7.518238e-02
      5.9480e-01    7.322211e-02
      5.9485e-01    7.273364e-02
      5.9490e-01    7.225503e-02
      5.9495e-01    7.016306e-02
      5.9500e-01    6.820187e-02
      5.9505e-01    6.672447e-02
      5.9510e-01    6.575127e-02
      5.9515e-01    6.427349e-02
      5.9520e-01    6.280553e-02
      5.9525e-01    6.132742e-02
      5.9530e-01    6.034327e-02
      5.9535e-01    5.973243e-02
      5.9540e-01    5.826379e-02
      5.9545e-01    5.678476e-02
      5.9550e-01    5.531555e-02
      5.9555e-01    5.383618e-02
      5.9560e-01    5.286116e-02
      5.9565e-01    5.101790e-02
      5.9570e-01    4.953775e-02
      5.9575e-01    4.868335e-02
      5.9580e-01    4.868706e-02
      5.9585e-01    4.782230e-02
      5.9590e-01    4.684647e-02
      5.9595e-01    4.548664e-02
      5.9600e-01    4.500521e-02
      5.9605e-01    4.364502e-02
      5.9610e-01    4.229480e-02
      5.9615e-01    4.082301e-02
      5.9620e-01    4.082609e-02
      5.9625e-01    4.082918e-02
      5.9630e-01    3.996332e-02
      5.9635e-01    3.996634e-02
      5.9640e-01    3.959541e-02
      5.9645e-01    3.849683e-02
      5.9650e-01    3.812574e-02
      5.9655e-01    3.751194e-02
      5.9660e-01    3.602883e-02
      5.9665e-01    3.455545e-02
      5.9670e-01    3.418394e-02
      5.9675e-01    3.356977e-02
      5.9680e-01    3.209598e-02
      5.9685e-01    3.098598e-02
      5.9690e-01    2.987581e-02
      5.9695e-01    2.987805e-02
      5.9700e-01    2.840342e-02
      5.9705e-01    2.691848e-02
      5.9710e-01    2.630343e-02
      5.9715e-01    2.519248e-02
      5.9720e-01    2.408136e-02
      5.9725e-01    2.408316e-02
      5.9730e-01    2.298187e-02
      5.9735e-01    2.298359e-02
      5.9740e-01    2.211493e-02
      5.9745e-01    2.249111e-02
      5.9750e-01    2.187523e-02
      5.9755e-01    2.138088e-02
      5.9760e-01    2.138247e-02
      5.9765e-01    2.138406e-02
      5.9770e-01    2.101098e-02
      5.9775e-01    2.015179e-02
      5.9780e-01    2.015330e-02
      5.9785e-01    1.978005e-02
      5.9790e-01    1.928529e-02
      5.9795e-01    1.928675e-02
      5.9800e-01    1.892345e-02
      5.9805e-01    1.855001e-02
      5.9810e-01    1.769022e-02
      5.9815e-01    1.682021e-02
      5.9820e-01    1.719645e-02
      5.9825e-01    1.682278e-02
      5.9830e-01    1.632740e-02
      5.9835e-01    1.546708e-02
      5.9840e-01    1.546821e-02
      5.9845e-01    1.509434e-02
      5.9850e-01    1.547045e-02
      5.9855e-01    1.547156e-02
      5.9860e-01    1.547268e-02
      5.9865e-01    1.497701e-02
      5.9870e-01    1.497812e-02
      5.9875e-01    1.460399e-02
      5.9880e-01    1.460512e-02
      5.9885e-01    1.498160e-02
      5.9890e-01    1.547982e-02
      5.9895e-01    1.498409e-02
      5.9900e-01    1.460999e-02
      5.9905e-01    1.461132e-02
      5.9910e-01    1.375013e-02
      5.9915e-01    1.424875e-02
      5.9920e-01    1.337715e-02
      5.9925e-01    1.337840e-02
      5.9930e-01    1.337964e-02
      5.9935e-01    1.338089e-02
      5.9940e-01    1.251910e-02
      5.9945e-01    1.252026e-02
      5.9950e-01    1.164812e-02
      5.9955e-01    1.116173e-02
      5.9960e-01    1.066502e-02
      5.9965e-01    1.029016e-02
      5.9970e-01    9.797394e-03
      5.9975e-01    1.029208e-02
      5.9980e-01    9.426309e-03
      5.9985e-01    8.931289e-03
      5.9990e-01    8.932121e-03
      5.9995e-01    8.932952e-03
      6.0000e-01    8.561748e-03
      6.0005e-01    8.562546e-03
      6.0010e-01    8.191249e-03
      6.0015e-01    7.322683e-03
      6.0020e-01    7.819567e-03
      6.0025e-01    7.820262e-03
      6.0030e-01    7.820950e-03
      6.0035e-01    7.821641e-03
      6.0040e-01    8.319763e-03
      6.0045e-01    7.823063e-03
      6.0050e-01    7.823810e-03
      6.0055e-01    7.328054e-03
      6.0060e-01    7.701269e-03
      6.0065e-01    7.702131e-03
      6.0070e-01    7.330508e-03
      6.0075e-01    6.834632e-03
      6.0080e-01    7.208100e-03
      6.0085e-01    6.712118e-03
      6.0090e-01    6.712966e-03
      6.0095e-01    7.086567e-03
      6.0100e-01    6.590366e-03
      6.0105e-01    6.591169e-03
      6.0110e-01    6.591973e-03
      6.0115e-01    5.845869e-03
      6.0120e-01    5.349263e-03
      6.0125e-01    5.349914e-03
      6.0130e-01    5.350566e-03
      6.0135e-01    5.351218e-03
      6.0140e-01    4.978691e-03
      6.0145e-01    4.979298e-03
      6.0150e-01    4.979905e-03
      6.0155e-01    4.607208e-03
      6.0160e-01    4.233394e-03
      6.0165e-01    4.233912e-03
      6.0170e-01    4.234431e-03
      6.0175e-01    4.234949e-03
      6.0180e-01    4.235468e-03
      6.0185e-01    4.235987e-03
      6.0190e-01    4.236507e-03
      6.0195e-01    5.483626e-03
      6.0200e-01    5.110581e-03
      6.0205e-01    5.111207e-03
      6.0210e-01    5.111833e-03
      6.0215e-01    5.112459e-03
      6.0220e-01    5.486984e-03
      6.0225e-01    5.113711e-03
      6.0230e-01    5.114337e-03
      6.0235e-01    5.114963e-03
      6.0240e-01    5.489672e-03
      6.0245e-01    5.116215e-03
      6.0250e-01    4.242734e-03
      6.0255e-01    3.869033e-03
      6.0260e-01    3.495228e-03
      6.0265e-01    3.121343e-03
      6.0270e-01    3.121724e-03
      6.0275e-01    2.247466e-03
      6.0280e-01    2.622187e-03
      6.0285e-01    2.248013e-03
      6.0290e-01    1.873737e-03
      6.0295e-01    1.499380e-03
      6.0300e-01    1.499563e-03
      6.0305e-01    1.499746e-03
      6.0310e-01    1.499929e-03
      6.0315e-01    1.500111e-03
      6.0320e-01    1.125481e-03
      6.0325e-01    1.125618e-03
      6.0330e-01    1.125756e-03
      6.0335e-01    1.500843e-03
      6.0340e-01    1.876022e-03
      6.0345e-01    1.876250e-03
      6.0350e-01    1.501391e-03
      6.0355e-01    1.876707e-03
      6.0360e-01    1.501757e-03
      6.0365e-01    1.501940e-03
      6.0370e-01    1.502122e-03
      6.0375e-01    1.502305e-03
      6.0380e-01    1.502488e-03
      6.0385e-01    1.502670e-03
      6.0390e-01    1.502853e-03
      6.0395e-01    1.503036e-03
      6.0400e-01    1.503219e-03
      6.0405e-01    1.878991e-03
      6.0410e-01    1.879220e-03
      6.0415e-01    1.503768e-03
      6.0420e-01    1.128224e-03
      6.0425e-01    1.504134e-03
      6.0430e-01    2.381241e-03
      6.0435e-01    2.005656e-03
      6.0440e-01    2.005900e-03
      6.0445e-01    2.006145e-03
      6.0450e-01    2.006389e-03
      6.0455e-01    2.006633e-03
      6.0460e-01    1.630785e-03
      6.0465e-01    1.630983e-03
      6.0470e-01    1.631182e-03
      6.0475e-01    2.007610e-03
      6.0480e-01    1.631579e-03
      6.0485e-01    1.255445e-03
      6.0490e-01    1.255598e-03
      6.0495e-01    2.134064e-03
      6.0500e-01    2.510784e-03
      6.0505e-01    2.511090e-03
      6.0510e-01    1.632773e-03
      6.0515e-01    1.632973e-03
      6.0520e-01    2.009816e-03
      6.0525e-01    2.010062e-03
      6.0530e-01    2.010308e-03
      6.0535e-01    2.010553e-03
      6.0540e-01    2.010797e-03
      6.0545e-01    2.011041e-03
      6.0550e-01    2.388215e-03
      6.0555e-01    2.011528e-03
      6.0560e-01    2.011771e-03
      6.0565e-01    2.389080e-03
      6.0570e-01    2.012256e-03
      6.0575e-01    1.132488e-03
