#  wavelength_um     transmission
#
      7.9140e-01    2.158921e-04
      7.9283e-01    6.349347e-04
      7.9426e-01    1.130089e-03
      7.9568e-01    1.599783e-03
      7.9711e-01    2.158265e-03
      7.9854e-01    2.805546e-03
      7.9997e-01    3.465385e-03
      8.0139e-01    3.906428e-03
      8.0282e-01    4.406135e-03
      8.0425e-01    5.001813e-03
      8.0568e-01    5.592399e-03
      8.0710e-01    6.314643e-03
      8.0853e-01    7.092349e-03
      8.0996e-01    8.134240e-03
      8.1138e-01    9.244865e-03
      8.1281e-01    1.034777e-02
      8.1424e-01    1.163693e-02
      8.1567e-01    1.333533e-02
      8.1709e-01    1.540381e-02
      8.1852e-01    1.766318e-02
      8.1995e-01    2.028014e-02
      8.2138e-01    2.321657e-02
      8.2280e-01    2.685538e-02
      8.2423e-01    3.137288e-02
      8.2566e-01    3.673763e-02
      8.2708e-01    4.287787e-02
      8.2851e-01    5.023284e-02
      8.2994e-01    5.904368e-02
      8.3137e-01    7.079597e-02
      8.3279e-01    8.528813e-02
      8.3422e-01    1.024326e-01
      8.3565e-01    1.229303e-01
      8.3708e-01    1.466943e-01
      8.3850e-01    1.745320e-01
      8.3993e-01    2.074273e-01
      8.4136e-01    2.447259e-01
      8.4278e-01    2.871231e-01
      8.4421e-01    3.367156e-01
      8.4564e-01    3.891382e-01
      8.4707e-01    4.441842e-01
      8.4849e-01    5.030769e-01
      8.4992e-01    5.629032e-01
      8.5135e-01    6.208853e-01
      8.5278e-01    6.803412e-01
      8.5420e-01    7.383098e-01
      8.5563e-01    7.952522e-01
      8.5706e-01    8.389611e-01
      8.5848e-01    8.750309e-01
      8.5991e-01    9.130625e-01
      8.6134e-01    9.437791e-01
      8.6277e-01    9.638473e-01
      8.6419e-01    9.746231e-01
      8.6562e-01    9.819825e-01
      8.6705e-01    9.935627e-01
      8.6847e-01    1.000000e+00
      8.6990e-01    9.983641e-01
      8.7133e-01    9.962730e-01
      8.7276e-01    9.923956e-01
      8.7418e-01    9.859564e-01
      8.7561e-01    9.777250e-01
      8.7704e-01    9.688899e-01
      8.7847e-01    9.592985e-01
      8.7989e-01    9.502705e-01
      8.8132e-01    9.416398e-01
      8.8275e-01    9.351774e-01
      8.8417e-01    9.311611e-01
      8.8560e-01    9.275402e-01
      8.8703e-01    9.242203e-01
      8.8846e-01    9.219247e-01
      8.8988e-01    9.192992e-01
      8.9131e-01    9.005371e-01
      8.9274e-01    8.795700e-01
      8.9417e-01    8.579721e-01
      8.9559e-01    8.361794e-01
      8.9702e-01    8.134182e-01
      8.9845e-01    7.969903e-01
      8.9987e-01    7.954933e-01
      9.0130e-01    7.910584e-01
      9.0273e-01    7.865077e-01
      9.0416e-01    7.818123e-01
      9.0558e-01    7.775587e-01
      9.0701e-01    7.707761e-01
      9.0844e-01    7.631910e-01
      9.0987e-01    7.557699e-01
      9.1129e-01    7.484104e-01
      9.1272e-01    7.410742e-01
      9.1415e-01    7.340504e-01
      9.1557e-01    7.268936e-01
      9.1700e-01    7.187992e-01
      9.1843e-01    7.107743e-01
      9.1986e-01    7.027223e-01
      9.2128e-01    6.942151e-01
      9.2271e-01    6.857773e-01
      9.2414e-01    6.776694e-01
      9.2557e-01    6.698162e-01
      9.2699e-01    6.430523e-01
      9.2842e-01    6.082422e-01
      9.2985e-01    5.739433e-01
      9.3127e-01    5.408520e-01
      9.3270e-01    5.083702e-01
      9.3413e-01    4.759638e-01
      9.3556e-01    4.590149e-01
      9.3698e-01    4.659056e-01
      9.3841e-01    4.721924e-01
      9.3984e-01    4.779121e-01
      9.4127e-01    4.827329e-01
      9.4269e-01    4.773662e-01
      9.4412e-01    4.613568e-01
      9.4555e-01    4.452433e-01
      9.4697e-01    4.404090e-01
      9.4840e-01    4.403126e-01
      9.4983e-01    4.399576e-01
      9.5126e-01    4.309508e-01
      9.5268e-01    4.211839e-01
      9.5411e-01    4.126034e-01
      9.5554e-01    4.141659e-01
      9.5696e-01    4.155819e-01
      9.5839e-01    4.173798e-01
      9.5982e-01    4.203506e-01
      9.6125e-01    4.228005e-01
      9.6267e-01    4.250498e-01
      9.6410e-01    4.270386e-01
      9.6553e-01    4.284642e-01
      9.6696e-01    4.292860e-01
      9.6838e-01    4.287497e-01
      9.6981e-01    4.273608e-01
      9.7124e-01    4.145730e-01
      9.7266e-01    3.993893e-01
      9.7409e-01    3.839027e-01
      9.7552e-01    3.750540e-01
      9.7695e-01    3.646390e-01
      9.7837e-01    3.516852e-01
      9.7980e-01    3.359710e-01
      9.8123e-01    3.167343e-01
      9.8266e-01    2.938401e-01
      9.8408e-01    2.685557e-01
      9.8551e-01    2.411571e-01
      9.8694e-01    2.112565e-01
      9.8836e-01    1.809402e-01
      9.8979e-01    1.522740e-01
      9.9122e-01    1.264069e-01
      9.9265e-01    1.038346e-01
      9.9407e-01    8.414534e-02
      9.9550e-01    6.754028e-02
      9.9693e-01    5.382496e-02
      9.9836e-01    4.269576e-02
      9.9978e-01    3.385714e-02
      1.0012e+00    2.715940e-02
      1.0026e+00    2.197830e-02
      1.0041e+00    1.776617e-02
      1.0055e+00    1.449219e-02
      1.0069e+00    1.198532e-02
      1.0084e+00    1.005457e-02
      1.0098e+00    8.410676e-03
      1.0112e+00    7.110906e-03
      1.0126e+00    6.056225e-03
      1.0141e+00    5.128438e-03
      1.0155e+00    4.280321e-03
      1.0169e+00    3.565407e-03
      1.0183e+00    2.956862e-03
      1.0198e+00    2.467842e-03
      1.0212e+00    2.119182e-03
      1.0226e+00    1.796863e-03
      1.0240e+00    1.552037e-03
      1.0255e+00    1.362642e-03
      1.0269e+00    1.195836e-03
      1.0283e+00    1.090066e-03
      1.0298e+00    9.562081e-04
      1.0312e+00    8.827163e-04
      1.0326e+00    8.045734e-04
      1.0340e+00    7.143180e-04
      1.0355e+00    6.213868e-04
      1.0369e+00    5.285464e-04
      1.0383e+00    4.901540e-04
      1.0397e+00    4.180781e-04
      1.0412e+00    3.661089e-04
      1.0426e+00    3.064948e-04
      1.0440e+00    2.716635e-04
      1.0454e+00    2.588679e-04
      1.0469e+00    2.377446e-04
      1.0483e+00    1.974945e-04
      1.0497e+00    1.412503e-04
      1.0512e+00    1.358964e-04
      1.0526e+00    1.404825e-04
      1.0540e+00    1.477553e-04
      1.0554e+00    1.382894e-04
      1.0569e+00    1.259557e-04
      1.0583e+00    1.141623e-04
      1.0597e+00    1.081943e-04
      1.0612e+00    1.125262e-04
      1.0626e+00    9.918420e-05
      1.0640e+00    7.779002e-05
      1.0654e+00    5.806526e-05
      1.0669e+00    4.226635e-05
      1.0683e+00    3.059277e-05
      1.0697e+00    1.945604e-05
      1.0712e+00    1.153008e-05
      1.0726e+00    4.593737e-06
