#  wavelength_um     transmission
#
      6.7885e-01    1.053343e-03
      6.7890e-01    1.067719e-03
      6.7895e-01    1.126178e-03
      6.7900e-01    1.154930e-03
      6.7905e-01    1.184636e-03
      6.7910e-01    1.213387e-03
      6.7915e-01    1.272810e-03
      6.7920e-01    1.301560e-03
      6.7925e-01    1.331274e-03
      6.7930e-01    1.374400e-03
      6.7935e-01    1.432857e-03
      6.7940e-01    1.506655e-03
      6.7945e-01    1.521028e-03
      6.7950e-01    1.593861e-03
      6.7955e-01    1.637952e-03
      6.7960e-01    1.696409e-03
      6.7965e-01    1.726112e-03
      6.7970e-01    1.754862e-03
      6.7975e-01    1.798953e-03
      6.7980e-01    1.857409e-03
      6.7985e-01    1.901498e-03
      6.7990e-01    1.974330e-03
      6.7995e-01    2.032787e-03
      6.8000e-01    2.120962e-03
      6.8005e-01    2.193810e-03
      6.8010e-01    2.266649e-03
      6.8015e-01    2.354833e-03
      6.8020e-01    2.397971e-03
      6.8025e-01    2.442065e-03
      6.8030e-01    2.559007e-03
      6.8035e-01    2.588726e-03
      6.8040e-01    2.661586e-03
      6.8045e-01    2.749777e-03
      6.8050e-01    2.851378e-03
      6.8055e-01    2.925189e-03
      6.8060e-01    2.998036e-03
      6.8065e-01    3.086224e-03
      6.8070e-01    3.159071e-03
      6.8075e-01    3.217552e-03
      6.8080e-01    3.304775e-03
      6.8085e-01    3.378586e-03
      6.8090e-01    3.495528e-03
      6.8095e-01    3.568376e-03
      6.8100e-01    3.656568e-03
      6.8105e-01    3.759140e-03
      6.8110e-01    3.876092e-03
      6.8115e-01    3.977704e-03
      6.8120e-01    4.094661e-03
      6.8125e-01    4.197243e-03
      6.8130e-01    4.314193e-03
      6.8135e-01    4.416777e-03
      6.8140e-01    4.519362e-03
      6.8145e-01    4.666034e-03
      6.8150e-01    4.782995e-03
      6.8155e-01    4.914334e-03
      6.8160e-01    5.016916e-03
      6.8165e-01    5.133867e-03
      6.8170e-01    5.265262e-03
      6.8175e-01    5.382509e-03
      6.8180e-01    5.558340e-03
      6.8185e-01    5.705367e-03
      6.8190e-01    5.822451e-03
      6.8195e-01    5.997592e-03
      6.8200e-01    6.157724e-03
      6.8205e-01    6.331349e-03
      6.8210e-01    6.518436e-03
      6.8215e-01    6.691287e-03
      6.8220e-01    6.876800e-03
      6.8225e-01    7.061682e-03
      6.8230e-01    7.275689e-03
      6.8235e-01    7.474962e-03
      6.8240e-01    7.673065e-03
      6.8245e-01    7.901646e-03
      6.8250e-01    8.085562e-03
      6.8255e-01    8.285091e-03
      6.8260e-01    8.513427e-03
      6.8265e-01    8.770199e-03
      6.8270e-01    8.969906e-03
      6.8275e-01    9.212457e-03
      6.8280e-01    9.426413e-03
      6.8285e-01    9.728583e-03
      6.8290e-01    1.002852e-02
      6.8295e-01    1.032799e-02
      6.8300e-01    1.065531e-02
      6.8305e-01    1.097244e-02
      6.8310e-01    1.124133e-02
      6.8315e-01    1.154761e-02
      6.8320e-01    1.187211e-02
      6.8325e-01    1.224337e-02
      6.8330e-01    1.258563e-02
      6.8335e-01    1.296543e-02
      6.8340e-01    1.331647e-02
      6.8345e-01    1.369562e-02
      6.8350e-01    1.415023e-02
      6.8355e-01    1.454817e-02
      6.8360e-01    1.493684e-02
      6.8365e-01    1.538198e-02
      6.8370e-01    1.579889e-02
      6.8375e-01    1.628161e-02
      6.8380e-01    1.673585e-02
      6.8385e-01    1.727425e-02
      6.8390e-01    1.774620e-02
      6.8395e-01    1.823619e-02
      6.8400e-01    1.875345e-02
      6.8405e-01    1.931634e-02
      6.8410e-01    1.992499e-02
      6.8415e-01    2.053233e-02
      6.8420e-01    2.112924e-02
      6.8425e-01    2.174391e-02
      6.8430e-01    2.240451e-02
      6.8435e-01    2.309238e-02
      6.8440e-01    2.376089e-02
      6.8445e-01    2.439156e-02
      6.8450e-01    2.511552e-02
      6.8455e-01    2.590466e-02
      6.8460e-01    2.665658e-02
      6.8465e-01    2.739924e-02
      6.8470e-01    2.822560e-02
      6.8475e-01    2.908881e-02
      6.8480e-01    2.998870e-02
      6.8485e-01    3.083191e-02
      6.8490e-01    3.176705e-02
      6.8495e-01    3.274719e-02
      6.8500e-01    3.376258e-02
      6.8505e-01    3.474792e-02
      6.8510e-01    3.571262e-02
      6.8515e-01    3.679586e-02
      6.8520e-01    3.787728e-02
      6.8525e-01    3.893846e-02
      6.8530e-01    4.010006e-02
      6.8535e-01    4.121411e-02
      6.8540e-01    4.234578e-02
      6.8545e-01    4.356011e-02
      6.8550e-01    4.487574e-02
      6.8555e-01    4.616361e-02
      6.8560e-01    4.751538e-02
      6.8565e-01    4.888526e-02
      6.8570e-01    5.024570e-02
      6.8575e-01    5.172544e-02
      6.8580e-01    5.317657e-02
      6.8585e-01    5.466308e-02
      6.8590e-01    5.630427e-02
      6.8595e-01    5.787834e-02
      6.8600e-01    5.950451e-02
      6.8605e-01    6.114538e-02
      6.8610e-01    6.284693e-02
      6.8615e-01    6.454498e-02
      6.8620e-01    6.631346e-02
      6.8625e-01    6.812505e-02
      6.8630e-01    7.002593e-02
      6.8635e-01    7.186987e-02
      6.8640e-01    7.364848e-02
      6.8645e-01    7.559108e-02
      6.8650e-01    7.757002e-02
      6.8655e-01    7.951199e-02
      6.8660e-01    8.161706e-02
      6.8665e-01    8.372094e-02
      6.8670e-01    8.595236e-02
      6.8675e-01    8.819228e-02
      6.8680e-01    9.051292e-02
      6.8685e-01    9.284042e-02
      6.8690e-01    9.516488e-02
      6.8695e-01    9.757640e-02
      6.8700e-01    1.000738e-01
      6.8705e-01    1.024746e-01
      6.8710e-01    1.049601e-01
      6.8715e-01    1.075318e-01
      6.8720e-01    1.101892e-01
      6.8725e-01    1.128427e-01
      6.8730e-01    1.154929e-01
      6.8735e-01    1.182310e-01
      6.8740e-01    1.210588e-01
      6.8745e-01    1.238862e-01
      6.8750e-01    1.267122e-01
      6.8755e-01    1.296285e-01
      6.8760e-01    1.326317e-01
      6.8765e-01    1.356326e-01
      6.8770e-01    1.387126e-01
      6.8775e-01    1.418738e-01
      6.8780e-01    1.449421e-01
      6.8785e-01    1.482834e-01
      6.8790e-01    1.513638e-01
      6.8795e-01    1.547314e-01
      6.8800e-01    1.583019e-01
      6.8805e-01    1.618127e-01
      6.8810e-01    1.656240e-01
      6.8815e-01    1.693699e-01
      6.8820e-01    1.730461e-01
      6.8825e-01    1.768272e-01
      6.8830e-01    1.807957e-01
      6.8835e-01    1.846755e-01
      6.8840e-01    1.885488e-01
      6.8845e-01    1.925890e-01
      6.8850e-01    1.966281e-01
      6.8855e-01    2.008488e-01
      6.8860e-01    2.050722e-01
      6.8865e-01    2.092965e-01
      6.8870e-01    2.137934e-01
      6.8875e-01    2.181084e-01
      6.8880e-01    2.224255e-01
      6.8885e-01    2.269262e-01
      6.8890e-01    2.314294e-01
      6.8895e-01    2.359384e-01
      6.8900e-01    2.407254e-01
      6.8905e-01    2.452473e-01
      6.8910e-01    2.499587e-01
      6.8915e-01    2.548566e-01
      6.8920e-01    2.596693e-01
      6.8925e-01    2.647578e-01
      6.8930e-01    2.698491e-01
      6.8935e-01    2.748503e-01
      6.8940e-01    2.799427e-01
      6.8945e-01    2.850362e-01
      6.8950e-01    2.903137e-01
      6.8955e-01    2.955932e-01
      6.8960e-01    3.007833e-01
      6.8965e-01    3.059765e-01
      6.8970e-01    3.110795e-01
      6.8975e-01    3.163643e-01
      6.8980e-01    3.217405e-01
      6.8985e-01    3.272099e-01
      6.8990e-01    3.324114e-01
      6.8995e-01    3.379830e-01
      6.9000e-01    3.434712e-01
      6.9005e-01    3.490611e-01
      6.9010e-01    3.546599e-01
      6.9015e-01    3.602663e-01
      6.9020e-01    3.657875e-01
      6.9025e-01    3.714035e-01
      6.9030e-01    3.770217e-01
      6.9035e-01    3.826398e-01
      6.9040e-01    3.885316e-01
      6.9045e-01    3.941512e-01
      6.9050e-01    3.998649e-01
      6.9055e-01    4.056708e-01
      6.9060e-01    4.112964e-01
      6.9065e-01    4.171997e-01
      6.9070e-01    4.231952e-01
      6.9075e-01    4.290071e-01
      6.9080e-01    4.349105e-01
      6.9085e-01    4.407250e-01
      6.9090e-01    4.465442e-01
      6.9095e-01    4.523705e-01
      6.9100e-01    4.582981e-01
      6.9105e-01    4.642375e-01
      6.9110e-01    4.700959e-01
      6.9115e-01    4.758698e-01
      6.9120e-01    4.818332e-01
      6.9125e-01    4.878008e-01
      6.9130e-01    4.940436e-01
      6.9135e-01    5.001019e-01
      6.9140e-01    5.060692e-01
      6.9145e-01    5.121301e-01
      6.9150e-01    5.181023e-01
      6.9155e-01    5.237991e-01
      6.9160e-01    5.298659e-01
      6.9165e-01    5.355665e-01
      6.9170e-01    5.412690e-01
      6.9175e-01    5.468789e-01
      6.9180e-01    5.529476e-01
      6.9185e-01    5.586494e-01
      6.9190e-01    5.645405e-01
      6.9195e-01    5.703475e-01
      6.9200e-01    5.759795e-01
      6.9205e-01    5.819030e-01
      6.9210e-01    5.876527e-01
      6.9215e-01    5.932256e-01
      6.9220e-01    5.989885e-01
      6.9225e-01    6.044754e-01
      6.9230e-01    6.099603e-01
      6.9235e-01    6.154447e-01
      6.9240e-01    6.208374e-01
      6.9245e-01    6.261391e-01
      6.9250e-01    6.314421e-01
      6.9255e-01    6.368388e-01
      6.9260e-01    6.421445e-01
      6.9265e-01    6.474516e-01
      6.9270e-01    6.528536e-01
      6.9275e-01    6.580689e-01
      6.9280e-01    6.630036e-01
      6.9285e-01    6.679372e-01
      6.9290e-01    6.725957e-01
      6.9295e-01    6.776340e-01
      6.9300e-01    6.824980e-01
      6.9305e-01    6.871901e-01
      6.9310e-01    6.921736e-01
      6.9315e-01    6.969771e-01
      6.9320e-01    7.016916e-01
      6.9325e-01    7.064960e-01
      6.9330e-01    7.112055e-01
      6.9335e-01    7.160097e-01
      6.9340e-01    7.205342e-01
      6.9345e-01    7.249667e-01
      6.9350e-01    7.293998e-01
      6.9355e-01    7.336478e-01
      6.9360e-01    7.379884e-01
      6.9365e-01    7.422367e-01
      6.9370e-01    7.464867e-01
      6.9375e-01    7.507358e-01
      6.9380e-01    7.548879e-01
      6.9385e-01    7.588514e-01
      6.9390e-01    7.628177e-01
      6.9395e-01    7.667913e-01
      6.9400e-01    7.705891e-01
      6.9405e-01    7.741207e-01
      6.9410e-01    7.778505e-01
      6.9415e-01    7.812106e-01
      6.9420e-01    7.847583e-01
      6.9425e-01    7.881144e-01
      6.9430e-01    7.916577e-01
      6.9435e-01    7.948256e-01
      6.9440e-01    7.981823e-01
      6.9445e-01    8.016316e-01
      6.9450e-01    8.049875e-01
      6.9455e-01    8.081565e-01
      6.9460e-01    8.111363e-01
      6.9465e-01    8.143989e-01
      6.9470e-01    8.173798e-01
      6.9475e-01    8.203596e-01
      6.9480e-01    8.230549e-01
      6.9485e-01    8.258404e-01
      6.9490e-01    8.289094e-01
      6.9495e-01    8.317014e-01
      6.9500e-01    8.344120e-01
      6.9505e-01    8.372306e-01
      6.9510e-01    8.396813e-01
      6.9515e-01    8.423232e-01
      6.9520e-01    8.448665e-01
      6.9525e-01    8.472203e-01
      6.9530e-01    8.498564e-01
      6.9535e-01    8.522091e-01
      6.9540e-01    8.541831e-01
      6.9545e-01    8.566287e-01
      6.9550e-01    8.587906e-01
      6.9555e-01    8.610470e-01
      6.9560e-01    8.633019e-01
      6.9565e-01    8.659352e-01
      6.9570e-01    8.680008e-01
      6.9575e-01    8.702543e-01
      6.9580e-01    8.721278e-01
      6.9585e-01    8.741855e-01
      6.9590e-01    8.756736e-01
      6.9595e-01    8.778308e-01
      6.9600e-01    8.794302e-01
      6.9605e-01    8.813298e-01
      6.9610e-01    8.832378e-01
      6.9615e-01    8.847653e-01
      6.9620e-01    8.863843e-01
      6.9625e-01    8.878122e-01
      6.9630e-01    8.891435e-01
      6.9635e-01    8.905694e-01
      6.9640e-01    8.921836e-01
      6.9645e-01    8.936075e-01
      6.9650e-01    8.944603e-01
      6.9655e-01    8.957864e-01
      6.9660e-01    8.969220e-01
      6.9665e-01    8.984368e-01
      6.9670e-01    8.994745e-01
      6.9675e-01    9.009875e-01
      6.9680e-01    9.022138e-01
      6.9685e-01    9.032436e-01
      6.9690e-01    9.040810e-01
      6.9695e-01    9.049216e-01
      6.9700e-01    9.064414e-01
      6.9705e-01    9.074043e-01
      6.9710e-01    9.083722e-01
      6.9715e-01    9.090500e-01
      6.9720e-01    9.101077e-01
      6.9725e-01    9.108779e-01
      6.9730e-01    9.117420e-01
      6.9735e-01    9.127012e-01
      6.9740e-01    9.136592e-01
      6.9745e-01    9.142331e-01
      6.9750e-01    9.152842e-01
      6.9755e-01    9.160473e-01
      6.9760e-01    9.170010e-01
      6.9765e-01    9.174746e-01
      6.9770e-01    9.180424e-01
      6.9775e-01    9.187054e-01
      6.9780e-01    9.197502e-01
      6.9785e-01    9.206363e-01
      6.9790e-01    9.215453e-01
      6.9795e-01    9.224064e-01
      6.9800e-01    9.230561e-01
      6.9805e-01    9.237528e-01
      6.9810e-01    9.242363e-01
      6.9815e-01    9.244425e-01
      6.9820e-01    9.246475e-01
      6.9825e-01    9.249502e-01
      6.9830e-01    9.254440e-01
      6.9835e-01    9.256488e-01
      6.9840e-01    9.258547e-01
      6.9845e-01    9.260605e-01
      6.9850e-01    9.263618e-01
      6.9855e-01    9.270476e-01
      6.9860e-01    9.270610e-01
      6.9865e-01    9.275545e-01
      6.9870e-01    9.281435e-01
      6.9875e-01    9.285413e-01
      6.9880e-01    9.292268e-01
      6.9885e-01    9.297200e-01
      6.9890e-01    9.301163e-01
      6.9895e-01    9.302259e-01
      6.9900e-01    9.308151e-01
      6.9905e-01    9.314061e-01
      6.9910e-01    9.320915e-01
      6.9915e-01    9.323945e-01
      6.9920e-01    9.327919e-01
      6.9925e-01    9.331904e-01
      6.9930e-01    9.337801e-01
      6.9935e-01    9.345620e-01
      6.9940e-01    9.346725e-01
      6.9945e-01    9.349741e-01
      6.9950e-01    9.352757e-01
      6.9955e-01    9.359619e-01
      6.9960e-01    9.363600e-01
      6.9965e-01    9.364692e-01
      6.9970e-01    9.370585e-01
      6.9975e-01    9.377446e-01
      6.9980e-01    9.386228e-01
      6.9985e-01    9.391165e-01
      6.9990e-01    9.395155e-01
      6.9995e-01    9.399150e-01
      7.0000e-01    9.406927e-01
      7.0005e-01    9.414658e-01
      7.0010e-01    9.424313e-01
      7.0015e-01    9.431088e-01
      7.0020e-01    9.435939e-01
      7.0025e-01    9.439834e-01
      7.0030e-01    9.445641e-01
      7.0035e-01    9.452416e-01
      7.0040e-01    9.458223e-01
      7.0045e-01    9.463074e-01
      7.0050e-01    9.470815e-01
      7.0055e-01    9.479501e-01
      7.0060e-01    9.486275e-01
      7.0065e-01    9.491125e-01
      7.0070e-01    9.494052e-01
      7.0075e-01    9.504673e-01
      7.0080e-01    9.514326e-01
      7.0085e-01    9.523979e-01
      7.0090e-01    9.530742e-01
      7.0095e-01    9.531755e-01
      7.0100e-01    9.542365e-01
      7.0105e-01    9.552018e-01
      7.0110e-01    9.557836e-01
      7.0115e-01    9.565567e-01
      7.0120e-01    9.573299e-01
      7.0125e-01    9.584878e-01
      7.0130e-01    9.587807e-01
      7.0135e-01    9.597464e-01
      7.0140e-01    9.600393e-01
      7.0145e-01    9.609094e-01
      7.0150e-01    9.620674e-01
      7.0155e-01    9.627441e-01
      7.0160e-01    9.636142e-01
      7.0165e-01    9.643875e-01
      7.0170e-01    9.650652e-01
      7.0175e-01    9.655505e-01
      7.0180e-01    9.663238e-01
      7.0185e-01    9.672894e-01
      7.0190e-01    9.678712e-01
      7.0195e-01    9.685477e-01
      7.0200e-01    9.690329e-01
      7.0205e-01    9.696148e-01
      7.0210e-01    9.701000e-01
      7.0215e-01    9.703928e-01
      7.0220e-01    9.710704e-01
      7.0225e-01    9.717481e-01
      7.0230e-01    9.725213e-01
      7.0235e-01    9.729099e-01
      7.0240e-01    9.734919e-01
      7.0245e-01    9.739772e-01
      7.0250e-01    9.746548e-01
      7.0255e-01    9.753314e-01
      7.0260e-01    9.752406e-01
      7.0265e-01    9.756302e-01
      7.0270e-01    9.763068e-01
      7.0275e-01    9.766007e-01
      7.0280e-01    9.768936e-01
      7.0285e-01    9.770907e-01
      7.0290e-01    9.777672e-01
      7.0295e-01    9.779644e-01
      7.0300e-01    9.786419e-01
      7.0305e-01    9.788390e-01
      7.0310e-01    9.788438e-01
      7.0315e-01    9.794247e-01
      7.0320e-01    9.794296e-01
      7.0325e-01    9.794344e-01
      7.0330e-01    9.796316e-01
      7.0335e-01    9.798289e-01
      7.0340e-01    9.802175e-01
      7.0345e-01    9.802223e-01
      7.0350e-01    9.805163e-01
      7.0355e-01    9.809049e-01
      7.0360e-01    9.811021e-01
      7.0365e-01    9.810113e-01
      7.0370e-01    9.814966e-01
      7.0375e-01    9.815971e-01
      7.0380e-01    9.816018e-01
      7.0385e-01    9.817023e-01
      7.0390e-01    9.816113e-01
      7.0395e-01    9.815204e-01
      7.0400e-01    9.814284e-01
      7.0405e-01    9.811450e-01
      7.0410e-01    9.810539e-01
      7.0415e-01    9.814422e-01
      7.0420e-01    9.820240e-01
      7.0425e-01    9.821241e-01
      7.0430e-01    9.823209e-01
      7.0435e-01    9.822286e-01
      7.0440e-01    9.822330e-01
      7.0445e-01    9.825265e-01
      7.0450e-01    9.826265e-01
      7.0455e-01    9.828232e-01
      7.0460e-01    9.832113e-01
      7.0465e-01    9.834080e-01
      7.0470e-01    9.837004e-01
      7.0475e-01    9.838015e-01
      7.0480e-01    9.838058e-01
      7.0485e-01    9.840025e-01
      7.0490e-01    9.841026e-01
      7.0495e-01    9.838188e-01
      7.0500e-01    9.840155e-01
      7.0505e-01    9.837308e-01
      7.0510e-01    9.840245e-01
      7.0515e-01    9.842205e-01
      7.0520e-01    9.838415e-01
      7.0525e-01    9.841345e-01
      7.0530e-01    9.841394e-01
      7.0535e-01    9.844324e-01
      7.0540e-01    9.843418e-01
      7.0545e-01    9.845392e-01
      7.0550e-01    9.849281e-01
      7.0555e-01    9.850298e-01
      7.0560e-01    9.851306e-01
      7.0565e-01    9.853280e-01
      7.0570e-01    9.855254e-01
      7.0575e-01    9.853379e-01
      7.0580e-01    9.849579e-01
      7.0585e-01    9.851551e-01
      7.0590e-01    9.850642e-01
      7.0595e-01    9.850690e-01
      7.0600e-01    9.849770e-01
      7.0605e-01    9.845980e-01
      7.0610e-01    9.843137e-01
      7.0615e-01    9.842228e-01
      7.0620e-01    9.835547e-01
      7.0625e-01    9.834639e-01
      7.0630e-01    9.830839e-01
      7.0635e-01    9.828963e-01
      7.0640e-01    9.833818e-01
      7.0645e-01    9.829062e-01
      7.0650e-01    9.827197e-01
      7.0655e-01    9.829160e-01
      7.0660e-01    9.823446e-01
      7.0665e-01    9.824452e-01
      7.0670e-01    9.818737e-01
      7.0675e-01    9.813980e-01
      7.0680e-01    9.814985e-01
      7.0685e-01    9.814076e-01
      7.0690e-01    9.812199e-01
      7.0695e-01    9.809366e-01
      7.0700e-01    9.809414e-01
      7.0705e-01    9.808505e-01
      7.0710e-01    9.803747e-01
      7.0715e-01    9.800903e-01
      7.0720e-01    9.799037e-01
      7.0725e-01    9.798118e-01
      7.0730e-01    9.795285e-01
      7.0735e-01    9.795334e-01
      7.0740e-01    9.795382e-01
      7.0745e-01    9.793506e-01
      7.0750e-01    9.793555e-01
      7.0755e-01    9.795528e-01
      7.0760e-01    9.796534e-01
      7.0765e-01    9.799474e-01
      7.0770e-01    9.803362e-01
      7.0775e-01    9.804377e-01
      7.0780e-01    9.805383e-01
      7.0785e-01    9.806388e-01
      7.0790e-01    9.807403e-01
      7.0795e-01    9.808408e-01
      7.0800e-01    9.803650e-01
      7.0805e-01    9.804664e-01
      7.0810e-01    9.804710e-01
      7.0815e-01    9.806670e-01
      7.0820e-01    9.809606e-01
      7.0825e-01    9.810607e-01
      7.0830e-01    9.810650e-01
      7.0835e-01    9.809735e-01
      7.0840e-01    9.804970e-01
      7.0845e-01    9.804045e-01
      7.0850e-01    9.805054e-01
      7.0855e-01    9.805096e-01
      7.0860e-01    9.808020e-01
      7.0865e-01    9.806137e-01
      7.0870e-01    9.807137e-01
      7.0875e-01    9.807180e-01
      7.0880e-01    9.807223e-01
      7.0885e-01    9.805352e-01
      7.0890e-01    9.808276e-01
      7.0895e-01    9.809276e-01
      7.0900e-01    9.813169e-01
      7.0905e-01    9.814169e-01
      7.0910e-01    9.815182e-01
      7.0915e-01    9.815228e-01
      7.0920e-01    9.814307e-01
      7.0925e-01    9.814354e-01
      7.0930e-01    9.814402e-01
      7.0935e-01    9.814451e-01
      7.0940e-01    9.814500e-01
      7.0945e-01    9.816474e-01
      7.0950e-01    9.817480e-01
      7.0955e-01    9.813689e-01
      7.0960e-01    9.811812e-01
      7.0965e-01    9.815710e-01
      7.0970e-01    9.817672e-01
      7.0975e-01    9.819643e-01
      7.0980e-01    9.816807e-01
      7.0985e-01    9.818779e-01
      7.0990e-01    9.823633e-01
      7.0995e-01    9.828488e-01
      7.1000e-01    9.834302e-01
      7.1005e-01    9.837235e-01
      7.1010e-01    9.836329e-01
      7.1015e-01    9.837340e-01
      7.1020e-01    9.835479e-01
      7.1025e-01    9.835533e-01
      7.1030e-01    9.838471e-01
      7.1035e-01    9.842366e-01
      7.1040e-01    9.841465e-01
      7.1045e-01    9.845371e-01
      7.1050e-01    9.842534e-01
      7.1055e-01    9.844514e-01
      7.1060e-01    9.845537e-01
      7.1065e-01    9.844623e-01
      7.1070e-01    9.841797e-01
      7.1075e-01    9.842812e-01
      7.1080e-01    9.845763e-01
      7.1085e-01    9.844852e-01
      7.1090e-01    9.848756e-01
      7.1095e-01    9.846881e-01
      7.1100e-01    9.848851e-01
      7.1105e-01    9.848893e-01
      7.1110e-01    9.850860e-01
      7.1115e-01    9.852817e-01
      7.1120e-01    9.855752e-01
      7.1125e-01    9.857708e-01
      7.1130e-01    9.855835e-01
      7.1135e-01    9.855877e-01
      7.1140e-01    9.859759e-01
      7.1145e-01    9.859800e-01
      7.1150e-01    9.860810e-01
      7.1155e-01    9.859883e-01
      7.1160e-01    9.858967e-01
      7.1165e-01    9.860933e-01
      7.1170e-01    9.865781e-01
      7.1175e-01    9.869661e-01
      7.1180e-01    9.876434e-01
      7.1185e-01    9.881283e-01
      7.1190e-01    9.882282e-01
      7.1195e-01    9.883294e-01
      7.1200e-01    9.887181e-01
      7.1205e-01    9.891080e-01
      7.1210e-01    9.894979e-01
      7.1215e-01    9.895985e-01
      7.1220e-01    9.895076e-01
      7.1225e-01    9.898964e-01
      7.1230e-01    9.905747e-01
      7.1235e-01    9.907721e-01
      7.1240e-01    9.908726e-01
      7.1245e-01    9.910700e-01
      7.1250e-01    9.910748e-01
      7.1255e-01    9.913679e-01
      7.1260e-01    9.915653e-01
      7.1265e-01    9.915702e-01
      7.1270e-01    9.919603e-01
      7.1275e-01    9.922535e-01
      7.1280e-01    9.927393e-01
      7.1285e-01    9.930324e-01
      7.1290e-01    9.936138e-01
      7.1295e-01    9.940036e-01
      7.1300e-01    9.944890e-01
      7.1305e-01    9.949742e-01
      7.1310e-01    9.953637e-01
      7.1315e-01    9.955596e-01
      7.1320e-01    9.959491e-01
      7.1325e-01    9.963386e-01
      7.1330e-01    9.965345e-01
      7.1335e-01    9.968282e-01
      7.1340e-01    9.968326e-01
      7.1345e-01    9.969327e-01
      7.1350e-01    9.971296e-01
      7.1355e-01    9.972559e-01
      7.1360e-01    9.978808e-01
      7.1365e-01    9.981994e-01
      7.1370e-01    9.986420e-01
      7.1375e-01    9.993549e-01
      7.1380e-01    1.000000e+00
      7.1385e-01    9.999510e-01
      7.1390e-01    9.996396e-01
      7.1395e-01    9.996922e-01
      7.1400e-01    9.990967e-01
      7.1405e-01    9.982542e-01
      7.1410e-01    9.972021e-01
      7.1415e-01    9.965439e-01
      7.1420e-01    9.958859e-01
      7.1425e-01    9.952270e-01
      7.1430e-01    9.942824e-01
      7.1435e-01    9.934337e-01
      7.1440e-01    9.919166e-01
      7.1445e-01    9.905922e-01
      7.1450e-01    9.895552e-01
      7.1455e-01    9.882348e-01
      7.1460e-01    9.870129e-01
      7.1465e-01    9.857918e-01
      7.1470e-01    9.846675e-01
      7.1475e-01    9.839228e-01
      7.1480e-01    9.824194e-01
      7.1485e-01    9.809148e-01
      7.1490e-01    9.795036e-01
      7.1495e-01    9.779976e-01
      7.1500e-01    9.762993e-01
      7.1505e-01    9.746943e-01
      7.1510e-01    9.732784e-01
      7.1515e-01    9.717716e-01
      7.1520e-01    9.704540e-01
      7.1525e-01    9.688545e-01
      7.1530e-01    9.671643e-01
      7.1535e-01    9.652868e-01
      7.1540e-01    9.635062e-01
      7.1545e-01    9.621969e-01
      7.1550e-01    9.610774e-01
      7.1555e-01    9.594920e-01
      7.1560e-01    9.580023e-01
      7.1565e-01    9.564216e-01
      7.1570e-01    9.546555e-01
      7.1575e-01    9.531707e-01
      7.1580e-01    9.511273e-01
      7.1585e-01    9.489911e-01
      7.1590e-01    9.470430e-01
      7.1595e-01    9.452799e-01
      7.1600e-01    9.437010e-01
      7.1605e-01    9.421218e-01
      7.1610e-01    9.402653e-01
      7.1615e-01    9.385037e-01
      7.1620e-01    9.362813e-01
      7.1625e-01    9.336913e-01
      7.1630e-01    9.317521e-01
      7.1635e-01    9.297233e-01
      7.1640e-01    9.276052e-01
      7.1645e-01    9.254893e-01
      7.1650e-01    9.233773e-01
      7.1655e-01    9.215457e-01
      7.1660e-01    9.198083e-01
      7.1665e-01    9.178891e-01
      7.1670e-01    9.161557e-01
      7.1675e-01    9.141487e-01
      7.1680e-01    9.118684e-01
      7.1685e-01    9.094054e-01
      7.1690e-01    9.073110e-01
      7.1695e-01    9.051250e-01
      7.1700e-01    9.031220e-01
      7.1705e-01    9.006618e-01
      7.1710e-01    8.979318e-01
      7.1715e-01    8.952060e-01
      7.1720e-01    8.923926e-01
      7.1725e-01    8.900375e-01
      7.1730e-01    8.879578e-01
      7.1735e-01    8.855186e-01
      7.1740e-01    8.831611e-01
      7.1745e-01    8.806994e-01
      7.1750e-01    8.780494e-01
      7.1755e-01    8.751608e-01
      7.1760e-01    8.723418e-01
      7.1765e-01    8.698069e-01
      7.1770e-01    8.667839e-01
      7.1775e-01    8.642063e-01
      7.1780e-01    8.616619e-01
      7.1785e-01    8.595422e-01
      7.1790e-01    8.570768e-01
      7.1795e-01    8.544771e-01
      7.1800e-01    8.528548e-01
      7.1805e-01    8.513140e-01
      7.1810e-01    8.499973e-01
      7.1815e-01    8.479444e-01
      7.1820e-01    8.462135e-01
      7.1825e-01    8.444818e-01
      7.1830e-01    8.423886e-01
      7.1835e-01    8.407437e-01
      7.1840e-01    8.388264e-01
      7.1845e-01    8.369966e-01
      7.1850e-01    8.351648e-01
      7.1855e-01    8.331519e-01
      7.1860e-01    8.309566e-01
      7.1865e-01    8.288490e-01
      7.1870e-01    8.268302e-01
      7.1875e-01    8.249891e-01
      7.1880e-01    8.231463e-01
      7.1885e-01    8.208518e-01
      7.1890e-01    8.187351e-01
      7.1895e-01    8.158945e-01
      7.1900e-01    8.135934e-01
      7.1905e-01    8.112915e-01
      7.1910e-01    8.085345e-01
      7.1915e-01    8.061373e-01
      7.1920e-01    8.031951e-01
      7.1925e-01    8.003404e-01
      7.1930e-01    7.975732e-01
      7.1935e-01    7.949847e-01
      7.1940e-01    7.922130e-01
      7.1945e-01    7.891657e-01
      7.1950e-01    7.862971e-01
      7.1955e-01    7.836075e-01
      7.1960e-01    7.810058e-01
      7.1965e-01    7.778574e-01
      7.1970e-01    7.746149e-01
      7.1975e-01    7.717337e-01
      7.1980e-01    7.683053e-01
      7.1985e-01    7.651469e-01
      7.1990e-01    7.618947e-01
      7.1995e-01    7.582768e-01
      7.2000e-01    7.552929e-01
      7.2005e-01    7.520350e-01
      7.2010e-01    7.484098e-01
      7.2015e-01    7.449630e-01
      7.2020e-01    7.414222e-01
      7.2025e-01    7.382435e-01
      7.2030e-01    7.346057e-01
      7.2035e-01    7.310555e-01
      7.2040e-01    7.270454e-01
      7.2045e-01    7.235805e-01
      7.2050e-01    7.197466e-01
      7.2055e-01    7.160004e-01
      7.2060e-01    7.120688e-01
      7.2065e-01    7.081339e-01
      7.2070e-01    7.044692e-01
      7.2075e-01    7.006191e-01
      7.2080e-01    6.971327e-01
      7.2085e-01    6.930930e-01
      7.2090e-01    6.893259e-01
      7.2095e-01    6.850050e-01
      7.2100e-01    6.812309e-01
      7.2105e-01    6.773624e-01
      7.2110e-01    6.730318e-01
      7.2115e-01    6.687890e-01
      7.2120e-01    6.639916e-01
      7.2125e-01    6.599268e-01
      7.2130e-01    6.558717e-01
      7.2135e-01    6.513701e-01
      7.2140e-01    6.470613e-01
      7.2145e-01    6.428481e-01
      7.2150e-01    6.382665e-01
      7.2155e-01    6.338642e-01
      7.2160e-01    6.289904e-01
      7.2165e-01    6.246569e-01
      7.2170e-01    6.205836e-01
      7.2175e-01    6.161185e-01
      7.2180e-01    6.115361e-01
      7.2185e-01    6.068327e-01
      7.2190e-01    6.025588e-01
      7.2195e-01    5.976020e-01
      7.2200e-01    5.932532e-01
      7.2205e-01    5.884030e-01
      7.2210e-01    5.836186e-01
      7.2215e-01    5.789157e-01
      7.2220e-01    5.741266e-01
      7.2225e-01    5.695286e-01
      7.2230e-01    5.646520e-01
      7.2235e-01    5.596837e-01
      7.2240e-01    5.548070e-01
      7.2245e-01    5.498367e-01
      7.2250e-01    5.449591e-01
      7.2255e-01    5.399879e-01
      7.2260e-01    5.352015e-01
      7.2265e-01    5.304157e-01
      7.2270e-01    5.256285e-01
      7.2275e-01    5.211183e-01
      7.2280e-01    5.167930e-01
      7.2285e-01    5.120980e-01
      7.2290e-01    5.069400e-01
      7.2295e-01    5.021512e-01
      7.2300e-01    4.975474e-01
      7.2305e-01    4.927580e-01
      7.2310e-01    4.882457e-01
      7.2315e-01    4.834566e-01
      7.2320e-01    4.787581e-01
      7.2325e-01    4.743377e-01
      7.2330e-01    4.693608e-01
      7.2335e-01    4.644767e-01
      7.2340e-01    4.599628e-01
      7.2345e-01    4.549846e-01
      7.2350e-01    4.500990e-01
      7.2355e-01    4.453053e-01
      7.2360e-01    4.404189e-01
      7.2365e-01    4.357164e-01
      7.2370e-01    4.309223e-01
      7.2375e-01    4.262189e-01
      7.2380e-01    4.216083e-01
      7.2385e-01    4.168119e-01
      7.2390e-01    4.123859e-01
      7.2395e-01    4.078673e-01
      7.2400e-01    4.034395e-01
      7.2405e-01    3.987347e-01
      7.2410e-01    3.942138e-01
      7.2415e-01    3.896936e-01
      7.2420e-01    3.848020e-01
      7.2425e-01    3.800022e-01
      7.2430e-01    3.756651e-01
      7.2435e-01    3.707723e-01
      7.2440e-01    3.663422e-01
      7.2445e-01    3.615407e-01
      7.2450e-01    3.572944e-01
      7.2455e-01    3.528631e-01
      7.2460e-01    3.482459e-01
      7.2465e-01    3.438138e-01
      7.2470e-01    3.392880e-01
      7.2475e-01    3.349483e-01
      7.2480e-01    3.305138e-01
      7.2485e-01    3.258943e-01
      7.2490e-01    3.215533e-01
      7.2495e-01    3.171175e-01
      7.2500e-01    3.127755e-01
      7.2505e-01    3.087100e-01
      7.2510e-01    3.042738e-01
      7.2515e-01    3.001152e-01
      7.2520e-01    2.959563e-01
      7.2525e-01    2.918892e-01
      7.2530e-01    2.877295e-01
      7.2535e-01    2.837550e-01
      7.2540e-01    2.795945e-01
      7.2545e-01    2.755259e-01
      7.2550e-01    2.714580e-01
      7.2555e-01    2.673886e-01
      7.2560e-01    2.633200e-01
      7.2565e-01    2.594356e-01
      7.2570e-01    2.555510e-01
      7.2575e-01    2.516660e-01
      7.2580e-01    2.479665e-01
      7.2585e-01    2.440809e-01
      7.2590e-01    2.401026e-01
      7.2595e-01    2.364956e-01
      7.2600e-01    2.324234e-01
      7.2605e-01    2.290939e-01
      7.2610e-01    2.252992e-01
      7.2615e-01    2.218758e-01
      7.2620e-01    2.184532e-01
      7.2625e-01    2.149357e-01
      7.2630e-01    2.116048e-01
      7.2635e-01    2.082735e-01
      7.2640e-01    2.047551e-01
      7.2645e-01    2.014232e-01
      7.2650e-01    1.979976e-01
      7.2655e-01    1.946651e-01
      7.2660e-01    1.913313e-01
      7.2665e-01    1.880906e-01
      7.2670e-01    1.849430e-01
      7.2675e-01    1.818877e-01
      7.2680e-01    1.787385e-01
      7.2685e-01    1.755891e-01
      7.2690e-01    1.724404e-01
      7.2695e-01    1.693839e-01
      7.2700e-01    1.663261e-01
      7.2705e-01    1.632690e-01
      7.2710e-01    1.603041e-01
      7.2715e-01    1.574324e-01
      7.2720e-01    1.546530e-01
      7.2725e-01    1.520592e-01
      7.2730e-01    1.492793e-01
      7.2735e-01    1.464991e-01
      7.2740e-01    1.437186e-01
      7.2745e-01    1.413089e-01
      7.2750e-01    1.388075e-01
      7.2755e-01    1.361188e-01
      7.2760e-01    1.336159e-01
      7.2765e-01    1.311128e-01
      7.2770e-01    1.287030e-01
      7.2775e-01    1.261069e-01
      7.2780e-01    1.236032e-01
      7.2785e-01    1.212852e-01
      7.2790e-01    1.188746e-01
      7.2795e-01    1.166487e-01
      7.2800e-01    1.146088e-01
      7.2805e-01    1.122901e-01
      7.2810e-01    1.102498e-01
      7.2815e-01    1.081168e-01
      7.2820e-01    1.060761e-01
      7.2825e-01    1.041289e-01
      7.2830e-01    1.020879e-01
      7.2835e-01    1.001400e-01
      7.2840e-01    9.809884e-02
      7.2845e-01    9.615045e-02
      7.2850e-01    9.448086e-02
      7.2855e-01    9.266236e-02
      7.2860e-01    9.080646e-02
      7.2865e-01    8.915492e-02
      7.2870e-01    8.730806e-02
      7.2875e-01    8.552607e-02
      7.2880e-01    8.375329e-02
      7.2885e-01    8.189659e-02
      7.2890e-01    8.016992e-02
      7.2895e-01    7.857338e-02
      7.2900e-01    7.706984e-02
      7.2905e-01    7.528696e-02
      7.2910e-01    7.388536e-02
      7.2915e-01    7.263258e-02
      7.2920e-01    7.108200e-02
      7.2925e-01    6.949392e-02
      7.2930e-01    6.810118e-02
      7.2935e-01    6.658715e-02
      7.2940e-01    6.540628e-02
      7.2945e-01    6.397256e-02
      7.2950e-01    6.272384e-02
      7.2955e-01    6.138159e-02
      7.2960e-01    6.003013e-02
      7.2965e-01    5.880026e-02
      7.2970e-01    5.747821e-02
      7.2975e-01    5.629712e-02
      7.2980e-01    5.515504e-02
      7.2985e-01    5.390333e-02
      7.2990e-01    5.282148e-02
      7.2995e-01    5.170509e-02
      7.3000e-01    5.054489e-02
      7.3005e-01    4.953661e-02
      7.3010e-01    4.840003e-02
      7.3015e-01    4.746952e-02
      7.3020e-01    4.648345e-02
      7.3025e-01    4.554342e-02
      7.3030e-01    4.469563e-02
      7.3035e-01    4.379007e-02
      7.3040e-01    4.283647e-02
      7.3045e-01    4.191950e-02
      7.3050e-01    4.105781e-02
      7.3055e-01    4.023286e-02
      7.3060e-01    3.928557e-02
      7.3065e-01    3.854348e-02
      7.3070e-01    3.771643e-02
      7.3075e-01    3.686059e-02
      7.3080e-01    3.606024e-02
      7.3085e-01    3.539987e-02
      7.3090e-01    3.467326e-02
      7.3095e-01    3.396493e-02
      7.3100e-01    3.322776e-02
      7.3105e-01    3.251813e-02
      7.3110e-01    3.171394e-02
      7.3115e-01    3.108773e-02
      7.3120e-01    3.042334e-02
      7.3125e-01    2.981490e-02
      7.3130e-01    2.927174e-02
      7.3135e-01    2.862460e-02
      7.3140e-01    2.811820e-02
      7.3145e-01    2.748888e-02
      7.3150e-01    2.688730e-02
      7.3155e-01    2.627572e-02
      7.3160e-01    2.589960e-02
      7.3165e-01    2.528720e-02
      7.3170e-01    2.472140e-02
      7.3175e-01    2.420246e-02
      7.3180e-01    2.367359e-02
      7.3185e-01    2.322941e-02
      7.3190e-01    2.269028e-02
      7.3195e-01    2.217908e-02
      7.3200e-01    2.172421e-02
      7.3205e-01    2.134482e-02
      7.3210e-01    2.088923e-02
      7.3215e-01    2.045225e-02
      7.3220e-01    2.013825e-02
      7.3225e-01    1.982389e-02
      7.3230e-01    1.938592e-02
      7.3235e-01    1.895715e-02
      7.3240e-01    1.860398e-02
      7.3245e-01    1.819345e-02
      7.3250e-01    1.786816e-02
      7.3255e-01    1.759961e-02
      7.3260e-01    1.722625e-02
      7.3265e-01    1.694774e-02
      7.3270e-01    1.673565e-02
      7.3275e-01    1.638053e-02
      7.3280e-01    1.611081e-02
      7.3285e-01    1.578371e-02
      7.3290e-01    1.546594e-02
      7.3295e-01    1.519550e-02
      7.3300e-01    1.486761e-02
      7.3305e-01    1.457768e-02
      7.3310e-01    1.429702e-02
      7.3315e-01    1.403526e-02
      7.3320e-01    1.376365e-02
      7.3325e-01    1.358745e-02
      7.3330e-01    1.329639e-02
      7.3335e-01    1.299547e-02
      7.3340e-01    1.269431e-02
      7.3345e-01    1.234541e-02
      7.3350e-01    1.213050e-02
      7.3355e-01    1.195410e-02
      7.3360e-01    1.172001e-02
      7.3365e-01    1.161039e-02
      7.3370e-01    1.141422e-02
      7.3375e-01    1.126555e-02
      7.3380e-01    1.106849e-02
      7.3385e-01    1.073625e-02
      7.3390e-01    1.057630e-02
      7.3395e-01    1.032913e-02
      7.3400e-01    1.015811e-02
      7.3405e-01    9.967059e-03
      7.3410e-01    9.775360e-03
      7.3415e-01    9.528330e-03
      7.3420e-01    9.396431e-03
      7.3425e-01    9.160439e-03
      7.3430e-01    8.882078e-03
      7.3435e-01    8.704806e-03
      7.3440e-01    8.544081e-03
      7.3445e-01    8.352762e-03
      7.3450e-01    8.089276e-03
      7.3455e-01    7.972023e-03
      7.3460e-01    7.853809e-03
      7.3465e-01    7.707685e-03
      7.3470e-01    7.487480e-03
      7.3475e-01    7.325955e-03
      7.3480e-01    7.179816e-03
      7.3485e-01    7.018281e-03
      7.3490e-01    6.871164e-03
      7.3495e-01    6.753888e-03
      7.3500e-01    6.651031e-03
      7.3505e-01    6.563563e-03
      7.3510e-01    6.489579e-03
      7.3515e-01    6.372279e-03
      7.3520e-01    6.284803e-03
      7.3525e-01    6.050101e-03
      7.3530e-01    6.005922e-03
      7.3535e-01    5.814514e-03
      7.3540e-01    5.682759e-03
      7.3545e-01    5.668413e-03
      7.3550e-01    5.521264e-03
      7.3555e-01    5.462648e-03
      7.3560e-01    5.345341e-03
      7.3565e-01    5.257851e-03
      7.3570e-01    5.110692e-03
      7.3575e-01    4.949087e-03
      7.3580e-01    4.846180e-03
      7.3585e-01    4.744231e-03
      7.3590e-01    4.758731e-03
      7.3595e-01    4.700062e-03
      7.3600e-01    4.582668e-03
      7.3605e-01    4.567295e-03
      7.3610e-01    4.523992e-03
      7.3615e-01    4.420999e-03
      7.3620e-01    4.303561e-03
      7.3625e-01    4.215006e-03
      7.3630e-01    4.214995e-03
      7.3635e-01    4.186108e-03
      7.3640e-01    4.141817e-03
      7.3645e-01    4.068665e-03
      7.3650e-01    4.024381e-03
      7.3655e-01    3.965669e-03
      7.3660e-01    3.906957e-03
      7.3665e-01    3.848235e-03
      7.3670e-01    3.745240e-03
      7.3675e-01    3.627817e-03
      7.3680e-01    3.583533e-03
      7.3685e-01    3.583532e-03
      7.3690e-01    3.539258e-03
      7.3695e-01    3.510381e-03
      7.3700e-01    3.466097e-03
      7.3705e-01    3.421824e-03
      7.3710e-01    3.363113e-03
      7.3715e-01    3.304391e-03
      7.3720e-01    3.275515e-03
      7.3725e-01    3.260118e-03
      7.3730e-01    3.216803e-03
      7.3735e-01    3.172520e-03
      7.3740e-01    3.040660e-03
      7.3745e-01    2.981939e-03
      7.3750e-01    2.937666e-03
      7.3755e-01    2.820234e-03
      7.3760e-01    2.820233e-03
      7.3765e-01    2.717239e-03
      7.3770e-01    2.731677e-03
      7.3775e-01    2.687404e-03
      7.3780e-01    2.644089e-03
      7.3785e-01    2.672965e-03
      7.3790e-01    2.644088e-03
      7.3795e-01    2.599805e-03
      7.3800e-01    2.585367e-03
      7.3805e-01    2.569971e-03
      7.3810e-01    2.555533e-03
      7.3815e-01    2.569972e-03
      7.3820e-01    2.569972e-03
      7.3825e-01    2.526659e-03
      7.3830e-01    2.466980e-03
      7.3835e-01    2.452543e-03
      7.3840e-01    2.393833e-03
      7.3845e-01    2.349550e-03
      7.3850e-01    2.290840e-03
      7.3855e-01    2.261965e-03
      7.3860e-01    2.261965e-03
      7.3865e-01    2.173410e-03
      7.3870e-01    2.130096e-03
      7.3875e-01    2.041541e-03
      7.3880e-01    2.011707e-03
      7.3885e-01    1.924121e-03
      7.3890e-01    1.924121e-03
      7.3895e-01    1.924121e-03
      7.3900e-01    1.952998e-03
      7.3905e-01    1.968394e-03
      7.3910e-01    1.924121e-03
      7.3915e-01    1.952997e-03
      7.3920e-01    1.894275e-03
      7.3925e-01    1.865399e-03
      7.3930e-01    1.792249e-03
      7.3935e-01    1.718131e-03
      7.3940e-01    1.659420e-03
      7.3945e-01    1.541988e-03
      7.3950e-01    1.513111e-03
      7.3955e-01    1.438993e-03
      7.3960e-01    1.321561e-03
      7.3965e-01    1.278247e-03
      7.3970e-01    1.204129e-03
      7.3975e-01    1.159856e-03
      7.3980e-01    1.086707e-03
