#  wavelength_um     transmission
#
      5.0170e-01    1.140075e-03
      5.0175e-01    1.234622e-03
      5.0180e-01    1.234772e-03
      5.0185e-01    1.282655e-03
      5.0190e-01    1.378298e-03
      5.0195e-01    1.394036e-03
      5.0200e-01    1.441968e-03
      5.0205e-01    1.442145e-03
      5.0210e-01    1.505659e-03
      5.0215e-01    1.536999e-03
      5.0220e-01    1.552768e-03
      5.0225e-01    1.552959e-03
      5.0230e-01    1.633148e-03
      5.0235e-01    1.664520e-03
      5.0240e-01    1.760330e-03
      5.0245e-01    1.808349e-03
      5.0250e-01    1.824162e-03
      5.0255e-01    1.855572e-03
      5.0260e-01    1.903620e-03
      5.0265e-01    1.999516e-03
      5.0270e-01    2.046557e-03
      5.0275e-01    2.126893e-03
      5.0280e-01    2.190600e-03
      5.0285e-01    2.269937e-03
      5.0290e-01    2.365936e-03
      5.0295e-01    2.413050e-03
      5.0300e-01    2.556957e-03
      5.0305e-01    2.667590e-03
      5.0310e-01    2.715805e-03
      5.0315e-01    2.811905e-03
      5.0320e-01    2.827865e-03
      5.0325e-01    2.907357e-03
      5.0330e-01    3.051428e-03
      5.0335e-01    3.067423e-03
      5.0340e-01    3.242799e-03
      5.0345e-01    3.370299e-03
      5.0350e-01    3.482200e-03
      5.0355e-01    3.561818e-03
      5.0360e-01    3.721706e-03
      5.0365e-01    3.817018e-03
      5.0370e-01    3.896705e-03
      5.0375e-01    4.041053e-03
      5.0380e-01    4.184399e-03
      5.0385e-01    4.248528e-03
      5.0390e-01    4.391923e-03
      5.0395e-01    4.519718e-03
      5.0400e-01    4.743524e-03
      5.0405e-01    4.935034e-03
      5.0410e-01    5.079635e-03
      5.0415e-01    5.318197e-03
      5.0420e-01    5.382524e-03
      5.0425e-01    5.527234e-03
      5.0430e-01    5.670941e-03
      5.0435e-01    5.910733e-03
      5.0440e-01    6.038858e-03
      5.0445e-01    6.230716e-03
      5.0450e-01    6.455007e-03
      5.0455e-01    6.662631e-03
      5.0460e-01    6.807619e-03
      5.0465e-01    7.079081e-03
      5.0470e-01    7.271181e-03
      5.0475e-01    7.463327e-03
      5.0480e-01    7.655532e-03
      5.0485e-01    7.847772e-03
      5.0490e-01    8.120566e-03
      5.0495e-01    8.297225e-03
      5.0500e-01    8.520986e-03
      5.0505e-01    8.745856e-03
      5.0510e-01    9.017841e-03
      5.0515e-01    9.258518e-03
      5.0520e-01    9.530644e-03
      5.0525e-01    9.835269e-03
      5.0530e-01    1.007612e-02
      5.0535e-01    1.038089e-02
      5.0540e-01    1.062502e-02
      5.0545e-01    1.096133e-02
      5.0550e-01    1.126631e-02
      5.0555e-01    1.163415e-02
      5.0560e-01    1.201267e-02
      5.0565e-01    1.239116e-02
      5.0570e-01    1.267553e-02
      5.0575e-01    1.298095e-02
      5.0580e-01    1.337013e-02
      5.0585e-01    1.373853e-02
      5.0590e-01    1.408616e-02
      5.0595e-01    1.439179e-02
      5.0600e-01    1.478144e-02
      5.0605e-01    1.517120e-02
      5.0610e-01    1.558194e-02
      5.0615e-01    1.598245e-02
      5.0620e-01    1.659271e-02
      5.0625e-01    1.701433e-02
      5.0630e-01    1.747795e-02
      5.0635e-01    1.789978e-02
      5.0640e-01    1.838474e-02
      5.0645e-01    1.878577e-02
      5.0650e-01    1.928141e-02
      5.0655e-01    1.985055e-02
      5.0660e-01    2.031496e-02
      5.0665e-01    2.081096e-02
      5.0670e-01    2.147505e-02
      5.0675e-01    2.211827e-02
      5.0680e-01    2.282475e-02
      5.0685e-01    2.338427e-02
      5.0690e-01    2.401750e-02
      5.0695e-01    2.464042e-02
      5.0700e-01    2.517933e-02
      5.0705e-01    2.576046e-02
      5.0710e-01    2.643638e-02
      5.0715e-01    2.711247e-02
      5.0720e-01    2.782012e-02
      5.0725e-01    2.849654e-02
      5.0730e-01    2.922570e-02
      5.0735e-01    3.007069e-02
      5.0740e-01    3.086329e-02
      5.0745e-01    3.165607e-02
      5.0750e-01    3.223862e-02
      5.0755e-01    3.307378e-02
      5.0760e-01    3.380401e-02
      5.0765e-01    3.473434e-02
      5.0770e-01    3.564381e-02
      5.0775e-01    3.659566e-02
      5.0780e-01    3.742148e-02
      5.0785e-01    3.835269e-02
      5.0790e-01    3.935788e-02
      5.0795e-01    4.027907e-02
      5.0800e-01    4.124257e-02
      5.0805e-01    4.239604e-02
      5.0810e-01    4.350760e-02
      5.0815e-01    4.465103e-02
      5.0820e-01    4.590014e-02
      5.0825e-01    4.704415e-02
      5.0830e-01    4.832557e-02
      5.0835e-01    4.938583e-02
      5.0840e-01    5.052006e-02
      5.0845e-01    5.167580e-02
      5.0850e-01    5.294778e-02
      5.0855e-01    5.419895e-02
      5.0860e-01    5.568254e-02
      5.0865e-01    5.707159e-02
      5.0870e-01    5.851363e-02
      5.0875e-01    5.999827e-02
      5.0880e-01    6.144102e-02
      5.0885e-01    6.307422e-02
      5.0890e-01    6.464442e-02
      5.0895e-01    6.615169e-02
      5.0900e-01    6.756426e-02
      5.0905e-01    6.919904e-02
      5.0910e-01    7.112998e-02
      5.0915e-01    7.294512e-02
      5.0920e-01    7.488751e-02
      5.0925e-01    7.680935e-02
      5.0930e-01    7.867870e-02
      5.0935e-01    8.066484e-02
      5.0940e-01    8.261965e-02
      5.0945e-01    8.459621e-02
      5.0950e-01    8.654158e-02
      5.0955e-01    8.858303e-02
      5.0960e-01    9.083677e-02
      5.0965e-01    9.296426e-02
      5.0970e-01    9.507109e-02
      5.0975e-01    9.726291e-02
      5.0980e-01    9.969842e-02
      5.0985e-01    1.021657e-01
      5.0990e-01    1.044530e-01
      5.0995e-01    1.068034e-01
      5.1000e-01    1.091426e-01
      5.1005e-01    1.116928e-01
      5.1010e-01    1.143483e-01
      5.1015e-01    1.170033e-01
      5.1020e-01    1.196579e-01
      5.1025e-01    1.225245e-01
      5.1030e-01    1.252846e-01
      5.1035e-01    1.280462e-01
      5.1040e-01    1.307018e-01
      5.1045e-01    1.335691e-01
      5.1050e-01    1.364383e-01
      5.1055e-01    1.395199e-01
      5.1060e-01    1.426007e-01
      5.1065e-01    1.456831e-01
      5.1070e-01    1.489768e-01
      5.1075e-01    1.524844e-01
      5.1080e-01    1.562034e-01
      5.1085e-01    1.594985e-01
      5.1090e-01    1.629007e-01
      5.1095e-01    1.666211e-01
      5.1100e-01    1.703421e-01
      5.1105e-01    1.740635e-01
      5.1110e-01    1.781032e-01
      5.1115e-01    1.820379e-01
      5.1120e-01    1.860787e-01
      5.1125e-01    1.903324e-01
      5.1130e-01    1.945865e-01
      5.1135e-01    1.984166e-01
      5.1140e-01    2.029910e-01
      5.1145e-01    2.074580e-01
      5.1150e-01    2.119268e-01
      5.1155e-01    2.165017e-01
      5.1160e-01    2.207593e-01
      5.1165e-01    2.255478e-01
      5.1170e-01    2.303369e-01
      5.1175e-01    2.350211e-01
      5.1180e-01    2.398115e-01
      5.1185e-01    2.448150e-01
      5.1190e-01    2.498192e-01
      5.1195e-01    2.549297e-01
      5.1200e-01    2.602535e-01
      5.1205e-01    2.654711e-01
      5.1210e-01    2.705849e-01
      5.1215e-01    2.761222e-01
      5.1220e-01    2.811305e-01
      5.1225e-01    2.867761e-01
      5.1230e-01    2.924236e-01
      5.1235e-01    2.980707e-01
      5.1240e-01    3.039312e-01
      5.1245e-01    3.096855e-01
      5.1250e-01    3.150164e-01
      5.1255e-01    3.209860e-01
      5.1260e-01    3.270622e-01
      5.1265e-01    3.332450e-01
      5.1270e-01    3.394286e-01
      5.1275e-01    3.458257e-01
      5.1280e-01    3.525421e-01
      5.1285e-01    3.587281e-01
      5.1290e-01    3.654474e-01
      5.1295e-01    3.720595e-01
      5.1300e-01    3.788863e-01
      5.1305e-01    3.851826e-01
      5.1310e-01    3.921169e-01
      5.1315e-01    3.986265e-01
      5.1320e-01    4.054568e-01
      5.1325e-01    4.124996e-01
      5.1330e-01    4.196504e-01
      5.1335e-01    4.268021e-01
      5.1340e-01    4.338477e-01
      5.1345e-01    4.403625e-01
      5.1350e-01    4.470922e-01
      5.1355e-01    4.542464e-01
      5.1360e-01    4.611897e-01
      5.1365e-01    4.686657e-01
      5.1370e-01    4.761427e-01
      5.1375e-01    4.829829e-01
      5.1380e-01    4.904618e-01
      5.1385e-01    4.975157e-01
      5.1390e-01    5.045716e-01
      5.1395e-01    5.119464e-01
      5.1400e-01    5.192173e-01
      5.1405e-01    5.262750e-01
      5.1410e-01    5.339729e-01
      5.1415e-01    5.411397e-01
      5.1420e-01    5.483062e-01
      5.1425e-01    5.561143e-01
      5.1430e-01    5.639222e-01
      5.1435e-01    5.707725e-01
      5.1440e-01    5.780512e-01
      5.1445e-01    5.852225e-01
      5.1450e-01    5.921827e-01
      5.1455e-01    5.998896e-01
      5.1460e-01    6.069588e-01
      5.1465e-01    6.146665e-01
      5.1470e-01    6.218437e-01
      5.1475e-01    6.292352e-01
      5.1480e-01    6.364144e-01
      5.1485e-01    6.438066e-01
      5.1490e-01    6.506682e-01
      5.1495e-01    6.579563e-01
      5.1500e-01    6.649259e-01
      5.1505e-01    6.716830e-01
      5.1510e-01    6.788678e-01
      5.1515e-01    6.863729e-01
      5.1520e-01    6.927067e-01
      5.1525e-01    6.995729e-01
      5.1530e-01    7.064411e-01
      5.1535e-01    7.130967e-01
      5.1540e-01    7.197521e-01
      5.1545e-01    7.263034e-01
      5.1550e-01    7.332814e-01
      5.1555e-01    7.396198e-01
      5.1560e-01    7.462799e-01
      5.1565e-01    7.524076e-01
      5.1570e-01    7.584288e-01
      5.1575e-01    7.646655e-01
      5.1580e-01    7.711154e-01
      5.1585e-01    7.771390e-01
      5.1590e-01    7.825237e-01
      5.1595e-01    7.878029e-01
      5.1600e-01    7.945759e-01
      5.1605e-01    8.002827e-01
      5.1610e-01    8.062039e-01
      5.1615e-01    8.121262e-01
      5.1620e-01    8.174095e-01
      5.1625e-01    8.229062e-01
      5.1630e-01    8.277638e-01
      5.1635e-01    8.329419e-01
      5.1640e-01    8.369469e-01
      5.1645e-01    8.415925e-01
      5.1650e-01    8.462387e-01
      5.1655e-01    8.508866e-01
      5.1660e-01    8.555341e-01
      5.1665e-01    8.600758e-01
      5.1670e-01    8.637629e-01
      5.1675e-01    8.686259e-01
      5.1680e-01    8.726354e-01
      5.1685e-01    8.766454e-01
      5.1690e-01    8.801219e-01
      5.1695e-01    8.834913e-01
      5.1700e-01    8.866484e-01
      5.1705e-01    8.901250e-01
      5.1710e-01    8.931765e-01
      5.1715e-01    8.968677e-01
      5.1720e-01    9.006668e-01
      5.1725e-01    9.036116e-01
      5.1730e-01    9.068772e-01
      5.1735e-01    9.091809e-01
      5.1740e-01    9.114861e-01
      5.1745e-01    9.137904e-01
      5.1750e-01    9.168437e-01
      5.1755e-01    9.188294e-01
      5.1760e-01    9.195309e-01
      5.1765e-01    9.218364e-01
      5.1770e-01    9.235011e-01
      5.1775e-01    9.250596e-01
      5.1780e-01    9.274737e-01
      5.1785e-01    9.292456e-01
      5.1790e-01    9.304842e-01
      5.1795e-01    9.316152e-01
      5.1800e-01    9.330671e-01
      5.1805e-01    9.345192e-01
      5.1810e-01    9.355440e-01
      5.1815e-01    9.366752e-01
      5.1820e-01    9.374845e-01
      5.1825e-01    9.382949e-01
      5.1830e-01    9.389989e-01
      5.1835e-01    9.402370e-01
      5.1840e-01    9.423327e-01
      5.1845e-01    9.423943e-01
      5.1850e-01    9.443827e-01
      5.1855e-01    9.459426e-01
      5.1860e-01    9.468620e-01
      5.1865e-01    9.474594e-01
      5.1870e-01    9.485923e-01
      5.1875e-01    9.489755e-01
      5.1880e-01    9.498942e-01
      5.1885e-01    9.510275e-01
      5.1890e-01    9.519466e-01
      5.1895e-01    9.530802e-01
      5.1900e-01    9.538929e-01
      5.1905e-01    9.545978e-01
      5.1910e-01    9.548746e-01
      5.1915e-01    9.553658e-01
      5.1920e-01    9.553200e-01
      5.1925e-01    9.560256e-01
      5.1930e-01    9.556586e-01
      5.1935e-01    9.553994e-01
      5.1940e-01    9.555633e-01
      5.1945e-01    9.558294e-01
      5.1950e-01    9.564128e-01
      5.1955e-01    9.572089e-01
      5.1960e-01    9.570396e-01
      5.1965e-01    9.566584e-01
      5.1970e-01    9.569222e-01
      5.1975e-01    9.569779e-01
      5.1980e-01    9.573634e-01
      5.1985e-01    9.585076e-01
      5.1990e-01    9.593402e-01
      5.1995e-01    9.588997e-01
      5.2000e-01    9.589030e-01
      5.2005e-01    9.593403e-01
      5.2010e-01    9.594561e-01
      5.2015e-01    9.597868e-01
      5.2020e-01    9.601176e-01
      5.2025e-01    9.600187e-01
      5.2030e-01    9.603496e-01
      5.2035e-01    9.606807e-01
      5.2040e-01    9.613337e-01
      5.2045e-01    9.618789e-01
      5.2050e-01    9.619954e-01
      5.2055e-01    9.615750e-01
      5.2060e-01    9.621217e-01
      5.2065e-01    9.621301e-01
      5.2070e-01    9.627839e-01
      5.2075e-01    9.633309e-01
      5.2080e-01    9.637696e-01
      5.2085e-01    9.639944e-01
      5.2090e-01    9.641108e-01
      5.2095e-01    9.643342e-01
      5.2100e-01    9.642352e-01
      5.2105e-01    9.646737e-01
      5.2110e-01    9.647900e-01
      5.2115e-01    9.643685e-01
      5.2120e-01    9.643776e-01
      5.2125e-01    9.650318e-01
      5.2130e-01    9.656862e-01
      5.2135e-01    9.668788e-01
      5.2140e-01    9.673181e-01
      5.2145e-01    9.676505e-01
      5.2150e-01    9.677674e-01
      5.2155e-01    9.683154e-01
      5.2160e-01    9.686469e-01
      5.2165e-01    9.688723e-01
      5.2170e-01    9.696351e-01
      5.2175e-01    9.703992e-01
      5.2180e-01    9.715937e-01
      5.2185e-01    9.721411e-01
      5.2190e-01    9.721510e-01
      5.2195e-01    9.733458e-01
      5.2200e-01    9.740018e-01
      5.2205e-01    9.744422e-01
      5.2210e-01    9.744522e-01
      5.2215e-01    9.745695e-01
      5.2220e-01    9.754407e-01
      5.2225e-01    9.755582e-01
      5.2230e-01    9.755683e-01
      5.2235e-01    9.761177e-01
      5.2240e-01    9.773140e-01
      5.2245e-01    9.786179e-01
      5.2250e-01    9.790592e-01
      5.2255e-01    9.795005e-01
      5.2260e-01    9.792947e-01
      5.2265e-01    9.799523e-01
      5.2270e-01    9.809338e-01
      5.2275e-01    9.806208e-01
      5.2280e-01    9.811703e-01
      5.2285e-01    9.815050e-01
      5.2290e-01    9.822725e-01
      5.2295e-01    9.822826e-01
      5.2300e-01    9.828342e-01
      5.2305e-01    9.834935e-01
      5.2310e-01    9.843693e-01
      5.2315e-01    9.850289e-01
      5.2320e-01    9.854722e-01
      5.2325e-01    9.854827e-01
      5.2330e-01    9.866832e-01
      5.2335e-01    9.868027e-01
      5.2340e-01    9.870312e-01
      5.2345e-01    9.880158e-01
      5.2350e-01    9.874871e-01
      5.2355e-01    9.884720e-01
      5.2360e-01    9.890239e-01
      5.2365e-01    9.901181e-01
      5.2370e-01    9.907791e-01
      5.2375e-01    9.916569e-01
      5.2380e-01    9.913433e-01
      5.2385e-01    9.914631e-01
      5.2390e-01    9.923408e-01
      5.2395e-01    9.922436e-01
      5.2400e-01    9.922554e-01
      5.2405e-01    9.928075e-01
      5.2410e-01    9.922776e-01
      5.2415e-01    9.929389e-01
      5.2420e-01    9.942500e-01
      5.2425e-01    9.938279e-01
      5.2430e-01    9.951405e-01
      5.2435e-01    9.951513e-01
      5.2440e-01    9.955973e-01
      5.2445e-01    9.953910e-01
      5.2450e-01    9.955109e-01
      5.2455e-01    9.958479e-01
      5.2460e-01    9.958598e-01
      5.2465e-01    9.960878e-01
      5.2470e-01    9.950149e-01
      5.2475e-01    9.951347e-01
      5.2480e-01    9.953627e-01
      5.2485e-01    9.952654e-01
      5.2490e-01    9.956027e-01
      5.2495e-01    9.955054e-01
      5.2500e-01    9.947572e-01
      5.2505e-01    9.949864e-01
      5.2510e-01    9.945635e-01
      5.2515e-01    9.953345e-01
      5.2520e-01    9.945858e-01
      5.2525e-01    9.943801e-01
      5.2530e-01    9.933042e-01
      5.2535e-01    9.924468e-01
      5.2540e-01    9.931099e-01
      5.2545e-01    9.923593e-01
      5.2550e-01    9.932401e-01
      5.2555e-01    9.930340e-01
      5.2560e-01    9.927184e-01
      5.2565e-01    9.926215e-01
      5.2570e-01    9.921974e-01
      5.2575e-01    9.919897e-01
      5.2580e-01    9.918925e-01
      5.2585e-01    9.911405e-01
      5.2590e-01    9.907156e-01
      5.2595e-01    9.897465e-01
      5.2600e-01    9.898654e-01
      5.2605e-01    9.893318e-01
      5.2610e-01    9.893423e-01
      5.2615e-01    9.898959e-01
      5.2620e-01    9.884912e-01
      5.2625e-01    9.883919e-01
      5.2630e-01    9.875300e-01
      5.2635e-01    9.869956e-01
      5.2640e-01    9.864598e-01
      5.2645e-01    9.859250e-01
      5.2650e-01    9.850622e-01
      5.2655e-01    9.845271e-01
      5.2660e-01    9.846453e-01
      5.2665e-01    9.847635e-01
      5.2670e-01    9.853183e-01
      5.2675e-01    9.842367e-01
      5.2680e-01    9.838098e-01
      5.2685e-01    9.834926e-01
      5.2690e-01    9.837194e-01
      5.2695e-01    9.832923e-01
      5.2700e-01    9.838474e-01
      5.2705e-01    9.837472e-01
      5.2710e-01    9.841926e-01
      5.2715e-01    9.846380e-01
      5.2720e-01    9.842107e-01
      5.2725e-01    9.846562e-01
      5.2730e-01    9.845571e-01
      5.2735e-01    9.844567e-01
      5.2740e-01    9.845747e-01
      5.2745e-01    9.846928e-01
      5.2750e-01    9.842648e-01
      5.2755e-01    9.853653e-01
      5.2760e-01    9.849374e-01
      5.2765e-01    9.856020e-01
      5.2770e-01    9.855030e-01
      5.2775e-01    9.848565e-01
      5.2780e-01    9.844289e-01
      5.2785e-01    9.849844e-01
      5.2790e-01    9.842292e-01
      5.2795e-01    9.843483e-01
      5.2800e-01    9.840307e-01
      5.2805e-01    9.837117e-01
      5.2810e-01    9.841586e-01
      5.2815e-01    9.835116e-01
      5.2820e-01    9.827556e-01
      5.2825e-01    9.818904e-01
      5.2830e-01    9.813519e-01
      5.2835e-01    9.807043e-01
      5.2840e-01    9.808231e-01
      5.2845e-01    9.799574e-01
      5.2850e-01    9.797478e-01
      5.2855e-01    9.794279e-01
      5.2860e-01    9.789988e-01
      5.2865e-01    9.786784e-01
      5.2870e-01    9.786874e-01
      5.2875e-01    9.784767e-01
      5.2880e-01    9.782657e-01
      5.2885e-01    9.770678e-01
      5.2890e-01    9.765265e-01
      5.2895e-01    9.769732e-01
      5.2900e-01    9.777474e-01
      5.2905e-01    9.780840e-01
      5.2910e-01    9.782012e-01
      5.2915e-01    9.776598e-01
      5.2920e-01    9.771194e-01
      5.2925e-01    9.766884e-01
      5.2930e-01    9.766982e-01
      5.2935e-01    9.769281e-01
      5.2940e-01    9.771588e-01
      5.2945e-01    9.777196e-01
      5.2950e-01    9.769625e-01
      5.2955e-01    9.765326e-01
      5.2960e-01    9.768688e-01
      5.2965e-01    9.776403e-01
      5.2970e-01    9.782986e-01
      5.2975e-01    9.785126e-01
      5.2980e-01    9.779542e-01
      5.2985e-01    9.784908e-01
      5.2990e-01    9.792444e-01
      5.2995e-01    9.793394e-01
      5.3000e-01    9.807542e-01
      5.3005e-01    9.817305e-01
      5.3010e-01    9.822682e-01
      5.3015e-01    9.830249e-01
      5.3020e-01    9.837819e-01
      5.3025e-01    9.843204e-01
      5.3030e-01    9.851894e-01
      5.3035e-01    9.860593e-01
      5.3040e-01    9.865988e-01
      5.3045e-01    9.869193e-01
      5.3050e-01    9.867991e-01
      5.3055e-01    9.879982e-01
      5.3060e-01    9.887571e-01
      5.3065e-01    9.890729e-01
      5.3070e-01    9.894989e-01
      5.3075e-01    9.902514e-01
      5.3080e-01    9.897926e-01
      5.3085e-01    9.905426e-01
      5.3090e-01    9.901928e-01
      5.3095e-01    9.902827e-01
      5.3100e-01    9.909237e-01
      5.3105e-01    9.909042e-01
      5.3110e-01    9.918774e-01
      5.3115e-01    9.928496e-01
      5.3120e-01    9.928307e-01
      5.3125e-01    9.943554e-01
      5.3130e-01    9.952181e-01
      5.3135e-01    9.946508e-01
      5.3140e-01    9.949645e-01
      5.3145e-01    9.954977e-01
      5.3150e-01    9.962528e-01
      5.3155e-01    9.965664e-01
      5.3160e-01    9.969895e-01
      5.3165e-01    9.973025e-01
      5.3170e-01    9.990474e-01
      5.3175e-01    9.991386e-01
      5.3180e-01    1.000000e+00
      5.3185e-01    9.998710e-01
      5.3190e-01    9.991895e-01
      5.3195e-01    9.982873e-01
      5.3200e-01    9.990408e-01
      5.3205e-01    9.988006e-01
      5.3210e-01    9.980102e-01
      5.3215e-01    9.983231e-01
      5.3220e-01    9.983054e-01
      5.3225e-01    9.982872e-01
      5.3230e-01    9.977190e-01
      5.3235e-01    9.977016e-01
      5.3240e-01    9.979066e-01
      5.3245e-01    9.972277e-01
      5.3250e-01    9.954446e-01
      5.3255e-01    9.953167e-01
      5.3260e-01    9.933123e-01
      5.3265e-01    9.931828e-01
      5.3270e-01    9.927213e-01
      5.3275e-01    9.921490e-01
      5.3280e-01    9.906916e-01
      5.3285e-01    9.894549e-01
      5.3290e-01    9.883293e-01
      5.3295e-01    9.870927e-01
      5.3300e-01    9.854155e-01
      5.3305e-01    9.841798e-01
      5.3310e-01    9.821704e-01
      5.3315e-01    9.804935e-01
      5.3320e-01    9.787054e-01
      5.3325e-01    9.779134e-01
      5.3330e-01    9.770108e-01
      5.3335e-01    9.755569e-01
      5.3340e-01    9.742119e-01
      5.3345e-01    9.719832e-01
      5.3350e-01    9.696423e-01
      5.3355e-01    9.685174e-01
      5.3360e-01    9.669482e-01
      5.3365e-01    9.648242e-01
      5.3370e-01    9.634729e-01
      5.3375e-01    9.606810e-01
      5.3380e-01    9.587741e-01
      5.3385e-01    9.555386e-01
      5.3390e-01    9.534095e-01
      5.3395e-01    9.512806e-01
      5.3400e-01    9.491526e-01
      5.3405e-01    9.461397e-01
      5.3410e-01    9.432370e-01
      5.3415e-01    9.397806e-01
      5.3420e-01    9.367676e-01
      5.3425e-01    9.340875e-01
      5.3430e-01    9.317399e-01
      5.3435e-01    9.279528e-01
      5.3440e-01    9.243869e-01
      5.3445e-01    9.207085e-01
      5.3450e-01    9.169184e-01
      5.3455e-01    9.142345e-01
      5.3460e-01    9.108841e-01
      5.3465e-01    9.078634e-01
      5.3470e-01    9.042864e-01
      5.3475e-01    9.000418e-01
      5.3480e-01    8.963502e-01
      5.3485e-01    8.924371e-01
      5.3490e-01    8.889666e-01
      5.3495e-01    8.857184e-01
      5.3500e-01    8.821386e-01
      5.3505e-01    8.782268e-01
      5.3510e-01    8.740917e-01
      5.3515e-01    8.702902e-01
      5.3520e-01    8.661565e-01
      5.3525e-01    8.621341e-01
      5.3530e-01    8.580017e-01
      5.3535e-01    8.536468e-01
      5.3540e-01    8.490690e-01
      5.3545e-01    8.447119e-01
      5.3550e-01    8.401320e-01
      5.3555e-01    8.361034e-01
      5.3560e-01    8.311841e-01
      5.3565e-01    8.263723e-01
      5.3570e-01    8.210042e-01
      5.3575e-01    8.154107e-01
      5.3580e-01    8.095946e-01
      5.3585e-01    8.041105e-01
      5.3590e-01    7.987367e-01
      5.3595e-01    7.929195e-01
      5.3600e-01    7.874359e-01
      5.3605e-01    7.817302e-01
      5.3610e-01    7.760254e-01
      5.3615e-01    7.697633e-01
      5.3620e-01    7.638348e-01
      5.3625e-01    7.573524e-01
      5.3630e-01    7.510912e-01
      5.3635e-01    7.441628e-01
      5.3640e-01    7.375661e-01
      5.3645e-01    7.309673e-01
      5.3650e-01    7.244765e-01
      5.3655e-01    7.178717e-01
      5.3660e-01    7.114859e-01
      5.3665e-01    7.043179e-01
      5.3670e-01    6.980369e-01
      5.3675e-01    6.910869e-01
      5.3680e-01    6.844688e-01
      5.3685e-01    6.776271e-01
      5.3690e-01    6.707849e-01
      5.3695e-01    6.642777e-01
      5.3700e-01    6.572134e-01
      5.3705e-01    6.503721e-01
      5.3710e-01    6.433086e-01
      5.3715e-01    6.366892e-01
      5.3720e-01    6.300703e-01
      5.3725e-01    6.226722e-01
      5.3730e-01    6.156074e-01
      5.3735e-01    6.090996e-01
      5.3740e-01    6.023658e-01
      5.3745e-01    5.958538e-01
      5.3750e-01    5.882236e-01
      5.3755e-01    5.812588e-01
      5.3760e-01    5.749586e-01
      5.3765e-01    5.684323e-01
      5.3770e-01    5.613478e-01
      5.3775e-01    5.540369e-01
      5.3780e-01    5.476174e-01
      5.3785e-01    5.405288e-01
      5.3790e-01    5.336618e-01
      5.3795e-01    5.264607e-01
      5.3800e-01    5.192601e-01
      5.3805e-01    5.125049e-01
      5.3810e-01    5.055270e-01
      5.3815e-01    4.984376e-01
      5.3820e-01    4.915708e-01
      5.3825e-01    4.843697e-01
      5.3830e-01    4.778368e-01
      5.3835e-01    4.714148e-01
      5.3840e-01    4.637627e-01
      5.3845e-01    4.566671e-01
      5.3850e-01    4.503474e-01
      5.3855e-01    4.438801e-01
      5.3860e-01    4.368173e-01
      5.3865e-01    4.301810e-01
      5.3870e-01    4.239890e-01
      5.3875e-01    4.175871e-01
      5.3880e-01    4.111026e-01
      5.3885e-01    4.048842e-01
      5.3890e-01    3.984968e-01
      5.3895e-01    3.924019e-01
      5.3900e-01    3.863863e-01
      5.3905e-01    3.811361e-01
      5.3910e-01    3.753218e-01
      5.3915e-01    3.693754e-01
      5.3920e-01    3.638693e-01
      5.3925e-01    3.582775e-01
      5.3930e-01    3.524069e-01
      5.3935e-01    3.465111e-01
      5.3940e-01    3.407304e-01
      5.3945e-01    3.350894e-01
      5.3950e-01    3.291503e-01
      5.3955e-01    3.238817e-01
      5.3960e-01    3.186068e-01
      5.3965e-01    3.133297e-01
      5.3970e-01    3.082774e-01
      5.3975e-01    3.030045e-01
      5.3980e-01    2.977376e-01
      5.3985e-01    2.925916e-01
      5.3990e-01    2.875674e-01
      5.3995e-01    2.828911e-01
      5.4000e-01    2.778936e-01
      5.4005e-01    2.727993e-01
      5.4010e-01    2.680401e-01
      5.4015e-01    2.633802e-01
      5.4020e-01    2.587116e-01
      5.4025e-01    2.538118e-01
      5.4030e-01    2.496926e-01
      5.4035e-01    2.450086e-01
      5.4040e-01    2.408830e-01
      5.4045e-01    2.366453e-01
      5.4050e-01    2.322899e-01
      5.4055e-01    2.280411e-01
      5.4060e-01    2.241241e-01
      5.4065e-01    2.199802e-01
      5.4070e-01    2.159481e-01
      5.4075e-01    2.119153e-01
      5.4080e-01    2.078856e-01
      5.4085e-01    2.040823e-01
      5.4090e-01    2.001716e-01
      5.4095e-01    1.966036e-01
      5.4100e-01    1.928162e-01
      5.4105e-01    1.895954e-01
      5.4110e-01    1.863743e-01
      5.4115e-01    1.830353e-01
      5.4120e-01    1.795796e-01
      5.4125e-01    1.764584e-01
      5.4130e-01    1.733349e-01
      5.4135e-01    1.700967e-01
      5.4140e-01    1.666341e-01
      5.4145e-01    1.636176e-01
      5.4150e-01    1.607102e-01
      5.4155e-01    1.577986e-01
      5.4160e-01    1.549978e-01
      5.4165e-01    1.519724e-01
      5.4170e-01    1.490572e-01
      5.4175e-01    1.460305e-01
      5.4180e-01    1.433427e-01
      5.4185e-01    1.404306e-01
      5.4190e-01    1.375220e-01
      5.4195e-01    1.348398e-01
      5.4200e-01    1.321621e-01
      5.4205e-01    1.293743e-01
      5.4210e-01    1.269217e-01
      5.4215e-01    1.245794e-01
      5.4220e-01    1.223464e-01
      5.4225e-01    1.198874e-01
      5.4230e-01    1.173147e-01
      5.4235e-01    1.148534e-01
      5.4240e-01    1.125037e-01
      5.4245e-01    1.104217e-01
      5.4250e-01    1.084496e-01
      5.4255e-01    1.062062e-01
      5.4260e-01    1.039842e-01
      5.4265e-01    1.020650e-01
      5.4270e-01    9.994325e-02
      5.4275e-01    9.782178e-02
      5.4280e-01    9.584725e-02
      5.4285e-01    9.372753e-02
      5.4290e-01    9.194664e-02
      5.4295e-01    8.983000e-02
      5.4300e-01    8.776033e-02
      5.4305e-01    8.599598e-02
      5.4310e-01    8.412914e-02
      5.4315e-01    8.229448e-02
      5.4320e-01    8.054837e-02
      5.4325e-01    7.875627e-02
      5.4330e-01    7.673823e-02
      5.4335e-01    7.511350e-02
      5.4340e-01    7.372438e-02
      5.4345e-01    7.200708e-02
      5.4350e-01    7.046886e-02
      5.4355e-01    6.896337e-02
      5.4360e-01    6.720966e-02
      5.4365e-01    6.575951e-02
      5.4370e-01    6.403910e-02
      5.4375e-01    6.285933e-02
      5.4380e-01    6.152223e-02
      5.4385e-01    6.003930e-02
      5.4390e-01    5.865850e-02
      5.4395e-01    5.748129e-02
      5.4400e-01    5.621503e-02
      5.4405e-01    5.494953e-02
      5.4410e-01    5.388604e-02
      5.4415e-01    5.261890e-02
      5.4420e-01    5.130591e-02
      5.4425e-01    5.011627e-02
      5.4430e-01    4.890373e-02
      5.4435e-01    4.766820e-02
      5.4440e-01    4.661227e-02
      5.4445e-01    4.554419e-02
      5.4450e-01    4.468967e-02
      5.4455e-01    4.353031e-02
      5.4460e-01    4.247206e-02
      5.4465e-01    4.156036e-02
      5.4470e-01    4.058089e-02
      5.4475e-01    3.951128e-02
      5.4480e-01    3.852084e-02
      5.4485e-01    3.755325e-02
      5.4490e-01    3.663107e-02
      5.4495e-01    3.570933e-02
      5.4500e-01    3.496870e-02
      5.4505e-01    3.416062e-02
      5.4510e-01    3.349879e-02
      5.4515e-01    3.279148e-02
      5.4520e-01    3.200476e-02
      5.4525e-01    3.115003e-02
      5.4530e-01    3.032876e-02
      5.4535e-01    2.956372e-02
      5.4540e-01    2.886588e-02
      5.4545e-01    2.819023e-02
      5.4550e-01    2.766119e-02
      5.4555e-01    2.697362e-02
      5.4560e-01    2.638758e-02
      5.4565e-01    2.589194e-02
      5.4570e-01    2.520407e-02
      5.4575e-01    2.474230e-02
      5.4580e-01    2.403203e-02
      5.4585e-01    2.344613e-02
      5.4590e-01    2.275876e-02
      5.4595e-01    2.213933e-02
      5.4600e-01    2.164441e-02
      5.4605e-01    2.126262e-02
      5.4610e-01    2.076767e-02
      5.4615e-01    2.030627e-02
      5.4620e-01    1.982216e-02
      5.4625e-01    1.932662e-02
      5.4630e-01    1.889861e-02
      5.4635e-01    1.848183e-02
      5.4640e-01    1.807594e-02
      5.4645e-01    1.756809e-02
      5.4650e-01    1.722977e-02
      5.4655e-01    1.674427e-02
      5.4660e-01    1.625868e-02
      5.4665e-01    1.579557e-02
      5.4670e-01    1.546836e-02
      5.4675e-01    1.509586e-02
      5.4680e-01    1.467809e-02
      5.4685e-01    1.422644e-02
      5.4690e-01    1.385411e-02
      5.4695e-01    1.349315e-02
      5.4700e-01    1.313230e-02
      5.4705e-01    1.274880e-02
      5.4710e-01    1.242189e-02
      5.4715e-01    1.208342e-02
      5.4720e-01    1.180150e-02
      5.4725e-01    1.144020e-02
      5.4730e-01    1.111388e-02
      5.4735e-01    1.085650e-02
      5.4740e-01    1.061487e-02
      5.4745e-01    1.044223e-02
      5.4750e-01    1.011429e-02
      5.4755e-01    9.890538e-03
      5.4760e-01    9.683741e-03
      5.4765e-01    9.390778e-03
      5.4770e-01    9.131809e-03
      5.4775e-01    8.924971e-03
      5.4780e-01    8.647865e-03
      5.4785e-01    8.441049e-03
      5.4790e-01    8.112967e-03
      5.4795e-01    7.889220e-03
      5.4800e-01    7.647376e-03
      5.4805e-01    7.458810e-03
      5.4810e-01    7.372252e-03
      5.4815e-01    7.131389e-03
      5.4820e-01    7.044735e-03
      5.4825e-01    6.820774e-03
      5.4830e-01    6.647786e-03
      5.4835e-01    6.371458e-03
      5.4840e-01    6.199457e-03
      5.4845e-01    6.078473e-03
      5.4850e-01    5.923414e-03
      5.4855e-01    5.714957e-03
      5.4860e-01    5.664252e-03
      5.4865e-01    5.490940e-03
      5.4870e-01    5.405014e-03
      5.4875e-01    5.283907e-03
      5.4880e-01    5.179816e-03
      5.4885e-01    5.110926e-03
      5.4890e-01    4.869447e-03
      5.4895e-01    4.748335e-03
      5.4900e-01    4.610209e-03
      5.4905e-01    4.455037e-03
      5.4910e-01    4.437305e-03
      5.4915e-01    4.334371e-03
      5.4920e-01    4.213215e-03
      5.4925e-01    4.092010e-03
      5.4930e-01    4.005997e-03
      5.4935e-01    3.918805e-03
      5.4940e-01    3.832728e-03
      5.4945e-01    3.729562e-03
      5.4950e-01    3.625252e-03
      5.4955e-01    3.522041e-03
      5.4960e-01    3.469987e-03
      5.4965e-01    3.313317e-03
      5.4970e-01    3.193004e-03
      5.4975e-01    3.140924e-03
      5.4980e-01    3.002403e-03
      5.4985e-01    2.967377e-03
      5.4990e-01    2.794719e-03
      5.4995e-01    2.759684e-03
      5.5000e-01    2.673476e-03
      5.5005e-01    2.656665e-03
      5.5010e-01    2.587520e-03
      5.5015e-01    2.466006e-03
      5.5020e-01    2.378602e-03
      5.5025e-01    2.344667e-03
      5.5030e-01    2.258359e-03
      5.5035e-01    2.223243e-03
      5.5040e-01    2.067442e-03
      5.5045e-01    2.050518e-03
      5.5050e-01    2.084825e-03
      5.5055e-01    2.015517e-03
      5.5060e-01    1.929116e-03
      5.5065e-01    1.876857e-03
      5.5070e-01    1.876991e-03
      5.5075e-01    1.807651e-03
      5.5080e-01    1.772467e-03
      5.5085e-01    1.686029e-03
      5.5090e-01    1.633763e-03
      5.5095e-01    1.633903e-03
      5.5100e-01    1.513255e-03
      5.5105e-01    1.425646e-03
      5.5110e-01    1.391592e-03
      5.5115e-01    1.303967e-03
      5.5120e-01    1.304086e-03
      5.5125e-01    1.252897e-03
