#  wavelength_um     transmission
#
      6.9555e-01    1.405580e-03
      6.9560e-01    1.478742e-03
      6.9565e-01    1.623987e-03
      6.9570e-01    1.714831e-03
      6.9575e-01    1.716113e-03
      6.9580e-01    1.717962e-03
      6.9585e-01    1.934921e-03
      6.9590e-01    1.881589e-03
      6.9595e-01    1.772465e-03
      6.9600e-01    1.755603e-03
      6.9605e-01    1.773398e-03
      6.9610e-01    1.919390e-03
      6.9615e-01    2.012337e-03
      6.9620e-01    2.139682e-03
      6.9625e-01    2.066522e-03
      6.9630e-01    2.140598e-03
      6.9635e-01    2.141050e-03
      6.9640e-01    2.178127e-03
      6.9645e-01    2.143354e-03
      6.9650e-01    2.217623e-03
      6.9655e-01    2.235935e-03
      6.9660e-01    2.254752e-03
      6.9665e-01    2.238305e-03
      6.9670e-01    2.402687e-03
      6.9675e-01    2.385781e-03
      6.9680e-01    2.459867e-03
      6.9685e-01    2.461948e-03
      6.9690e-01    2.372593e-03
      6.9695e-01    2.407333e-03
      6.9700e-01    2.391462e-03
      6.9705e-01    2.357722e-03
      6.9710e-01    2.431881e-03
      6.9715e-01    2.506628e-03
      6.9720e-01    2.527468e-03
      6.9725e-01    2.509335e-03
      6.9730e-01    2.347144e-03
      6.9735e-01    2.459026e-03
      6.9740e-01    2.423048e-03
      6.9745e-01    2.461932e-03
      6.9750e-01    2.443160e-03
      6.9755e-01    2.648016e-03
      6.9760e-01    2.742265e-03
      6.9765e-01    2.833863e-03
      6.9770e-01    2.981558e-03
      6.9775e-01    3.113950e-03
      6.9780e-01    3.277849e-03
      6.9785e-01    3.367753e-03
      6.9790e-01    3.367503e-03
      6.9795e-01    3.496874e-03
      6.9800e-01    3.569934e-03
      6.9805e-01    3.642804e-03
      6.9810e-01    3.953733e-03
      6.9815e-01    3.880712e-03
      6.9820e-01    4.117132e-03
      6.9825e-01    4.114933e-03
      6.9830e-01    4.152481e-03
      6.9835e-01    4.040728e-03
      6.9840e-01    4.112868e-03
      6.9845e-01    4.040410e-03
      6.9850e-01    4.131945e-03
      6.9855e-01    4.146863e-03
      6.9860e-01    4.147835e-03
      6.9865e-01    4.370209e-03
      6.9870e-01    4.478291e-03
      6.9875e-01    4.404971e-03
      6.9880e-01    4.330234e-03
      6.9885e-01    4.421198e-03
      6.9890e-01    4.366671e-03
      6.9895e-01    4.620279e-03
      6.9900e-01    4.711319e-03
      6.9905e-01    4.784147e-03
      6.9910e-01    4.929125e-03
      6.9915e-01    5.057038e-03
      6.9920e-01    5.055448e-03
      6.9925e-01    5.181131e-03
      6.9930e-01    5.253242e-03
      6.9935e-01    5.180135e-03
      6.9940e-01    5.273165e-03
      6.9945e-01    5.418428e-03
      6.9950e-01    5.511504e-03
      6.9955e-01    5.673475e-03
      6.9960e-01    5.785188e-03
      6.9965e-01    6.021496e-03
      6.9970e-01    6.167241e-03
      6.9975e-01    6.112834e-03
      6.9980e-01    6.005092e-03
      6.9985e-01    6.130848e-03
      6.9990e-01    6.295263e-03
      6.9995e-01    6.478854e-03
      7.0000e-01    6.735877e-03
      7.0005e-01    6.974634e-03
      7.0010e-01    7.027874e-03
      7.0015e-01    7.135905e-03
      7.0020e-01    7.222288e-03
      7.0025e-01    7.149230e-03
      7.0030e-01    7.292244e-03
      7.0035e-01    7.455111e-03
      7.0040e-01    7.670034e-03
      7.0045e-01    7.615028e-03
      7.0050e-01    7.705171e-03
      7.0055e-01    7.977471e-03
      7.0060e-01    8.199172e-03
      7.0065e-01    8.329115e-03
      7.0070e-01    8.475195e-03
      7.0075e-01    8.747423e-03
      7.0080e-01    8.963511e-03
      7.0085e-01    9.222651e-03
      7.0090e-01    9.476569e-03
      7.0095e-01    9.887443e-03
      7.0100e-01    1.021800e-02
      7.0105e-01    1.054743e-02
      7.0110e-01    1.089732e-02
      7.0115e-01    1.121018e-02
      7.0120e-01    1.145005e-02
      7.0125e-01    1.186431e-02
      7.0130e-01    1.216566e-02
      7.0135e-01    1.217771e-02
      7.0140e-01    1.261568e-02
      7.0145e-01    1.304849e-02
      7.0150e-01    1.339001e-02
      7.0155e-01    1.360885e-02
      7.0160e-01    1.387730e-02
      7.0165e-01    1.403636e-02
      7.0170e-01    1.449237e-02
      7.0175e-01    1.472034e-02
      7.0180e-01    1.480058e-02
      7.0185e-01    1.528239e-02
      7.0190e-01    1.555865e-02
      7.0195e-01    1.600184e-02
      7.0200e-01    1.651594e-02
      7.0205e-01    1.704261e-02
      7.0210e-01    1.748027e-02
      7.0215e-01    1.820020e-02
      7.0220e-01    1.852146e-02
      7.0225e-01    1.905556e-02
      7.0230e-01    1.943900e-02
      7.0235e-01    1.988911e-02
      7.0240e-01    2.031079e-02
      7.0245e-01    2.099756e-02
      7.0250e-01    2.158062e-02
      7.0255e-01    2.215669e-02
      7.0260e-01    2.304587e-02
      7.0265e-01    2.359760e-02
      7.0270e-01    2.445426e-02
      7.0275e-01    2.498140e-02
      7.0280e-01    2.557138e-02
      7.0285e-01    2.617063e-02
      7.0290e-01    2.691963e-02
      7.0295e-01    2.776627e-02
      7.0300e-01    2.874573e-02
      7.0305e-01    2.969808e-02
      7.0310e-01    3.049037e-02
      7.0315e-01    3.158204e-02
      7.0320e-01    3.248415e-02
      7.0325e-01    3.338429e-02
      7.0330e-01    3.432412e-02
      7.0335e-01    3.531609e-02
      7.0340e-01    3.651722e-02
      7.0345e-01    3.763859e-02
      7.0350e-01    3.846574e-02
      7.0355e-01    3.982871e-02
      7.0360e-01    4.106163e-02
      7.0365e-01    4.230780e-02
      7.0370e-01    4.345806e-02
      7.0375e-01    4.482478e-02
      7.0380e-01    4.588735e-02
      7.0385e-01    4.682028e-02
      7.0390e-01    4.845771e-02
      7.0395e-01    4.972128e-02
      7.0400e-01    5.131257e-02
      7.0405e-01    5.293774e-02
      7.0410e-01    5.476759e-02
      7.0415e-01    5.656054e-02
      7.0420e-01    5.803995e-02
      7.0425e-01    5.989273e-02
      7.0430e-01    6.187201e-02
      7.0435e-01    6.351089e-02
      7.0440e-01    6.553042e-02
      7.0445e-01    6.751212e-02
      7.0450e-01    7.002612e-02
      7.0455e-01    7.211635e-02
      7.0460e-01    7.440970e-02
      7.0465e-01    7.734105e-02
      7.0470e-01    8.021131e-02
      7.0475e-01    8.329805e-02
      7.0480e-01    8.584102e-02
      7.0485e-01    8.846406e-02
      7.0490e-01    9.111729e-02
      7.0495e-01    9.410411e-02
      7.0500e-01    9.720129e-02
      7.0505e-01    9.988848e-02
      7.0510e-01    1.029748e-01
      7.0515e-01    1.063384e-01
      7.0520e-01    1.095452e-01
      7.0525e-01    1.124724e-01
      7.0530e-01    1.158210e-01
      7.0535e-01    1.195892e-01
      7.0540e-01    1.237979e-01
      7.0545e-01    1.269534e-01
      7.0550e-01    1.299940e-01
      7.0555e-01    1.334431e-01
      7.0560e-01    1.370548e-01
      7.0565e-01    1.407221e-01
      7.0570e-01    1.445562e-01
      7.0575e-01    1.485795e-01
      7.0580e-01    1.524441e-01
      7.0585e-01    1.569782e-01
      7.0590e-01    1.611221e-01
      7.0595e-01    1.651958e-01
      7.0600e-01    1.696361e-01
      7.0605e-01    1.750438e-01
      7.0610e-01    1.797132e-01
      7.0615e-01    1.833861e-01
      7.0620e-01    1.881337e-01
      7.0625e-01    1.931049e-01
      7.0630e-01    1.978287e-01
      7.0635e-01    2.030580e-01
      7.0640e-01    2.084462e-01
      7.0645e-01    2.140290e-01
      7.0650e-01    2.187808e-01
      7.0655e-01    2.242539e-01
      7.0660e-01    2.295536e-01
      7.0665e-01    2.347370e-01
      7.0670e-01    2.407355e-01
      7.0675e-01    2.463094e-01
      7.0680e-01    2.519679e-01
      7.0685e-01    2.570959e-01
      7.0690e-01    2.634004e-01
      7.0695e-01    2.703058e-01
      7.0700e-01    2.761366e-01
      7.0705e-01    2.822970e-01
      7.0710e-01    2.887315e-01
      7.0715e-01    2.953989e-01
      7.0720e-01    3.011559e-01
      7.0725e-01    3.070969e-01
      7.0730e-01    3.141509e-01
      7.0735e-01    3.201265e-01
      7.0740e-01    3.263522e-01
      7.0745e-01    3.339094e-01
      7.0750e-01    3.411609e-01
      7.0755e-01    3.488228e-01
      7.0760e-01    3.560824e-01
      7.0765e-01    3.635141e-01
      7.0770e-01    3.696224e-01
      7.0775e-01    3.766863e-01
      7.0780e-01    3.843168e-01
      7.0785e-01    3.913901e-01
      7.0790e-01    3.988712e-01
      7.0795e-01    4.063007e-01
      7.0800e-01    4.141961e-01
      7.0805e-01    4.233211e-01
      7.0810e-01    4.309387e-01
      7.0815e-01    4.399500e-01
      7.0820e-01    4.489163e-01
      7.0825e-01    4.558961e-01
      7.0830e-01    4.633828e-01
      7.0835e-01    4.712785e-01
      7.0840e-01    4.790154e-01
      7.0845e-01    4.866651e-01
      7.0850e-01    4.945093e-01
      7.0855e-01    5.034469e-01
      7.0860e-01    5.115270e-01
      7.0865e-01    5.213291e-01
      7.0870e-01    5.298752e-01
      7.0875e-01    5.380574e-01
      7.0880e-01    5.474984e-01
      7.0885e-01    5.574279e-01
      7.0890e-01    5.660934e-01
      7.0895e-01    5.750621e-01
      7.0900e-01    5.839608e-01
      7.0905e-01    5.931415e-01
      7.0910e-01    6.023899e-01
      7.0915e-01    6.116251e-01
      7.0920e-01    6.214390e-01
      7.0925e-01    6.315972e-01
      7.0930e-01    6.428501e-01
      7.0935e-01    6.510416e-01
      7.0940e-01    6.610797e-01
      7.0945e-01    6.691721e-01
      7.0950e-01    6.778893e-01
      7.0955e-01    6.872221e-01
      7.0960e-01    6.962889e-01
      7.0965e-01    7.037859e-01
      7.0970e-01    7.130236e-01
      7.0975e-01    7.212883e-01
      7.0980e-01    7.309060e-01
      7.0985e-01    7.399718e-01
      7.0990e-01    7.484315e-01
      7.0995e-01    7.579622e-01
      7.1000e-01    7.668960e-01
      7.1005e-01    7.755720e-01
      7.1010e-01    7.840866e-01
      7.1015e-01    7.935572e-01
      7.1020e-01    8.018154e-01
      7.1025e-01    8.109633e-01
      7.1030e-01    8.203152e-01
      7.1035e-01    8.278894e-01
      7.1040e-01    8.363347e-01
      7.1045e-01    8.443089e-01
      7.1050e-01    8.533965e-01
      7.1055e-01    8.617667e-01
      7.1060e-01    8.682901e-01
      7.1065e-01    8.763042e-01
      7.1070e-01    8.843504e-01
      7.1075e-01    8.904084e-01
      7.1080e-01    8.964571e-01
      7.1085e-01    9.024329e-01
      7.1090e-01    9.084245e-01
      7.1095e-01    9.157331e-01
      7.1100e-01    9.213520e-01
      7.1105e-01    9.264980e-01
      7.1110e-01    9.320743e-01
      7.1115e-01    9.385072e-01
      7.1120e-01    9.419110e-01
      7.1125e-01    9.472187e-01
      7.1130e-01    9.506716e-01
      7.1135e-01    9.561607e-01
      7.1140e-01    9.607072e-01
      7.1145e-01    9.650552e-01
      7.1150e-01    9.709654e-01
      7.1155e-01    9.742026e-01
      7.1160e-01    9.786487e-01
      7.1165e-01    9.827875e-01
      7.1170e-01    9.854698e-01
      7.1175e-01    9.870837e-01
      7.1180e-01    9.888036e-01
      7.1185e-01    9.919177e-01
      7.1190e-01    9.948029e-01
      7.1195e-01    9.955806e-01
      7.1200e-01    9.988423e-01
      7.1205e-01    9.994059e-01
      7.1210e-01    1.000000e+00
      7.1215e-01    9.993495e-01
      7.1220e-01    9.988936e-01
      7.1225e-01    9.980630e-01
      7.1230e-01    9.954753e-01
      7.1235e-01    9.957198e-01
      7.1240e-01    9.935479e-01
      7.1245e-01    9.920750e-01
      7.1250e-01    9.913728e-01
      7.1255e-01    9.881561e-01
      7.1260e-01    9.868382e-01
      7.1265e-01    9.831753e-01
      7.1270e-01    9.801095e-01
      7.1275e-01    9.786936e-01
      7.1280e-01    9.749922e-01
      7.1285e-01    9.710775e-01
      7.1290e-01    9.678433e-01
      7.1295e-01    9.642144e-01
      7.1300e-01    9.612394e-01
      7.1305e-01    9.580246e-01
      7.1310e-01    9.547714e-01
      7.1315e-01    9.497822e-01
      7.1320e-01    9.467778e-01
      7.1325e-01    9.414614e-01
      7.1330e-01    9.343070e-01
      7.1335e-01    9.296102e-01
      7.1340e-01    9.236805e-01
      7.1345e-01    9.194379e-01
      7.1350e-01    9.140166e-01
      7.1355e-01    9.076207e-01
      7.1360e-01    9.018182e-01
      7.1365e-01    8.974920e-01
      7.1370e-01    8.914315e-01
      7.1375e-01    8.853573e-01
      7.1380e-01    8.779809e-01
      7.1385e-01    8.693085e-01
      7.1390e-01    8.609913e-01
      7.1395e-01    8.532076e-01
      7.1400e-01    8.446412e-01
      7.1405e-01    8.358550e-01
      7.1410e-01    8.284405e-01
      7.1415e-01    8.221085e-01
      7.1420e-01    8.142582e-01
      7.1425e-01    8.051652e-01
      7.1430e-01    7.960263e-01
      7.1435e-01    7.857623e-01
      7.1440e-01    7.761030e-01
      7.1445e-01    7.655474e-01
      7.1450e-01    7.558259e-01
      7.1455e-01    7.453986e-01
      7.1460e-01    7.360917e-01
      7.1465e-01    7.267179e-01
      7.1470e-01    7.176564e-01
      7.1475e-01    7.082458e-01
      7.1480e-01    6.975133e-01
      7.1485e-01    6.875868e-01
      7.1490e-01    6.772499e-01
      7.1495e-01    6.649226e-01
      7.1500e-01    6.556754e-01
      7.1505e-01    6.449701e-01
      7.1510e-01    6.344836e-01
      7.1515e-01    6.252291e-01
      7.1520e-01    6.148667e-01
      7.1525e-01    6.044698e-01
      7.1530e-01    5.942161e-01
      7.1535e-01    5.831865e-01
      7.1540e-01    5.728633e-01
      7.1545e-01    5.631944e-01
      7.1550e-01    5.533293e-01
      7.1555e-01    5.431579e-01
      7.1560e-01    5.335826e-01
      7.1565e-01    5.234418e-01
      7.1570e-01    5.133644e-01
      7.1575e-01    5.034102e-01
      7.1580e-01    4.918496e-01
      7.1585e-01    4.821088e-01
      7.1590e-01    4.713992e-01
      7.1595e-01    4.604467e-01
      7.1600e-01    4.497661e-01
      7.1605e-01    4.389146e-01
      7.1610e-01    4.291004e-01
      7.1615e-01    4.197691e-01
      7.1620e-01    4.101517e-01
      7.1625e-01    4.002454e-01
      7.1630e-01    3.891829e-01
      7.1635e-01    3.791046e-01
      7.1640e-01    3.689472e-01
      7.1645e-01    3.590869e-01
      7.1650e-01    3.498820e-01
      7.1655e-01    3.410670e-01
      7.1660e-01    3.321131e-01
      7.1665e-01    3.222958e-01
      7.1670e-01    3.131941e-01
      7.1675e-01    3.048781e-01
      7.1680e-01    2.963415e-01
      7.1685e-01    2.881570e-01
      7.1690e-01    2.794235e-01
      7.1695e-01    2.715260e-01
      7.1700e-01    2.632834e-01
      7.1705e-01    2.557062e-01
      7.1710e-01    2.481999e-01
      7.1715e-01    2.403886e-01
      7.1720e-01    2.335253e-01
      7.1725e-01    2.268731e-01
      7.1730e-01    2.197503e-01
      7.1735e-01    2.128187e-01
      7.1740e-01    2.059216e-01
      7.1745e-01    1.993215e-01
      7.1750e-01    1.933976e-01
      7.1755e-01    1.867326e-01
      7.1760e-01    1.806754e-01
      7.1765e-01    1.752130e-01
      7.1770e-01    1.702993e-01
      7.1775e-01    1.647917e-01
      7.1780e-01    1.589443e-01
      7.1785e-01    1.534997e-01
      7.1790e-01    1.481208e-01
      7.1795e-01    1.437207e-01
      7.1800e-01    1.387251e-01
      7.1805e-01    1.340483e-01
      7.1810e-01    1.289585e-01
      7.1815e-01    1.243913e-01
      7.1820e-01    1.197542e-01
      7.1825e-01    1.160499e-01
      7.1830e-01    1.118031e-01
      7.1835e-01    1.083701e-01
      7.1840e-01    1.049072e-01
      7.1845e-01    1.012039e-01
      7.1850e-01    9.749792e-02
      7.1855e-01    9.422574e-02
      7.1860e-01    9.143685e-02
      7.1865e-01    8.786469e-02
      7.1870e-01    8.520705e-02
      7.1875e-01    8.211707e-02
      7.1880e-01    7.898355e-02
      7.1885e-01    7.638672e-02
      7.1890e-01    7.428434e-02
      7.1895e-01    7.225105e-02
      7.1900e-01    7.025275e-02
      7.1905e-01    6.830265e-02
      7.1910e-01    6.634105e-02
      7.1915e-01    6.380485e-02
      7.1920e-01    6.175144e-02
      7.1925e-01    6.016970e-02
      7.1930e-01    5.816458e-02
      7.1935e-01    5.628245e-02
      7.1940e-01    5.443722e-02
      7.1945e-01    5.307317e-02
      7.1950e-01    5.123093e-02
      7.1955e-01    5.009385e-02
      7.1960e-01    4.873743e-02
      7.1965e-01    4.720507e-02
      7.1970e-01    4.555033e-02
      7.1975e-01    4.400991e-02
      7.1980e-01    4.276352e-02
      7.1985e-01    4.133764e-02
      7.1990e-01    4.019674e-02
      7.1995e-01    3.928876e-02
      7.2000e-01    3.820587e-02
      7.2005e-01    3.692767e-02
      7.2010e-01    3.575924e-02
      7.2015e-01    3.480724e-02
      7.2020e-01    3.351577e-02
      7.2025e-01    3.264275e-02
      7.2030e-01    3.195296e-02
      7.2035e-01    3.082599e-02
      7.2040e-01    3.016095e-02
      7.2045e-01    2.901287e-02
      7.2050e-01    2.825549e-02
      7.2055e-01    2.769790e-02
      7.2060e-01    2.724351e-02
      7.2065e-01    2.654197e-02
      7.2070e-01    2.596401e-02
      7.2075e-01    2.520772e-02
      7.2080e-01    2.453105e-02
      7.2085e-01    2.359067e-02
      7.2090e-01    2.290023e-02
      7.2095e-01    2.211279e-02
      7.2100e-01    2.179008e-02
      7.2105e-01    2.100654e-02
      7.2110e-01    2.044373e-02
      7.2115e-01    1.994701e-02
      7.2120e-01    1.929795e-02
      7.2125e-01    1.935661e-02
      7.2130e-01    1.882269e-02
      7.2135e-01    1.847336e-02
      7.2140e-01    1.794705e-02
      7.2145e-01    1.716501e-02
      7.2150e-01    1.657107e-02
      7.2155e-01    1.625738e-02
      7.2160e-01    1.589514e-02
      7.2165e-01    1.589242e-02
      7.2170e-01    1.574245e-02
      7.2175e-01    1.563247e-02
      7.2180e-01    1.529422e-02
      7.2185e-01    1.500992e-02
      7.2190e-01    1.449226e-02
      7.2195e-01    1.437659e-02
      7.2200e-01    1.408661e-02
      7.2205e-01    1.330762e-02
      7.2210e-01    1.314649e-02
      7.2215e-01    1.259127e-02
      7.2220e-01    1.208384e-02
      7.2225e-01    1.211366e-02
      7.2230e-01    1.188345e-02
      7.2235e-01    1.141365e-02
      7.2240e-01    1.111157e-02
      7.2245e-01    1.086263e-02
      7.2250e-01    1.056196e-02
      7.2255e-01    1.024630e-02
      7.2260e-01    9.820071e-03
      7.2265e-01    9.862849e-03
      7.2270e-01    9.564752e-03
      7.2275e-01    9.084648e-03
      7.2280e-01    8.995191e-03
      7.2285e-01    9.149923e-03
      7.2290e-01    9.026861e-03
      7.2295e-01    9.267269e-03
      7.2300e-01    9.355605e-03
      7.2305e-01    9.165709e-03
      7.2310e-01    8.865362e-03
      7.2315e-01    8.844517e-03
      7.2320e-01    8.474467e-03
      7.2325e-01    8.086327e-03
      7.2330e-01    7.962020e-03
      7.2335e-01    7.782789e-03
      7.2340e-01    7.773714e-03
      7.2345e-01    7.581649e-03
      7.2350e-01    7.831025e-03
      7.2355e-01    7.919227e-03
      7.2360e-01    7.903120e-03
      7.2365e-01    7.613256e-03
      7.2370e-01    7.294466e-03
      7.2375e-01    6.654176e-03
      7.2380e-01    6.633776e-03
      7.2385e-01    6.334583e-03
      7.2390e-01    6.175753e-03
      7.2395e-01    6.014473e-03
      7.2400e-01    6.135054e-03
      7.2405e-01    6.153352e-03
      7.2410e-01    6.012644e-03
      7.2415e-01    5.855243e-03
      7.2420e-01    5.589588e-03
      7.2425e-01    5.127089e-03
      7.2430e-01    4.598556e-03
      7.2435e-01    4.338676e-03
      7.2440e-01    4.094244e-03
      7.2445e-01    4.021657e-03
      7.2450e-01    3.986008e-03
      7.2455e-01    4.267545e-03
      7.2460e-01    3.897641e-03
      7.2465e-01    3.863141e-03
      7.2470e-01    3.845250e-03
      7.2475e-01    3.846702e-03
      7.2480e-01    3.812168e-03
      7.2485e-01    3.937412e-03
      7.2490e-01    3.478989e-03
      7.2495e-01    3.425902e-03
      7.2500e-01    3.498203e-03
      7.2505e-01    3.479839e-03
      7.2510e-01    3.532466e-03
      7.2515e-01    3.407276e-03
      7.2520e-01    3.370818e-03
      7.2525e-01    3.072023e-03
      7.2530e-01    3.107688e-03
      7.2535e-01    2.860534e-03
      7.2540e-01    2.914219e-03
      7.2545e-01    3.126153e-03
      7.2550e-01    3.159271e-03
      7.2555e-01    2.947701e-03
      7.2560e-01    2.860845e-03
      7.2565e-01    2.684794e-03
      7.2570e-01    2.984614e-03
      7.2575e-01    3.003430e-03
      7.2580e-01    2.915885e-03
      7.2585e-01    3.060329e-03
      7.2590e-01    3.096958e-03
      7.2595e-01    3.079354e-03
      7.2600e-01    2.832519e-03
      7.2605e-01    2.901848e-03
      7.2610e-01    2.868125e-03
      7.2615e-01    2.675687e-03
      7.2620e-01    2.322861e-03
      7.2625e-01    2.003619e-03
      7.2630e-01    1.862736e-03
      7.2635e-01    2.041855e-03
      7.2640e-01    1.882418e-03
      7.2645e-01    1.686968e-03
      7.2650e-01    1.580000e-03
      7.2655e-01    1.490660e-03
      7.2660e-01    1.490728e-03
      7.2665e-01    1.543788e-03
      7.2670e-01    0.000000e+00
      7.2675e-01    1.436169e-03
      7.2680e-01    1.594734e-03
      7.2685e-01    1.826553e-03
      7.2690e-01    1.718223e-03
      7.2695e-01    1.733988e-03
      7.2700e-01    1.769444e-03
      7.2705e-01    1.717126e-03
      7.2710e-01    1.894939e-03
      7.2715e-01    1.786089e-03
      7.2720e-01    1.891555e-03
      7.2725e-01    1.855116e-03
      7.2730e-01    2.066897e-03
      7.2735e-01    1.838720e-03
      7.2740e-01    1.802286e-03
      7.2745e-01    1.607333e-03
      7.2750e-01    1.747036e-03
      7.2755e-01    1.656803e-03
      7.2760e-01    1.585162e-03
      7.2765e-01    1.549221e-03
      7.2770e-01    1.338783e-03
      7.2775e-01    1.427341e-03
      7.2780e-01    1.497188e-03
      7.2785e-01    1.477972e-03
      7.2790e-01    1.301787e-03
      7.2795e-01    0.000000e+00
      7.2800e-01    0.000000e+00
      7.2805e-01    1.357568e-03
      7.2810e-01    0.000000e+00
      7.2815e-01    0.000000e+00
      7.2820e-01    0.000000e+00
      7.2825e-01    1.377280e-03
      7.2830e-01    1.344099e-03
      7.2835e-01    0.000000e+00
      7.2840e-01    0.000000e+00
      7.2845e-01    0.000000e+00
      7.2850e-01    1.507767e-03
      7.2855e-01    1.453548e-03
      7.2860e-01    1.739244e-03
      7.2865e-01    1.777722e-03
      7.2870e-01    1.617314e-03
      7.2875e-01    1.510420e-03
      7.2880e-01    1.440079e-03
      7.2885e-01    1.298141e-03
      7.2890e-01    0.000000e+00
      7.2895e-01    1.405691e-03
      7.2900e-01    1.317670e-03
      7.2905e-01    0.000000e+00
      7.2910e-01    1.444746e-03
      7.2915e-01    1.747379e-03
      7.2920e-01    1.676704e-03
      7.2925e-01    1.408546e-03
      7.2930e-01    1.338630e-03
      7.2935e-01    1.572235e-03
      7.2940e-01    0.000000e+00
      7.2945e-01    0.000000e+00
      7.2950e-01    1.447106e-03
      7.2955e-01    1.715530e-03
      7.2960e-01    1.697905e-03
      7.2965e-01    1.697116e-03
      7.2970e-01    1.463539e-03
      7.2975e-01    1.374046e-03
      7.2980e-01    1.641730e-03
      7.2985e-01    1.623444e-03
      7.2990e-01    1.372753e-03
      7.2995e-01    1.461975e-03
      7.3000e-01    1.283968e-03
      7.3005e-01    1.462180e-03
      7.3010e-01    1.391264e-03
      7.3015e-01    0.000000e+00
      7.3020e-01    0.000000e+00
      7.3025e-01    0.000000e+00
      7.3030e-01    0.000000e+00
      7.3035e-01    0.000000e+00
      7.3040e-01    0.000000e+00
      7.3045e-01    0.000000e+00
      7.3050e-01    1.339569e-03
      7.3055e-01    1.322413e-03
      7.3060e-01    0.000000e+00
      7.3065e-01    0.000000e+00
      7.3070e-01    0.000000e+00
      7.3075e-01    0.000000e+00
      7.3080e-01    1.410920e-03
      7.3085e-01    1.429136e-03
      7.3090e-01    0.000000e+00
      7.3095e-01    1.321955e-03
      7.3100e-01    0.000000e+00
      7.3105e-01    0.000000e+00
      7.3110e-01    0.000000e+00
      7.3115e-01    0.000000e+00
      7.3120e-01    0.000000e+00
      7.3125e-01    0.000000e+00
      7.3130e-01    0.000000e+00
      7.3135e-01    0.000000e+00
      7.3140e-01    0.000000e+00
      7.3145e-01    0.000000e+00
      7.3150e-01    0.000000e+00
      7.3155e-01    0.000000e+00
      7.3160e-01    0.000000e+00
      7.3165e-01    0.000000e+00
      7.3170e-01    0.000000e+00
      7.3175e-01    0.000000e+00
      7.3180e-01    0.000000e+00
      7.3185e-01    0.000000e+00
      7.3190e-01    0.000000e+00
      7.3195e-01    0.000000e+00
      7.3200e-01    0.000000e+00
      7.3205e-01    0.000000e+00
      7.3210e-01    0.000000e+00
      7.3215e-01    0.000000e+00
      7.3220e-01    0.000000e+00
      7.3225e-01    0.000000e+00
      7.3230e-01    0.000000e+00
      7.3235e-01    0.000000e+00
      7.3240e-01    0.000000e+00
      7.3245e-01    0.000000e+00
      7.3250e-01    0.000000e+00
      7.3255e-01    0.000000e+00
      7.3260e-01    0.000000e+00
      7.3265e-01    0.000000e+00
      7.3270e-01    0.000000e+00
      7.3275e-01    0.000000e+00
      7.3280e-01    0.000000e+00
      7.3285e-01    0.000000e+00
      7.3290e-01    0.000000e+00
      7.3295e-01    0.000000e+00
      7.3300e-01    0.000000e+00
      7.3305e-01    0.000000e+00
      7.3310e-01    0.000000e+00
      7.3315e-01    0.000000e+00
      7.3320e-01    0.000000e+00
      7.3325e-01    1.356660e-03
      7.3330e-01    1.522733e-03
      7.3335e-01    1.487402e-03
      7.3340e-01    1.468492e-03
      7.3345e-01    1.819238e-03
      7.3350e-01    2.042286e-03
      7.3355e-01    2.044349e-03
      7.3360e-01    2.007450e-03
      7.3365e-01    1.878358e-03
      7.3370e-01    1.843398e-03
      7.3375e-01    2.124227e-03
      7.3380e-01    2.144208e-03
      7.3385e-01    1.979193e-03
      7.3390e-01    1.610948e-03
      7.3395e-01    1.409225e-03
