#  wavelength_um     transmission
#
      3.7900e-01    9.650074e-05
      3.8000e-01    1.342150e-04
      3.8100e-01    1.391381e-04
      3.8200e-01    2.162431e-04
      3.8300e-01    3.358931e-04
      3.8400e-01    5.794288e-04
      3.8500e-01    1.238830e-03
      3.8600e-01    2.479239e-03
      3.8700e-01    4.697679e-03
      3.8800e-01    8.382368e-03
      3.8900e-01    1.416804e-02
      3.9000e-01    2.275870e-02
      3.9100e-01    3.492579e-02
      3.9200e-01    5.045543e-02
      3.9300e-01    6.912117e-02
      3.9400e-01    9.044648e-02
      3.9500e-01    1.138343e-01
      3.9600e-01    1.394446e-01
      3.9700e-01    1.652357e-01
      3.9800e-01    1.897132e-01
      3.9900e-01    2.141913e-01
      4.0000e-01    2.388711e-01
      4.0100e-01    2.619321e-01
      4.0200e-01    2.874533e-01
      4.0300e-01    3.156965e-01
      4.0400e-01    3.464163e-01
      4.0500e-01    3.743667e-01
      4.0600e-01    3.959780e-01
      4.0700e-01    4.127577e-01
      4.0800e-01    4.256606e-01
      4.0900e-01    4.382417e-01
      4.1000e-01    4.523716e-01
      4.1100e-01    4.677614e-01
      4.1200e-01    4.870281e-01
      4.1300e-01    5.060287e-01
      4.1400e-01    5.217299e-01
      4.1500e-01    5.366001e-01
      4.1600e-01    5.496122e-01
      4.1700e-01    5.602632e-01
      4.1800e-01    5.717659e-01
      4.1900e-01    5.841553e-01
      4.2000e-01    5.932143e-01
      4.2100e-01    6.011226e-01
      4.2200e-01    6.123428e-01
      4.2300e-01    6.244950e-01
      4.2400e-01    6.361049e-01
      4.2500e-01    6.437596e-01
      4.2600e-01    6.514020e-01
      4.2700e-01    6.588009e-01
      4.2800e-01    6.650658e-01
      4.2900e-01    6.735927e-01
      4.3000e-01    6.800370e-01
      4.3100e-01    6.833137e-01
      4.3200e-01    6.865719e-01
      4.3300e-01    6.908137e-01
      4.3400e-01    6.949813e-01
      4.3500e-01    7.012111e-01
      4.3600e-01    7.101464e-01
      4.3700e-01    7.202221e-01
      4.3800e-01    7.314051e-01
      4.3900e-01    7.418354e-01
      4.4000e-01    7.506697e-01
      4.4100e-01    7.580707e-01
      4.4200e-01    7.660636e-01
      4.4300e-01    7.731409e-01
      4.4400e-01    7.779107e-01
      4.4500e-01    7.857510e-01
      4.4600e-01    7.940202e-01
      4.4700e-01    7.990518e-01
      4.4800e-01    8.027616e-01
      4.4900e-01    8.088120e-01
      4.5000e-01    8.147056e-01
      4.5100e-01    8.171616e-01
      4.5200e-01    8.203373e-01
      4.5300e-01    8.217148e-01
      4.5400e-01    8.261794e-01
      4.5500e-01    8.303800e-01
      4.5600e-01    8.295531e-01
      4.5700e-01    8.306295e-01
      4.5800e-01    8.361581e-01
      4.5900e-01    8.430952e-01
      4.6000e-01    8.490466e-01
      4.6100e-01    8.557671e-01
      4.6200e-01    8.618669e-01
      4.6300e-01    8.669460e-01
      4.6400e-01    8.717714e-01
      4.6500e-01    8.758463e-01
      4.6600e-01    8.799458e-01
      4.6700e-01    8.798551e-01
      4.6800e-01    8.786157e-01
      4.6900e-01    8.797437e-01
      4.7000e-01    8.824018e-01
      4.7100e-01    8.834680e-01
      4.7200e-01    8.848929e-01
      4.7300e-01    8.885553e-01
      4.7400e-01    8.928219e-01
      4.7500e-01    8.965049e-01
      4.7600e-01    8.980515e-01
      4.7700e-01    8.994950e-01
      4.7800e-01    9.021077e-01
      4.7900e-01    9.038461e-01
      4.8000e-01    9.065867e-01
      4.8100e-01    9.125360e-01
      4.8200e-01    9.185987e-01
      4.8300e-01    9.250058e-01
      4.8400e-01    9.320171e-01
      4.8500e-01    9.376715e-01
      4.8600e-01    9.419464e-01
      4.8700e-01    9.467223e-01
      4.8800e-01    9.495042e-01
      4.8900e-01    9.495557e-01
      4.9000e-01    9.463532e-01
      4.9100e-01    9.448045e-01
      4.9200e-01    9.450788e-01
      4.9300e-01    9.416515e-01
      4.9400e-01    9.385212e-01
      4.9500e-01    9.371271e-01
      4.9600e-01    9.372509e-01
      4.9700e-01    9.389315e-01
      4.9800e-01    9.404946e-01
      4.9900e-01    9.391563e-01
      5.0000e-01    9.414391e-01
      5.0100e-01    9.468790e-01
      5.0200e-01    9.525396e-01
      5.0300e-01    9.589632e-01
      5.0400e-01    9.606728e-01
      5.0500e-01    9.647104e-01
      5.0600e-01    9.701236e-01
      5.0700e-01    9.752439e-01
      5.0800e-01    9.800549e-01
      5.0900e-01    9.836162e-01
      5.1000e-01    9.889015e-01
      5.1100e-01    9.929722e-01
      5.1200e-01    9.955581e-01
      5.1300e-01    9.969810e-01
      5.1400e-01    1.000000e+00
      5.1513e-01    9.998350e-01
      5.1610e-01    9.987132e-01
      5.1707e-01    9.969810e-01
      5.1805e-01    9.944569e-01
      5.1902e-01    9.917555e-01
      5.1999e-01    9.894830e-01
      5.2097e-01    9.886190e-01
      5.2194e-01    9.882148e-01
      5.2292e-01    9.887139e-01
      5.2389e-01    9.900151e-01
      5.2486e-01    9.915782e-01
      5.2584e-01    9.931248e-01
      5.2681e-01    9.948817e-01
      5.2778e-01    9.968408e-01
      5.2876e-01    9.984781e-01
      5.2973e-01    9.988473e-01
      5.3070e-01    9.923041e-01
      5.3168e-01    9.796920e-01
      5.3265e-01    9.581116e-01
      5.3362e-01    9.244490e-01
      5.3460e-01    8.765330e-01
      5.3557e-01    8.139735e-01
      5.3655e-01    7.404105e-01
      5.3752e-01    6.564192e-01
      5.3849e-01    5.669136e-01
      5.3947e-01    4.772452e-01
      5.4044e-01    3.921857e-01
      5.4141e-01    3.154676e-01
      5.4239e-01    2.497056e-01
      5.4336e-01    1.955486e-01
      5.4433e-01    1.522025e-01
      5.4531e-01    1.181939e-01
      5.4628e-01    9.186709e-02
      5.4725e-01    7.173247e-02
      5.4823e-01    5.639524e-02
      5.4920e-01    4.467852e-02
      5.5018e-01    3.563744e-02
      5.5115e-01    2.859582e-02
      5.5212e-01    2.309463e-02
      5.5310e-01    1.872605e-02
      5.5407e-01    1.525328e-02
      5.5504e-01    1.246181e-02
      5.5602e-01    1.021648e-02
      5.5699e-01    8.438417e-03
      5.5796e-01    6.979323e-03
      5.5894e-01    5.782740e-03
      5.5991e-01    4.814891e-03
      5.6088e-01    4.030223e-03
      5.6186e-01    3.149830e-03
      5.6283e-01    2.301771e-03
      5.6381e-01    1.614869e-03
      5.6478e-01    1.054789e-03
      5.6575e-01    5.868897e-04
      5.6673e-01    1.763385e-04
