435e-3
606e-3
775e-3
850e-3
110e-2
125e-2
140e-2
160e-2
3.6
4.5
5.8
7.9
16
24
70
100
160
250
350
500
450
850
1.2e3
2.0e3
1.1e3
2e5
1e5
814e-3
4458.3e-4
5477.8e-4
6288.7e-4
7683.9e-4
9105.7e-4
4263.4e-4
4635.1e-4
4849.2e-4
5062.5e-4
5261.1e-4
5764.8e-4
6233.1e-4
6781.1e-4
7073.6e-4
7361.6e-4
7684.9e-4
8244.5e-4
7119.9e-4
8149.4e-4
10214.2e-4
12534.6e-4
16453.4e-4
21539.9e-4
16311.4e-4
21590.4e-4
3823.3e-4
1520.0e-4
2313.9e-4
446.463
733.231
856.682
857.25
869.054
869.538
871.814
872.672
872.674
872.677
872.679
872.687
872.69
872.697
872.7
872.707
872.71
872.761
872.768
872.786
872.796
872.799
872.804
872.814
872.819
872.822
872.824
872.827
872.832
874.043
876.714
884.722
884.725
889.341
894.036
894.038
992.243
996.319
1008.04
1010.17
1010.19
1010.24
1010.32
1022.89
1027.34
1034.91
1036.16
1047.23
1059.84
1130.74
1131.2
1134.75
1137.38
1145.46
1148.56
1151.4
1157.28
1160.55
1171.87
1175.09
1176.06
1189.41
1189.42
1191.99
1207.47
1223.49
1223.5
1223.52
1240.7
1244.54
1249.01
1249.02
1249.19
1249.2
1249.22
1275.83
1286.68
1293.63
1294.22
1297.33
1312.58
1313.64
1318.22
1328.35
1342.41
2119.24
2184.3
2212.56
3008.94
3205.27
3288.18
3323.64