# File: out_constant_SFH.ised
# Column            2
# Age(yr)       4.000E+08
# Lambda(A)       Flux   
  9.100000E+01 6.1826E+03
  9.400000E+01 7.1535E+03
  9.600000E+01 7.6630E+03
  9.800000E+01 4.1320E+04
  1.000000E+02 1.2619E+05
  1.020000E+02 1.3555E+05
  1.040000E+02 1.2883E+05
  1.060000E+02 1.3064E+05
  1.080000E+02 1.3473E+05
  1.100000E+02 1.4984E+05
  1.140000E+02 1.5837E+05
  1.180000E+02 1.5062E+05
  1.210000E+02 1.9469E+05
  1.250000E+02 2.0187E+05
  1.270000E+02 2.0735E+05
  1.280000E+02 2.0913E+05
  1.310000E+02 2.0300E+05
  1.320000E+02 2.0858E+05
  1.340000E+02 1.9894E+05
  1.370000E+02 2.2214E+05
  1.400000E+02 2.2308E+05
  1.430000E+02 2.7934E+05
  1.470000E+02 3.4889E+05
  1.500000E+02 2.9738E+05
  1.510000E+02 3.2156E+05
  1.550000E+02 3.5261E+05
  1.590000E+02 3.5380E+05
  1.620000E+02 3.5448E+05
  1.660000E+02 3.5673E+05
  1.700000E+02 3.5654E+05
  1.730000E+02 2.6033E+05
  1.770000E+02 3.5928E+05
  1.800000E+02 3.5977E+05
  1.820000E+02 3.5967E+05
  1.860000E+02 3.6034E+05
  1.910000E+02 3.6066E+05
  1.940000E+02 3.6305E+05
  1.980000E+02 3.6299E+05
  2.000000E+02 3.6277E+05
  2.020000E+02 3.6319E+05
  2.050000E+02 3.6290E+05
  2.100000E+02 3.5584E+05
  2.160000E+02 3.6290E+05
  2.200000E+02 3.6376E+05
  2.230000E+02 3.5936E+05
  2.270000E+02 3.6419E+05
  2.300000E+02 4.5811E+05
  2.340000E+02 6.5260E+05
  2.400000E+02 7.4510E+05
  2.460000E+02 6.7628E+05
  2.520000E+02 7.2718E+05
  2.570000E+02 6.8838E+05
  2.600000E+02 7.1493E+05
  2.640000E+02 9.3625E+05
  2.690000E+02 9.7062E+05
  2.740000E+02 9.9306E+05
  2.790000E+02 8.4061E+05
  2.840000E+02 1.0275E+06
  2.900000E+02 1.0940E+06
  2.960000E+02 9.8789E+05
  3.000000E+02 9.0959E+05
  3.010000E+02 8.8865E+05
  3.080000E+02 9.5668E+05
  3.180000E+02 9.3345E+05
  3.280000E+02 9.6591E+05
  3.380000E+02 9.0216E+05
  3.480000E+02 8.4759E+05
  3.570000E+02 1.1478E+06
  3.660000E+02 1.7564E+06
  3.750000E+02 1.7219E+06
  3.850000E+02 1.3474E+06
  3.950000E+02 1.9964E+06
  4.000000E+02 2.2122E+06
  4.050000E+02 2.4562E+06
  4.140000E+02 2.4186E+06
  4.220000E+02 2.1731E+06
  4.300000E+02 2.0586E+06
  4.410000E+02 2.3835E+06
  4.510000E+02 2.4029E+06
  4.600000E+02 2.0896E+06
  4.700000E+02 2.1043E+06
  4.800000E+02 2.3380E+06
  4.900000E+02 1.9604E+06
  5.000000E+02 2.3916E+06
  5.060000E+02 2.0296E+06
  5.120000E+02 3.0611E+06
  5.200000E+02 2.8783E+06
  5.300000E+02 2.6252E+06
  5.400000E+02 2.1161E+06
  5.500000E+02 2.0071E+06
  5.600000E+02 2.5961E+06
  5.700000E+02 2.8633E+06
  5.800000E+02 2.7641E+06
  5.900000E+02 2.7646E+06
  6.000000E+02 2.2973E+06
  6.100000E+02 2.1596E+06
  6.200000E+02 2.6956E+06
  6.300000E+02 2.4838E+06
  6.400000E+02 2.7093E+06
  6.500000E+02 2.5588E+06
  6.580000E+02 2.3188E+06
  6.650000E+02 2.5873E+06
  6.750000E+02 2.6664E+06
  6.850000E+02 2.2601E+06
  6.950000E+02 2.5637E+06
  7.000000E+02 2.2912E+06
  7.050000E+02 2.0537E+06
  7.160000E+02 2.5507E+06
  7.260000E+02 2.5414E+06
  7.350000E+02 2.5136E+06
  7.450000E+02 2.3909E+06
  7.550000E+02 2.3355E+06
  7.650000E+02 2.0587E+06
  7.750000E+02 2.2673E+06
  7.850000E+02 2.0341E+06
  7.950000E+02 2.1645E+06
  8.000000E+02 2.1786E+06
  8.050000E+02 2.1935E+06
  8.150000E+02 2.1714E+06
  8.250000E+02 2.1698E+06
  8.350000E+02 1.7182E+06
  8.450000E+02 2.0681E+06
  8.550000E+02 2.0009E+06
  8.650000E+02 2.0439E+06
  8.750000E+02 2.0233E+06
  8.850000E+02 1.9955E+06
  8.950000E+02 1.9723E+06
  9.000000E+02 1.9402E+06
  9.050000E+02 1.9088E+06
  9.150000E+02 1.7954E+06
  9.250000E+02 3.8541E+06
  9.350000E+02 5.8934E+06
  9.450000E+02 7.6714E+06
  9.550000E+02 8.7514E+06
  9.650000E+02 9.3200E+06
  9.750000E+02 3.7944E+06
  9.850000E+02 7.2379E+06
  9.950000E+02 6.9389E+06
  1.000000E+03 7.6727E+06
  1.005000E+03 8.5403E+06
  1.015000E+03 8.6825E+06
  1.025000E+03 6.0937E+06
  1.035000E+03 7.5144E+06
  1.045000E+03 1.0063E+07
  1.055000E+03 9.5870E+06
  1.065000E+03 8.0342E+06
  1.075000E+03 8.7354E+06
  1.085000E+03 7.5864E+06
  1.095000E+03 8.7892E+06
  1.100000E+03 8.5476E+06
  1.105000E+03 8.3362E+06
  1.115000E+03 8.0666E+06
  1.125000E+03 7.0608E+06
  1.135000E+03 8.2836E+06
  1.145000E+03 7.7776E+06
  1.155000E+03 7.7505E+06
  1.165000E+03 7.5791E+06
  1.175000E+03 5.1875E+06
  1.185000E+03 7.1118E+06
  1.195000E+03 6.0058E+06
  1.200000E+03 5.5101E+06
  1.205000E+03 5.1025E+06
  1.215000E+03 4.1344E+06
  1.225000E+03 5.7036E+06
  1.235000E+03 6.8409E+06
  1.245000E+03 7.0199E+06
  1.255000E+03 6.7745E+06
  1.265000E+03 6.4038E+06
  1.275000E+03 7.1920E+06
  1.285000E+03 7.2872E+06
  1.295000E+03 6.2128E+06
  1.300000E+03 6.1833E+06
  1.305000E+03 6.1644E+06
  1.315000E+03 7.0113E+06
  1.325000E+03 6.6722E+06
  1.335000E+03 6.1760E+06
  1.345000E+03 6.6951E+06
  1.355000E+03 6.4641E+06
  1.365000E+03 5.9358E+06
  1.375000E+03 5.9319E+06
  1.385000E+03 5.8522E+06
  1.395000E+03 4.5315E+06
  1.400000E+03 4.4670E+06
  1.405000E+03 4.4174E+06
  1.415000E+03 5.3777E+06
  1.425000E+03 5.2441E+06
  1.435000E+03 5.3591E+06
  1.442000E+03 5.4443E+06
  1.447000E+03 5.4484E+06
  1.455000E+03 5.2452E+06
  1.465000E+03 4.9155E+06
  1.475000E+03 4.9208E+06
  1.485000E+03 4.9453E+06
  1.495000E+03 4.8921E+06
  1.500000E+03 4.7569E+06
  1.505000E+03 4.6276E+06
  1.512000E+03 4.2344E+06
  1.517000E+03 4.3952E+06
  1.525000E+03 4.2986E+06
  1.535000E+03 3.7065E+06
  1.545000E+03 3.4931E+06
  1.555000E+03 3.4249E+06
  1.565000E+03 3.7174E+06
  1.575000E+03 3.9250E+06
  1.585000E+03 4.0129E+06
  1.595000E+03 4.0185E+06
  1.600000E+03 3.9606E+06
  1.605000E+03 3.9049E+06
  1.615000E+03 3.8395E+06
  1.625000E+03 3.7274E+06
  1.635000E+03 3.8837E+06
  1.645000E+03 3.8743E+06
  1.655000E+03 3.7269E+06
  1.665000E+03 3.8641E+06
  1.672000E+03 3.5266E+06
  1.677000E+03 3.9458E+06
  1.685000E+03 3.9435E+06
  1.695000E+03 3.7390E+06
  1.700000E+03 3.6761E+06
  1.705000E+03 3.6150E+06
  1.715000E+03 3.4070E+06
  1.725000E+03 3.3418E+06
  1.735000E+03 3.4995E+06
  1.745000E+03 3.4202E+06
  1.755000E+03 3.5075E+06
  1.765000E+03 3.3270E+06
  1.775000E+03 3.2708E+06
  1.785000E+03 3.3205E+06
  1.795000E+03 3.4020E+06
  1.800000E+03 3.3928E+06
  1.805000E+03 3.3841E+06
  1.815000E+03 3.1288E+06
  1.825000E+03 3.1708E+06
  1.835000E+03 3.0761E+06
  1.845000E+03 2.8538E+06
  1.855000E+03 2.8486E+06
  1.865000E+03 2.8839E+06
  1.875000E+03 3.0131E+06
  1.885000E+03 2.7725E+06
  1.895000E+03 2.6485E+06
  1.900000E+03 2.7185E+06
  1.905000E+03 2.7922E+06
  1.915000E+03 2.6628E+06
  1.925000E+03 2.5636E+06
  1.935000E+03 2.6818E+06
  1.945000E+03 2.7255E+06
  1.955000E+03 2.5101E+06
  1.967000E+03 2.6917E+06
  1.976000E+03 2.7546E+06
  1.984000E+03 2.6065E+06
  1.995000E+03 2.5314E+06
  2.000000E+03 2.5642E+06
  2.005000E+03 2.5980E+06
  2.015000E+03 2.5273E+06
  2.025000E+03 2.6027E+06
  2.035000E+03 2.4355E+06
  2.045000E+03 2.4758E+06
  2.055000E+03 2.2317E+06
  2.065000E+03 2.3020E+06
  2.074000E+03 2.5015E+06
  2.078000E+03 2.3455E+06
  2.085000E+03 2.4151E+06
  2.095000E+03 2.2896E+06
  2.100000E+03 2.3026E+06
  2.105000E+03 2.3160E+06
  2.115000E+03 2.3270E+06
  2.125000E+03 2.3302E+06
  2.135000E+03 2.2307E+06
  2.145000E+03 2.2033E+06
  2.155000E+03 2.2640E+06
  2.165000E+03 2.2012E+06
  2.175000E+03 2.1832E+06
  2.185000E+03 2.1191E+06
  2.195000E+03 2.1773E+06
  2.200000E+03 2.1535E+06
  2.205000E+03 2.1302E+06
  2.215000E+03 2.0538E+06
  2.225000E+03 1.9983E+06
  2.235000E+03 2.0394E+06
  2.245000E+03 1.9845E+06
  2.255000E+03 1.9199E+06
  2.265000E+03 1.9448E+06
  2.275000E+03 1.9520E+06
  2.285000E+03 1.9517E+06
  2.295000E+03 1.8396E+06
  2.300000E+03 1.8438E+06
  2.305000E+03 1.8487E+06
  2.315000E+03 1.7871E+06
  2.325000E+03 1.5301E+06
  2.335000E+03 1.7018E+06
  2.345000E+03 1.6803E+06
  2.355000E+03 1.7113E+06
  2.365000E+03 1.6422E+06
  2.375000E+03 1.6369E+06
  2.385000E+03 1.5668E+06
  2.395000E+03 1.6134E+06
  2.400000E+03 1.5883E+06
  2.405000E+03 1.5639E+06
  2.415000E+03 1.5690E+06
  2.425000E+03 1.5921E+06
  2.435000E+03 1.5361E+06
  2.445000E+03 1.5719E+06
  2.455000E+03 1.5455E+06
  2.465000E+03 1.5288E+06
  2.475000E+03 1.4894E+06
  2.485000E+03 1.4984E+06
  2.495000E+03 1.3177E+06
  2.500000E+03 1.3968E+06
  2.505000E+03 1.4830E+06
  2.513000E+03 1.3916E+06
  2.518000E+03 1.4418E+06
  2.525000E+03 1.4040E+06
  2.535000E+03 1.4000E+06
  2.545000E+03 1.3656E+06
  2.555000E+03 1.3957E+06
  2.565000E+03 1.3762E+06
  2.575000E+03 1.4038E+06
  2.585000E+03 1.3867E+06
  2.595000E+03 1.3685E+06
  2.600000E+03 1.3532E+06
  2.605000E+03 1.3382E+06
  2.615000E+03 1.3191E+06
  2.625000E+03 1.3298E+06
  2.635000E+03 1.3268E+06
  2.645000E+03 1.3557E+06
  2.655000E+03 1.3455E+06
  2.665000E+03 1.2817E+06
  2.675000E+03 1.2972E+06
  2.685000E+03 1.2866E+06
  2.695000E+03 1.2485E+06
  2.700000E+03 1.2479E+06
  2.705000E+03 1.2474E+06
  2.715000E+03 1.2198E+06
  2.725000E+03 1.2164E+06
  2.735000E+03 1.2290E+06
  2.745000E+03 1.1594E+06
  2.755000E+03 1.1550E+06
  2.765000E+03 1.1602E+06
  2.775000E+03 1.1810E+06
  2.785000E+03 1.1591E+06
  2.795000E+03 1.0469E+06
  2.800000E+03 1.0642E+06
  2.805000E+03 1.0823E+06
  2.815000E+03 1.1475E+06
  2.825000E+03 1.1435E+06
  2.835000E+03 1.1004E+06
  2.845000E+03 1.0903E+06
  2.855000E+03 1.0788E+06
  2.865000E+03 1.0970E+06
  2.875000E+03 1.0787E+06
  2.885000E+03 1.0754E+06
  2.895000E+03 1.0590E+06
  2.900000E+03 1.0632E+06
  2.910000E+03 1.0727E+06
  2.930000E+03 1.0468E+06
  2.950000E+03 1.0231E+06
  2.970000E+03 1.0129E+06
  2.990000E+03 9.9648E+05
  3.000000E+03 9.8939E+05
  3.010000E+03 9.8251E+05
  3.030000E+03 9.7032E+05
  3.050000E+03 9.5444E+05
  3.070000E+03 9.3893E+05
  3.090000E+03 9.2392E+05
  3.100000E+03 9.1618E+05
  3.110000E+03 9.0872E+05
  3.130000E+03 8.9081E+05
  3.150000E+03 8.8192E+05
  3.170000E+03 8.6436E+05
  3.190000E+03 8.3822E+05
  3.200000E+03 8.3633E+05
  3.210000E+03 8.3459E+05
  3.230000E+03 8.1721E+05
  3.250000E+03 8.1226E+05
  3.270000E+03 8.0232E+05
  3.290000E+03 7.9115E+05
  3.300000E+03 7.8590E+05
  3.310000E+03 7.8075E+05
  3.330000E+03 7.6551E+05
  3.350000E+03 7.5010E+05
  3.370000E+03 7.3608E+05
  3.390000E+03 7.2646E+05
  3.400000E+03 7.2291E+05
  3.410000E+03 7.1944E+05
  3.430000E+03 7.0576E+05
  3.450000E+03 6.9609E+05
  3.470000E+03 6.8710E+05
  3.490000E+03 6.7896E+05
  3.500000E+03 6.7623E+05
  3.510000E+03 6.7358E+05
  3.530000E+03 6.6271E+05
  3.550000E+03 6.5672E+05
  3.570000E+03 6.3910E+05
  3.590000E+03 6.2751E+05
  3.600000E+03 6.2506E+05
  3.610000E+03 6.2306E+05
  3.630000E+03 6.1749E+05
  3.640000E+03 6.1470E+05
  3.650000E+03 6.1789E+05
  3.670000E+03 6.0489E+05
  3.690000E+03 5.7247E+05
  3.700000E+03 5.8312E+05
  3.710000E+03 5.9510E+05
  3.730000E+03 5.8835E+05
  3.750000E+03 6.6690E+05
  3.770000E+03 6.7670E+05
  3.790000E+03 7.4308E+05
  3.800000E+03 7.7149E+05
  3.810000E+03 8.0159E+05
  3.830000E+03 6.7701E+05
  3.850000E+03 8.2040E+05
  3.870000E+03 8.5650E+05
  3.890000E+03 6.3287E+05
  3.900000E+03 7.3193E+05
  3.910000E+03 8.5291E+05
  3.930000E+03 8.0064E+05
  3.950000E+03 8.2006E+05
  3.970000E+03 5.7704E+05
  3.990000E+03 8.1128E+05
  4.000000E+03 8.2693E+05
  4.010000E+03 8.4379E+05
  4.030000E+03 8.2554E+05
  4.050000E+03 8.2442E+05
  4.070000E+03 7.9285E+05
  4.090000E+03 7.1330E+05
  4.100000E+03 6.5657E+05
  4.110000E+03 6.0549E+05
  4.130000E+03 7.5306E+05
  4.150000E+03 7.6477E+05
  4.170000E+03 7.5812E+05
  4.190000E+03 7.5082E+05
  4.200000E+03 7.4806E+05
  4.210000E+03 7.4559E+05
  4.230000E+03 7.3329E+05
  4.250000E+03 7.2520E+05
  4.270000E+03 7.0381E+05
  4.290000E+03 6.9790E+05
  4.300000E+03 6.8134E+05
  4.310000E+03 6.6548E+05
  4.330000E+03 5.9459E+05
  4.350000E+03 5.3578E+05
  4.370000E+03 6.6436E+05
  4.390000E+03 6.5440E+05
  4.400000E+03 6.5501E+05
  4.410000E+03 6.5578E+05
  4.430000E+03 6.5304E+05
  4.450000E+03 6.5063E+05
  4.470000E+03 6.3926E+05
  4.490000E+03 6.3744E+05
  4.500000E+03 6.4223E+05
  4.510000E+03 6.4757E+05
  4.530000E+03 6.2537E+05
  4.550000E+03 6.1724E+05
  4.570000E+03 6.2453E+05
  4.590000E+03 6.0844E+05
  4.600000E+03 6.0801E+05
  4.610000E+03 6.0763E+05
  4.630000E+03 5.9251E+05
  4.650000E+03 5.8912E+05
  4.670000E+03 5.8803E+05
  4.690000E+03 5.7735E+05
  4.700000E+03 5.6914E+05
  4.710000E+03 5.6110E+05
  4.730000E+03 5.6846E+05
  4.750000E+03 5.6684E+05
  4.770000E+03 5.6319E+05
  4.790000E+03 5.5448E+05
  4.800000E+03 5.4889E+05
  4.810000E+03 5.4339E+05
  4.830000E+03 5.3463E+05
  4.850000E+03 4.7229E+05
  4.870000E+03 4.1122E+05
  4.890000E+03 5.1045E+05
  4.900000E+03 5.1248E+05
  4.910000E+03 5.1460E+05
  4.930000E+03 5.0427E+05
  4.950000E+03 5.1088E+05
  4.970000E+03 5.0386E+05
  4.990000E+03 4.8891E+05
  5.000000E+03 4.8013E+05
  5.010000E+03 4.7155E+05
  5.030000E+03 4.7872E+05
  5.050000E+03 4.7107E+05
  5.070000E+03 4.7730E+05
  5.090000E+03 4.6516E+05
  5.100000E+03 4.6404E+05
  5.110000E+03 4.6301E+05
  5.130000E+03 4.5334E+05
  5.150000E+03 4.4432E+05
  5.170000E+03 4.3286E+05
  5.190000E+03 4.3277E+05
  5.200000E+03 4.3288E+05
  5.210000E+03 4.3312E+05
  5.230000E+03 4.3368E+05
  5.250000E+03 4.3580E+05
  5.270000E+03 4.1716E+05
  5.290000E+03 4.3047E+05
  5.300000E+03 4.3076E+05
  5.310000E+03 4.3121E+05
  5.330000E+03 4.1436E+05
  5.350000E+03 4.2225E+05
  5.370000E+03 4.1885E+05
  5.390000E+03 4.1081E+05
  5.400000E+03 4.0783E+05
  5.410000E+03 4.0488E+05
  5.430000E+03 4.0327E+05
  5.450000E+03 4.0508E+05
  5.470000E+03 3.9618E+05
  5.490000E+03 3.9320E+05
  5.500000E+03 3.9127E+05
  5.510000E+03 3.8936E+05
  5.530000E+03 3.8978E+05
  5.550000E+03 3.8933E+05
  5.570000E+03 3.8438E+05
  5.590000E+03 3.7741E+05
  5.600000E+03 3.7845E+05
  5.610000E+03 3.7964E+05
  5.630000E+03 3.7374E+05
  5.650000E+03 3.7156E+05
  5.670000E+03 3.6600E+05
  5.690000E+03 3.6811E+05
  5.700000E+03 3.6483E+05
  5.710000E+03 3.6163E+05
  5.730000E+03 3.7000E+05
  5.750000E+03 3.6034E+05
  5.770000E+03 3.6041E+05
  5.790000E+03 3.5198E+05
  5.800000E+03 3.5370E+05
  5.810000E+03 3.5556E+05
  5.830000E+03 3.5714E+05
  5.850000E+03 3.4997E+05
  5.870000E+03 3.4470E+05
  5.890000E+03 3.3184E+05
  5.900000E+03 3.3575E+05
  5.910000E+03 3.4005E+05
  5.930000E+03 3.3841E+05
  5.950000E+03 3.3527E+05
  5.970000E+03 3.3642E+05
  5.990000E+03 3.3063E+05
  6.000000E+03 3.2901E+05
  6.010000E+03 3.2746E+05
  6.030000E+03 3.2934E+05
  6.050000E+03 3.2944E+05
  6.070000E+03 3.2770E+05
  6.090000E+03 3.1982E+05
  6.100000E+03 3.1915E+05
  6.110000E+03 3.1850E+05
  6.130000E+03 3.0928E+05
  6.150000E+03 3.0821E+05
  6.170000E+03 3.0261E+05
  6.190000E+03 3.0678E+05
  6.200000E+03 3.0512E+05
  6.210000E+03 3.0345E+05
  6.230000E+03 2.9654E+05
  6.250000E+03 2.8921E+05
  6.270000E+03 2.9553E+05
  6.290000E+03 2.9693E+05
  6.300000E+03 2.9418E+05
  6.310000E+03 2.9150E+05
  6.330000E+03 2.9275E+05
  6.350000E+03 2.8921E+05
  6.370000E+03 2.8747E+05
  6.390000E+03 2.8959E+05
  6.400000E+03 2.8776E+05
  6.410000E+03 2.8584E+05
  6.430000E+03 2.8557E+05
  6.450000E+03 2.8334E+05
  6.470000E+03 2.8226E+05
  6.490000E+03 2.7652E+05
  6.500000E+03 2.7758E+05
  6.510000E+03 2.7865E+05
  6.530000E+03 2.7482E+05
  6.550000E+03 2.5995E+05
  6.570000E+03 2.3288E+05
  6.590000E+03 2.6685E+05
  6.600000E+03 2.6879E+05
  6.610000E+03 2.7081E+05
  6.630000E+03 2.6880E+05
  6.650000E+03 2.6687E+05
  6.670000E+03 2.6186E+05
  6.690000E+03 2.6351E+05
  6.700000E+03 2.6044E+05
  6.710000E+03 2.5745E+05
  6.730000E+03 2.5969E+05
  6.750000E+03 2.5589E+05
  6.770000E+03 2.5596E+05
  6.790000E+03 2.5289E+05
  6.800000E+03 2.5276E+05
  6.810000E+03 2.5266E+05
  6.830000E+03 2.5278E+05
  6.850000E+03 2.4853E+05
  6.870000E+03 2.4975E+05
  6.890000E+03 2.5096E+05
  6.900000E+03 2.5007E+05
  6.910000E+03 2.4913E+05
  6.930000E+03 2.4637E+05
  6.950000E+03 2.4369E+05
  6.970000E+03 2.4420E+05
  6.990000E+03 2.4232E+05
  7.000000E+03 2.4014E+05
  7.010000E+03 2.3825E+05
  7.030000E+03 2.3929E+05
  7.050000E+03 2.3815E+05
  7.070000E+03 2.3235E+05
  7.090000E+03 2.2868E+05
  7.100000E+03 2.2590E+05
  7.110000E+03 2.2336E+05
  7.130000E+03 2.1995E+05
  7.150000E+03 2.1982E+05
  7.170000E+03 2.2024E+05
  7.190000E+03 2.1716E+05
  7.200000E+03 2.1866E+05
  7.210000E+03 2.2028E+05
  7.230000E+03 2.2127E+05
  7.250000E+03 2.2147E+05
  7.270000E+03 2.2063E+05
  7.290000E+03 2.1732E+05
  7.300000E+03 2.1846E+05
  7.310000E+03 2.1993E+05
  7.330000E+03 2.1940E+05
  7.350000E+03 2.1916E+05
  7.370000E+03 2.2162E+05
  7.390000E+03 2.1774E+05
  7.400000E+03 2.1716E+05
  7.410000E+03 2.1651E+05
  7.430000E+03 2.1735E+05
  7.450000E+03 2.1687E+05
  7.470000E+03 2.1646E+05
  7.490000E+03 2.1488E+05
  7.500000E+03 2.1527E+05
  7.510000E+03 2.1579E+05
  7.530000E+03 2.1661E+05
  7.550000E+03 2.1650E+05
  7.570000E+03 2.1461E+05
  7.590000E+03 2.1190E+05
  7.600000E+03 2.1100E+05
  7.610000E+03 2.1007E+05
  7.630000E+03 2.0858E+05
  7.650000E+03 2.0656E+05
  7.670000E+03 2.0126E+05
  7.690000E+03 2.0362E+05
  7.700000E+03 2.0189E+05
  7.710000E+03 2.0045E+05
  7.730000E+03 1.9994E+05
  7.750000E+03 1.9850E+05
  7.770000E+03 1.9851E+05
  7.790000E+03 1.9950E+05
  7.800000E+03 1.9904E+05
  7.810000E+03 1.9862E+05
  7.830000E+03 1.9743E+05
  7.850000E+03 1.9478E+05
  7.870000E+03 1.9452E+05
  7.890000E+03 1.8997E+05
  7.900000E+03 1.8833E+05
  7.910000E+03 1.8674E+05
  7.930000E+03 1.8701E+05
  7.950000E+03 1.8468E+05
  7.970000E+03 1.8816E+05
  7.990000E+03 1.8716E+05
  8.000000E+03 1.8758E+05
  8.010000E+03 1.8790E+05
  8.030000E+03 1.8723E+05
  8.050000E+03 1.8584E+05
  8.070000E+03 1.8470E+05
  8.090000E+03 1.8146E+05
  8.100000E+03 1.8112E+05
  8.110000E+03 1.8060E+05
  8.130000E+03 1.8245E+05
  8.150000E+03 1.8219E+05
  8.170000E+03 1.8225E+05
  8.190000E+03 1.7932E+05
  8.200000E+03 1.7853E+05
  8.210000E+03 1.7789E+05
  8.230000E+03 1.7834E+05
  8.250000E+03 1.7844E+05
  8.270000E+03 1.7908E+05
  8.290000E+03 1.7743E+05
  8.300000E+03 1.7496E+05
  8.310000E+03 1.7256E+05
  8.330000E+03 1.7225E+05
  8.350000E+03 1.7144E+05
  8.370000E+03 1.7165E+05
  8.390000E+03 1.6836E+05
  8.400000E+03 1.6959E+05
  8.410000E+03 1.7085E+05
  8.430000E+03 1.6728E+05
  8.450000E+03 1.6639E+05
  8.470000E+03 1.6477E+05
  8.490000E+03 1.6758E+05
  8.500000E+03 1.6318E+05
  8.510000E+03 1.5903E+05
  8.530000E+03 1.6718E+05
  8.550000E+03 1.5268E+05
  8.570000E+03 1.7026E+05
  8.590000E+03 1.6318E+05
  8.600000E+03 1.6293E+05
  8.610000E+03 1.6274E+05
  8.630000E+03 1.7094E+05
  8.650000E+03 1.6748E+05
  8.670000E+03 1.4923E+05
  8.690000E+03 1.6515E+05
  8.700000E+03 1.6758E+05
  8.710000E+03 1.7002E+05
  8.730000E+03 1.6735E+05
  8.750000E+03 1.5507E+05
  8.770000E+03 1.6521E+05
  8.790000E+03 1.6917E+05
  8.800000E+03 1.6783E+05
  8.810000E+03 1.6636E+05
  8.830000E+03 1.6641E+05
  8.850000E+03 1.6149E+05
  8.870000E+03 1.5152E+05
  8.890000E+03 1.6295E+05
  8.900000E+03 1.6458E+05
  8.910000E+03 1.6601E+05
  8.930000E+03 1.6335E+05
  8.950000E+03 1.6344E+05
  8.970000E+03 1.6270E+05
  8.990000E+03 1.6017E+05
  9.000000E+03 1.5370E+05
  9.010000E+03 1.4772E+05
  9.030000E+03 1.5433E+05
  9.050000E+03 1.6249E+05
  9.070000E+03 1.6137E+05
  9.090000E+03 1.5754E+05
  9.100000E+03 1.5805E+05
  9.110000E+03 1.5843E+05
  9.130000E+03 1.6033E+05
  9.150000E+03 1.5896E+05
  9.170000E+03 1.5729E+05
  9.190000E+03 1.5651E+05
  9.200000E+03 1.5284E+05
  9.210000E+03 1.4929E+05
  9.230000E+03 1.3954E+05
  9.250000E+03 1.4665E+05
  9.270000E+03 1.5027E+05
  9.290000E+03 1.5125E+05
  9.300000E+03 1.5148E+05
  9.310000E+03 1.5173E+05
  9.330000E+03 1.5098E+05
  9.350000E+03 1.5052E+05
  9.370000E+03 1.4862E+05
  9.390000E+03 1.4927E+05
  9.400000E+03 1.4761E+05
  9.410000E+03 1.4569E+05
  9.430000E+03 1.4857E+05
  9.450000E+03 1.4573E+05
  9.470000E+03 1.4741E+05
  9.490000E+03 1.4690E+05
  9.500000E+03 1.4580E+05
  9.510000E+03 1.4436E+05
  9.530000E+03 1.4170E+05
  9.550000E+03 1.3217E+05
  9.570000E+03 1.4024E+05
  9.590000E+03 1.4409E+05
  9.600000E+03 1.4355E+05
  9.610000E+03 1.4276E+05
  9.630000E+03 1.4245E+05
  9.650000E+03 1.4118E+05
  9.670000E+03 1.4047E+05
  9.690000E+03 1.4163E+05
  9.700000E+03 1.4101E+05
  9.710000E+03 1.4055E+05
  9.730000E+03 1.3964E+05
  9.750000E+03 1.3841E+05
  9.770000E+03 1.3862E+05
  9.790000E+03 1.3676E+05
  9.800000E+03 1.3776E+05
  9.810000E+03 1.3892E+05
  9.830000E+03 1.3777E+05
  9.850000E+03 1.3789E+05
  9.870000E+03 1.3666E+05
  9.890000E+03 1.3603E+05
  9.900000E+03 1.3589E+05
  9.910000E+03 1.3547E+05
  9.930000E+03 1.3569E+05
  9.950000E+03 1.3532E+05
  9.970000E+03 1.3497E+05
  9.990000E+03 1.3405E+05
  1.000000E+04 1.3281E+05
  1.002500E+04 1.3017E+05
  1.007500E+04 1.2697E+05
  1.010000E+04 1.2857E+05
  1.012500E+04 1.3020E+05
  1.017500E+04 1.2855E+05
  1.020000E+04 1.2828E+05
  1.022500E+04 1.2810E+05
  1.027500E+04 1.2756E+05
  1.030000E+04 1.2660E+05
  1.032500E+04 1.2553E+05
  1.037500E+04 1.2405E+05
  1.040000E+04 1.2356E+05
  1.042500E+04 1.2336E+05
  1.047500E+04 1.2170E+05
  1.050000E+04 1.2136E+05
  1.052500E+04 1.2077E+05
  1.057500E+04 1.1922E+05
  1.060000E+04 1.1894E+05
  1.062500E+04 1.1814E+05
  1.067500E+04 1.1572E+05
  1.070000E+04 1.1580E+05
  1.072500E+04 1.1535E+05
  1.077500E+04 1.1421E+05
  1.080000E+04 1.1280E+05
  1.082500E+04 1.1180E+05
  1.087500E+04 1.0984E+05
  1.090000E+04 1.0761E+05
  1.092500E+04 1.0526E+05
  1.097500E+04 1.0519E+05
  1.100000E+04 1.0499E+05
  1.102500E+04 1.0537E+05
  1.107500E+04 1.0405E+05
  1.110000E+04 1.0394E+05
  1.112500E+04 1.0361E+05
  1.117500E+04 1.0281E+05
  1.120000E+04 1.0247E+05
  1.122500E+04 1.0228E+05
  1.127500E+04 1.0072E+05
  1.130000E+04 1.0031E+05
  1.132500E+04 9.9975E+04
  1.137500E+04 9.9104E+04
  1.140000E+04 9.8858E+04
  1.142500E+04 9.7991E+04
  1.147500E+04 9.8480E+04
  1.150000E+04 9.8476E+04
  1.152500E+04 9.8157E+04
  1.157500E+04 9.6917E+04
  1.160000E+04 9.6430E+04
  1.162500E+04 9.5624E+04
  1.167500E+04 9.4910E+04
  1.170000E+04 9.4839E+04
  1.172500E+04 9.4868E+04
  1.177500E+04 9.3522E+04
  1.180000E+04 9.3021E+04
  1.182500E+04 9.2597E+04
  1.187500E+04 9.1178E+04
  1.190000E+04 9.1648E+04
  1.192500E+04 9.1645E+04
  1.197500E+04 8.8971E+04
  1.200000E+04 8.9660E+04
  1.202500E+04 9.0088E+04
  1.207500E+04 8.8570E+04
  1.210000E+04 8.8154E+04
  1.212500E+04 8.8399E+04
  1.217500E+04 8.8195E+04
  1.220000E+04 8.7986E+04
  1.222500E+04 8.7471E+04
  1.227500E+04 8.6618E+04
  1.230000E+04 8.6323E+04
  1.232500E+04 8.5588E+04
  1.237500E+04 8.5267E+04
  1.240000E+04 8.4879E+04
  1.242500E+04 8.4222E+04
  1.247500E+04 8.3523E+04
  1.250000E+04 8.3193E+04
  1.252500E+04 8.2651E+04
  1.257500E+04 8.2081E+04
  1.260000E+04 8.2222E+04
  1.262500E+04 8.1860E+04
  1.267500E+04 8.0517E+04
  1.270000E+04 8.0656E+04
  1.272500E+04 8.0526E+04
  1.277500E+04 7.9698E+04
  1.280000E+04 7.7839E+04
  1.282500E+04 7.5768E+04
  1.287500E+04 7.7919E+04
  1.290000E+04 7.7910E+04
  1.292500E+04 7.7629E+04
  1.297500E+04 7.7662E+04
  1.300000E+04 7.7279E+04
  1.302500E+04 7.6889E+04
  1.307500E+04 7.6752E+04
  1.310000E+04 7.6025E+04
  1.312500E+04 7.5582E+04
  1.317500E+04 7.5041E+04
  1.320000E+04 7.5083E+04
  1.322500E+04 7.4784E+04
  1.327500E+04 7.3558E+04
  1.330000E+04 7.3593E+04
  1.332500E+04 7.3657E+04
  1.337500E+04 7.2680E+04
  1.340000E+04 7.3039E+04
  1.342500E+04 7.3072E+04
  1.347500E+04 7.2484E+04
  1.350000E+04 7.2293E+04
  1.352500E+04 7.2122E+04
  1.357500E+04 7.0673E+04
  1.360000E+04 7.0706E+04
  1.362500E+04 7.0177E+04
  1.367500E+04 7.0292E+04
  1.370000E+04 7.0114E+04
  1.372500E+04 6.9788E+04
  1.377500E+04 6.9602E+04
  1.380000E+04 6.9540E+04
  1.382500E+04 6.9353E+04
  1.387500E+04 6.8556E+04
  1.390000E+04 6.8051E+04
  1.392500E+04 6.7562E+04
  1.397500E+04 6.6906E+04
  1.400000E+04 6.6569E+04
  1.402500E+04 6.6117E+04
  1.407500E+04 6.5601E+04
  1.410000E+04 6.4864E+04
  1.412500E+04 6.4213E+04
  1.417500E+04 6.4202E+04
  1.420000E+04 6.3700E+04
  1.422500E+04 6.3532E+04
  1.427500E+04 6.2975E+04
  1.430000E+04 6.2891E+04
  1.432500E+04 6.3292E+04
  1.437500E+04 6.3446E+04
  1.440000E+04 6.2825E+04
  1.442500E+04 6.1706E+04
  1.447500E+04 6.2308E+04
  1.450000E+04 6.1852E+04
  1.452500E+04 6.1295E+04
  1.457000E+04 6.1781E+04
  1.460000E+04 6.1461E+04
  1.462000E+04 6.1017E+04
  1.467500E+04 6.0579E+04
  1.470000E+04 5.9839E+04
  1.472500E+04 5.9696E+04
  1.477500E+04 5.9772E+04
  1.480000E+04 5.9672E+04
  1.482500E+04 5.9929E+04
  1.487500E+04 5.9588E+04
  1.490000E+04 5.9713E+04
  1.492500E+04 6.0370E+04
  1.497500E+04 5.9577E+04
  1.500000E+04 5.9392E+04
  1.502500E+04 5.8908E+04
  1.507500E+04 5.8661E+04
  1.510000E+04 5.8780E+04
  1.512500E+04 5.8643E+04
  1.517500E+04 5.9054E+04
  1.520000E+04 5.9210E+04
  1.522500E+04 5.8613E+04
  1.527500E+04 5.8944E+04
  1.530000E+04 5.8515E+04
  1.532500E+04 5.8259E+04
  1.537500E+04 5.8166E+04
  1.540000E+04 5.8262E+04
  1.542500E+04 5.8071E+04
  1.547500E+04 5.7982E+04
  1.550000E+04 5.7639E+04
  1.552500E+04 5.7183E+04
  1.557500E+04 5.5055E+04
  1.560000E+04 5.5687E+04
  1.562500E+04 5.6043E+04
  1.567500E+04 5.5654E+04
  1.570000E+04 5.5967E+04
  1.572500E+04 5.6301E+04
  1.577500E+04 5.3083E+04
  1.580000E+04 5.2829E+04
  1.582500E+04 5.3088E+04
  1.587500E+04 5.2470E+04
  1.590000E+04 5.3502E+04
  1.592500E+04 5.4066E+04
  1.597500E+04 5.3160E+04
  1.600000E+04 5.3161E+04
  1.605000E+04 5.3352E+04
  1.610000E+04 5.3242E+04
  1.615000E+04 5.3428E+04
  1.620000E+04 5.2880E+04
  1.625000E+04 5.2102E+04
  1.630000E+04 5.2868E+04
  1.635000E+04 5.3173E+04
  1.640000E+04 5.2250E+04
  1.645000E+04 5.1287E+04
  1.650000E+04 5.1420E+04
  1.655000E+04 5.1616E+04
  1.660000E+04 5.1415E+04
  1.665000E+04 5.0435E+04
  1.670000E+04 5.0821E+04
  1.675000E+04 5.0774E+04
  1.680000E+04 4.9379E+04
  1.685000E+04 4.8843E+04
  1.690000E+04 4.9227E+04
  1.695000E+04 4.9323E+04
  1.700000E+04 4.8961E+04
  1.705000E+04 4.8289E+04
  1.710000E+04 4.8299E+04
  1.715000E+04 4.8009E+04
  1.720000E+04 4.7288E+04
  1.725000E+04 4.6673E+04
  1.730000E+04 4.6051E+04
  1.735000E+04 4.5478E+04
  1.740000E+04 4.5441E+04
  1.745000E+04 4.5367E+04
  1.750000E+04 4.4789E+04
  1.755000E+04 4.5046E+04
  1.760000E+04 4.4690E+04
  1.765000E+04 4.3999E+04
  1.770000E+04 4.3137E+04
  1.775000E+04 4.2945E+04
  1.780000E+04 4.2880E+04
  1.785000E+04 4.3074E+04
  1.790000E+04 4.1584E+04
  1.795000E+04 4.1103E+04
  1.800000E+04 4.1617E+04
  1.805000E+04 4.0652E+04
  1.810000E+04 4.0595E+04
  1.815000E+04 3.9951E+04
  1.820000E+04 3.9755E+04
  1.825000E+04 3.8882E+04
  1.830000E+04 3.8586E+04
  1.835000E+04 3.8144E+04
  1.840000E+04 3.7629E+04
  1.845000E+04 3.8130E+04
  1.850000E+04 3.8468E+04
  1.855000E+04 3.7689E+04
  1.860000E+04 3.7103E+04
  1.865000E+04 3.6420E+04
  1.870000E+04 3.6635E+04
  1.875000E+04 3.5294E+04
  1.880000E+04 3.5355E+04
  1.885000E+04 3.5344E+04
  1.890000E+04 3.4440E+04
  1.895000E+04 3.4231E+04
  1.900000E+04 3.4774E+04
  1.905000E+04 3.5148E+04
  1.910000E+04 3.4450E+04
  1.915000E+04 3.3902E+04
  1.920000E+04 3.3723E+04
  1.925000E+04 3.3769E+04
  1.930000E+04 3.3641E+04
  1.935000E+04 3.3185E+04
  1.940000E+04 3.2092E+04
  1.945000E+04 3.1505E+04
  1.950000E+04 3.1721E+04
  1.955000E+04 3.1886E+04
  1.960000E+04 3.1857E+04
  1.965000E+04 3.1360E+04
  1.970000E+04 3.1315E+04
  1.975000E+04 3.0676E+04
  1.980000E+04 3.0075E+04
  1.985000E+04 2.9860E+04
  1.990000E+04 3.0093E+04
  1.995000E+04 2.9993E+04
  2.000000E+04 2.9458E+04
  2.005000E+04 2.9627E+04
  2.010000E+04 2.9738E+04
  2.015000E+04 2.9662E+04
  2.020000E+04 2.9174E+04
  2.025000E+04 2.8571E+04
  2.030000E+04 2.8140E+04
  2.035000E+04 2.7946E+04
  2.040000E+04 2.7529E+04
  2.045000E+04 2.7551E+04
  2.050000E+04 2.7352E+04
  2.055000E+04 2.7040E+04
  2.060000E+04 2.6660E+04
  2.065000E+04 2.6479E+04
  2.070000E+04 2.6330E+04
  2.075000E+04 2.6060E+04
  2.080000E+04 2.6055E+04
  2.085000E+04 2.6394E+04
  2.090000E+04 2.6101E+04
  2.095000E+04 2.5419E+04
  2.100000E+04 2.5297E+04
  2.105000E+04 2.5375E+04
  2.110000E+04 2.5217E+04
  2.115000E+04 2.4754E+04
  2.120000E+04 2.4448E+04
  2.125000E+04 2.4589E+04
  2.130000E+04 2.4388E+04
  2.135000E+04 2.4288E+04
  2.140000E+04 2.4099E+04
  2.145000E+04 2.3673E+04
  2.150000E+04 2.3633E+04
  2.155000E+04 2.3452E+04
  2.160000E+04 2.3072E+04
  2.165000E+04 2.2796E+04
  2.170000E+04 2.2568E+04
  2.175000E+04 2.2393E+04
  2.180000E+04 2.2367E+04
  2.185000E+04 2.2152E+04
  2.190000E+04 2.1898E+04
  2.195000E+04 2.1706E+04
  2.200000E+04 2.1350E+04
  2.205000E+04 2.1070E+04
  2.210000E+04 2.0991E+04
  2.215000E+04 2.0990E+04
  2.220000E+04 2.0900E+04
  2.225000E+04 2.0807E+04
  2.230000E+04 2.0796E+04
  2.235000E+04 2.0545E+04
  2.240000E+04 2.0439E+04
  2.245000E+04 2.0483E+04
  2.250000E+04 2.0213E+04
  2.255000E+04 1.9885E+04
  2.260000E+04 1.9583E+04
  2.265000E+04 1.9542E+04
  2.270000E+04 1.9633E+04
  2.275000E+04 1.9501E+04
  2.280000E+04 1.9217E+04
  2.285000E+04 1.9062E+04
  2.290000E+04 1.7747E+04
  2.295000E+04 1.6586E+04
  2.300000E+04 1.7250E+04
  2.305000E+04 1.7866E+04
  2.310000E+04 1.8126E+04
  2.315000E+04 1.7974E+04
  2.320000E+04 1.6339E+04
  2.325000E+04 1.5478E+04
  2.330000E+04 1.6536E+04
  2.335000E+04 1.6981E+04
  2.340000E+04 1.6327E+04
  2.345000E+04 1.5975E+04
  2.350000E+04 1.5079E+04
  2.355000E+04 1.4445E+04
  2.360000E+04 1.4846E+04
  2.365000E+04 1.5485E+04
  2.370000E+04 1.5396E+04
  2.375000E+04 1.5094E+04
  2.380000E+04 1.4314E+04
  2.385000E+04 1.3565E+04
  2.390000E+04 1.4306E+04
  2.395000E+04 1.4781E+04
  2.400000E+04 1.4510E+04
  2.405000E+04 1.4262E+04
  2.410000E+04 1.3523E+04
  2.415000E+04 1.2856E+04
  2.420000E+04 1.3011E+04
  2.425000E+04 1.3308E+04
  2.430000E+04 1.3157E+04
  2.435000E+04 1.2975E+04
  2.440000E+04 1.2806E+04
  2.445000E+04 1.2457E+04
  2.450000E+04 1.2381E+04
  2.455000E+04 1.2354E+04
  2.460000E+04 1.2379E+04
  2.465000E+04 1.2390E+04
  2.470000E+04 1.2200E+04
  2.475000E+04 1.1990E+04
  2.480000E+04 1.1410E+04
  2.485000E+04 1.0948E+04
  2.490000E+04 1.0927E+04
  2.495000E+04 1.0907E+04
  2.500000E+04 1.1019E+04
  2.505000E+04 1.1167E+04
  2.510000E+04 1.0876E+04
  2.515000E+04 1.0633E+04
  2.520000E+04 1.0773E+04
  2.525000E+04 1.0944E+04
  2.530000E+04 1.0977E+04
  2.535000E+04 1.0988E+04
  2.540000E+04 1.0928E+04
  2.545000E+04 1.0922E+04
  2.550000E+04 1.0937E+04
  2.555000E+04 1.0917E+04
  2.560000E+04 1.0921E+04
  2.565000E+04 1.0932E+04
  2.570000E+04 1.0985E+04
  2.575000E+04 1.1065E+04
  2.580000E+04 1.0912E+04
  2.585000E+04 1.0740E+04
  2.590000E+04 1.0716E+04
  2.595000E+04 1.0770E+04
  2.600000E+04 1.0849E+04
  2.605000E+04 1.0896E+04
  2.610000E+04 1.0813E+04
  2.615000E+04 1.0623E+04
  2.620000E+04 1.0579E+04
  2.625000E+04 1.0575E+04
  2.630000E+04 1.0714E+04
  2.635000E+04 1.0733E+04
  2.640000E+04 1.0638E+04
  2.645000E+04 1.0512E+04
  2.650000E+04 1.0491E+04
  2.655000E+04 1.0509E+04
  2.660000E+04 1.0589E+04
  2.665000E+04 1.0495E+04
  2.670000E+04 1.0461E+04
  2.675000E+04 1.0369E+04
  2.680000E+04 1.0246E+04
  2.685000E+04 1.0125E+04
  2.690000E+04 1.0052E+04
  2.695000E+04 1.0074E+04
  2.700000E+04 1.0163E+04
  2.705000E+04 1.0097E+04
  2.710000E+04 9.9443E+03
  2.715000E+04 9.9440E+03
  2.720000E+04 1.0123E+04
  2.725000E+04 1.0163E+04
  2.730000E+04 1.0066E+04
  2.735000E+04 9.9008E+03
  2.740000E+04 1.0029E+04
  2.745000E+04 1.0083E+04
  2.750000E+04 9.9539E+03
  2.755000E+04 9.7848E+03
  2.760000E+04 9.6424E+03
  2.765000E+04 9.5977E+03
  2.770000E+04 9.5660E+03
  2.775000E+04 9.5476E+03
  2.780000E+04 9.5838E+03
  2.785000E+04 9.6194E+03
  2.790000E+04 9.5469E+03
  2.795000E+04 9.6105E+03
  2.800000E+04 9.4402E+03
  2.805000E+04 9.3948E+03
  2.810000E+04 9.2011E+03
  2.815000E+04 9.1997E+03
  2.820000E+04 9.1905E+03
  2.825000E+04 9.1932E+03
  2.830000E+04 9.1492E+03
  2.835000E+04 8.9347E+03
  2.840000E+04 8.7002E+03
  2.845000E+04 8.5020E+03
  2.850000E+04 8.5707E+03
  2.855000E+04 8.7123E+03
  2.860000E+04 8.7517E+03
  2.865000E+04 8.7066E+03
  2.870000E+04 8.5102E+03
  2.875000E+04 8.4701E+03
  2.880000E+04 8.4735E+03
  2.885000E+04 8.3551E+03
  2.890000E+04 8.2485E+03
  2.895000E+04 8.1273E+03
  2.900000E+04 8.2326E+03
  2.905000E+04 8.2166E+03
  2.910000E+04 8.1207E+03
  2.915000E+04 7.9883E+03
  2.920000E+04 7.8381E+03
  2.925000E+04 7.7154E+03
  2.930000E+04 7.7523E+03
  2.935000E+04 7.6587E+03
  2.940000E+04 7.5890E+03
  2.945000E+04 7.4867E+03
  2.950000E+04 7.4006E+03
  2.955000E+04 7.3494E+03
  2.960000E+04 7.3044E+03
  2.965000E+04 7.2564E+03
  2.970000E+04 7.2115E+03
  2.975000E+04 7.1577E+03
  2.980000E+04 7.1042E+03
  2.985000E+04 7.0313E+03
  2.990000E+04 6.9837E+03
  2.995000E+04 6.9538E+03
  3.000000E+04 6.9180E+03
  3.005000E+04 6.8790E+03
  3.010000E+04 6.8485E+03
  3.015000E+04 6.8072E+03
  3.020000E+04 6.7600E+03
  3.025000E+04 6.7136E+03
  3.030000E+04 6.6499E+03
  3.035000E+04 6.5885E+03
  3.040000E+04 6.5742E+03
  3.045000E+04 6.5613E+03
  3.050000E+04 6.5309E+03
  3.055000E+04 6.5038E+03
  3.060000E+04 6.4764E+03
  3.065000E+04 6.4416E+03
  3.070000E+04 6.4144E+03
  3.075000E+04 6.3887E+03
  3.080000E+04 6.3408E+03
  3.085000E+04 6.2959E+03
  3.090000E+04 6.2631E+03
  3.095000E+04 6.2288E+03
  3.100000E+04 6.2107E+03
  3.105000E+04 6.1919E+03
  3.110000E+04 6.1489E+03
  3.115000E+04 6.0990E+03
  3.120000E+04 6.0711E+03
  3.125000E+04 6.0443E+03
  3.130000E+04 6.0084E+03
  3.135000E+04 5.9767E+03
  3.140000E+04 5.9450E+03
  3.145000E+04 5.9145E+03
  3.150000E+04 5.8804E+03
  3.155000E+04 5.8446E+03
  3.160000E+04 5.8087E+03
  3.165000E+04 5.7698E+03
  3.170000E+04 5.7472E+03
  3.175000E+04 5.7250E+03
  3.180000E+04 5.6964E+03
  3.185000E+04 5.6706E+03
  3.190000E+04 5.6496E+03
  3.195000E+04 5.6266E+03
  3.200000E+04 5.5964E+03
  3.210000E+04 5.5295E+03
  3.220000E+04 5.4688E+03
  3.230000E+04 5.4144E+03
  3.240000E+04 5.3655E+03
  3.250000E+04 5.3206E+03
  3.260000E+04 5.2676E+03
  3.270000E+04 5.2138E+03
  3.280000E+04 5.1520E+03
  3.290000E+04 5.0960E+03
  3.300000E+04 5.0574E+03
  3.310000E+04 5.0137E+03
  3.320000E+04 4.9808E+03
  3.330000E+04 4.9513E+03
  3.340000E+04 4.9350E+03
  3.350000E+04 4.9346E+03
  3.360000E+04 4.8813E+03
  3.370000E+04 4.7995E+03
  3.380000E+04 4.7874E+03
  3.390000E+04 4.7552E+03
  3.400000E+04 4.7175E+03
  3.410000E+04 4.7198E+03
  3.420000E+04 4.6888E+03
  3.430000E+04 4.7193E+03
  3.440000E+04 4.7110E+03
  3.450000E+04 4.6258E+03
  3.460000E+04 4.5409E+03
  3.470000E+04 4.5351E+03
  3.480000E+04 4.4742E+03
  3.490000E+04 4.3857E+03
  3.500000E+04 4.3454E+03
  3.510000E+04 4.3598E+03
  3.520000E+04 4.2751E+03
  3.530000E+04 4.2542E+03
  3.540000E+04 4.1566E+03
  3.550000E+04 4.0956E+03
  3.560000E+04 4.0846E+03
  3.570000E+04 4.0721E+03
  3.580000E+04 4.0142E+03
  3.590000E+04 3.9530E+03
  3.600000E+04 3.9507E+03
  3.610000E+04 3.9093E+03
  3.620000E+04 3.8552E+03
  3.630000E+04 3.7686E+03
  3.640000E+04 3.7303E+03
  3.650000E+04 3.6709E+03
  3.660000E+04 3.6224E+03
  3.670000E+04 3.5942E+03
  3.680000E+04 3.5317E+03
  3.690000E+04 3.4729E+03
  3.700000E+04 3.4129E+03
  3.710000E+04 3.3727E+03
  3.720000E+04 3.3397E+03
  3.730000E+04 3.3007E+03
  3.740000E+04 3.2390E+03
  3.750000E+04 3.1868E+03
  3.760000E+04 3.1627E+03
  3.770000E+04 3.1420E+03
  3.780000E+04 3.1076E+03
  3.790000E+04 3.0796E+03
  3.800000E+04 3.0513E+03
  3.810000E+04 3.0194E+03
  3.820000E+04 2.9900E+03
  3.830000E+04 2.9648E+03
  3.840000E+04 2.9423E+03
  3.850000E+04 2.9166E+03
  3.860000E+04 2.8854E+03
  3.870000E+04 2.8555E+03
  3.880000E+04 2.8313E+03
  3.890000E+04 2.8056E+03
  3.900000E+04 2.7796E+03
  3.910000E+04 2.7549E+03
  3.920000E+04 2.7370E+03
  3.930000E+04 2.7195E+03
  3.940000E+04 2.6932E+03
  3.950000E+04 2.6685E+03
  3.960000E+04 2.6474E+03
  3.970000E+04 2.6303E+03
  3.980000E+04 2.6024E+03
  3.990000E+04 2.5780E+03
  4.000000E+04 2.5574E+03
  4.010000E+04 2.5401E+03
  4.020000E+04 2.5198E+03
  4.030000E+04 2.5075E+03
  4.040000E+04 2.4908E+03
  4.050000E+04 2.4690E+03
  4.060000E+04 2.4587E+03
  4.070000E+04 2.4456E+03
  4.080000E+04 2.4353E+03
  4.090000E+04 2.4214E+03
  4.100000E+04 2.4166E+03
  4.110000E+04 2.4021E+03
  4.120000E+04 2.3856E+03
  4.130000E+04 2.3630E+03
  4.140000E+04 2.3256E+03
  4.150000E+04 2.3015E+03
  4.160000E+04 2.2782E+03
  4.170000E+04 2.2805E+03
  4.180000E+04 2.2712E+03
  4.190000E+04 2.2673E+03
  4.200000E+04 2.2352E+03
  4.210000E+04 2.2187E+03
  4.220000E+04 2.2150E+03
  4.230000E+04 2.2108E+03
  4.240000E+04 2.2019E+03
  4.250000E+04 2.1760E+03
  4.260000E+04 2.1612E+03
  4.270000E+04 2.1527E+03
  4.280000E+04 2.0973E+03
  4.290000E+04 2.0482E+03
  4.300000E+04 1.9939E+03
  4.310000E+04 1.9499E+03
  4.320000E+04 1.9608E+03
  4.330000E+04 1.9459E+03
  4.340000E+04 1.8878E+03
  4.350000E+04 1.8403E+03
  4.360000E+04 1.8021E+03
  4.370000E+04 1.7886E+03
  4.380000E+04 1.7604E+03
  4.390000E+04 1.7478E+03
  4.400000E+04 1.7055E+03
  4.410000E+04 1.6851E+03
  4.420000E+04 1.6879E+03
  4.430000E+04 1.6754E+03
  4.440000E+04 1.6700E+03
  4.450000E+04 1.6324E+03
  4.460000E+04 1.6068E+03
  4.470000E+04 1.5782E+03
  4.480000E+04 1.5773E+03
  4.490000E+04 1.5909E+03
  4.500000E+04 1.5703E+03
  4.510000E+04 1.5493E+03
  4.520000E+04 1.5147E+03
  4.530000E+04 1.4864E+03
  4.540000E+04 1.4717E+03
  4.550000E+04 1.4586E+03
  4.560000E+04 1.4362E+03
  4.570000E+04 1.4225E+03
  4.580000E+04 1.4022E+03
  4.590000E+04 1.3773E+03
  4.600000E+04 1.3816E+03
  4.610000E+04 1.3872E+03
  4.620000E+04 1.3697E+03
  4.630000E+04 1.3589E+03
  4.640000E+04 1.3503E+03
  4.650000E+04 1.3399E+03
  4.660000E+04 1.3334E+03
  4.670000E+04 1.3232E+03
  4.680000E+04 1.3044E+03
  4.690000E+04 1.2921E+03
  4.700000E+04 1.2822E+03
  4.710000E+04 1.2703E+03
  4.720000E+04 1.2764E+03
  4.730000E+04 1.2854E+03
  4.740000E+04 1.2708E+03
  4.750000E+04 1.2571E+03
  4.760000E+04 1.2493E+03
  4.770000E+04 1.2368E+03
  4.780000E+04 1.2268E+03
  4.790000E+04 1.2175E+03
  4.800000E+04 1.2019E+03
  4.810000E+04 1.1905E+03
  4.820000E+04 1.1913E+03
  4.830000E+04 1.1921E+03
  4.840000E+04 1.1819E+03
  4.850000E+04 1.1684E+03
  4.860000E+04 1.1578E+03
  4.870000E+04 1.1474E+03
  4.880000E+04 1.1404E+03
  4.890000E+04 1.1370E+03
  4.900000E+04 1.1279E+03
  4.910000E+04 1.1161E+03
  4.920000E+04 1.1102E+03
  4.930000E+04 1.1028E+03
  4.940000E+04 1.0872E+03
  4.950000E+04 1.0754E+03
  4.960000E+04 1.0710E+03
  4.970000E+04 1.0644E+03
  4.980000E+04 1.0533E+03
  4.990000E+04 1.0522E+03
  5.000000E+04 1.0483E+03
  5.010000E+04 1.0440E+03
  5.020000E+04 1.0378E+03
  5.030000E+04 1.0279E+03
  5.040000E+04 1.0147E+03
  5.050000E+04 1.0027E+03
  5.060000E+04 9.9796E+02
  5.070000E+04 9.9302E+02
  5.080000E+04 9.8874E+02
  5.090000E+04 9.8444E+02
  5.100000E+04 9.7891E+02
  5.110000E+04 9.7082E+02
  5.120000E+04 9.6616E+02
  5.130000E+04 9.5845E+02
  5.140000E+04 9.5179E+02
  5.150000E+04 9.4657E+02
  5.160000E+04 9.4645E+02
  5.170000E+04 9.4484E+02
  5.180000E+04 9.3539E+02
  5.190000E+04 9.2826E+02
  5.200000E+04 9.2277E+02
  5.210000E+04 9.1389E+02
  5.220000E+04 9.0618E+02
  5.230000E+04 9.0007E+02
  5.240000E+04 8.9847E+02
  5.250000E+04 8.9288E+02
  5.260000E+04 8.9117E+02
  5.270000E+04 8.9067E+02
  5.280000E+04 8.8130E+02
  5.290000E+04 8.7099E+02
  5.300000E+04 8.6393E+02
  5.310000E+04 8.5705E+02
  5.320000E+04 8.5366E+02
  5.330000E+04 8.4899E+02
  5.340000E+04 8.4277E+02
  5.350000E+04 8.3620E+02
  5.360000E+04 8.3119E+02
  5.370000E+04 8.2661E+02
  5.380000E+04 8.2196E+02
  5.390000E+04 8.1707E+02
  5.400000E+04 8.1289E+02
  5.410000E+04 8.0882E+02
  5.420000E+04 8.0382E+02
  5.430000E+04 7.9778E+02
  5.440000E+04 7.9567E+02
  5.450000E+04 7.9354E+02
  5.460000E+04 7.8670E+02
  5.470000E+04 7.8013E+02
  5.480000E+04 7.7757E+02
  5.490000E+04 7.7436E+02
  5.500000E+04 7.6812E+02
  5.510000E+04 7.6202E+02
  5.520000E+04 7.6278E+02
  5.530000E+04 7.6498E+02
  5.540000E+04 7.5218E+02
  5.550000E+04 7.4391E+02
  5.560000E+04 7.4510E+02
  5.570000E+04 7.4516E+02
  5.580000E+04 7.3793E+02
  5.590000E+04 7.2984E+02
  5.600000E+04 7.2854E+02
  5.610000E+04 7.2632E+02
  5.620000E+04 7.1769E+02
  5.630000E+04 7.1101E+02
  5.640000E+04 7.0981E+02
  5.650000E+04 7.0834E+02
  5.660000E+04 7.0352E+02
  5.670000E+04 6.9790E+02
  5.680000E+04 6.9153E+02
  5.690000E+04 6.8507E+02
  5.700000E+04 6.8277E+02
  5.710000E+04 6.8042E+02
  5.720000E+04 6.7625E+02
  5.730000E+04 6.7289E+02
  5.740000E+04 6.6838E+02
  5.750000E+04 6.6313E+02
  5.760000E+04 6.5738E+02
  5.770000E+04 6.5364E+02
  5.780000E+04 6.5286E+02
  5.790000E+04 6.5210E+02
  5.800000E+04 6.4744E+02
  5.810000E+04 6.4345E+02
  5.820000E+04 6.4063E+02
  5.830000E+04 6.3791E+02
  5.840000E+04 6.3511E+02
  5.850000E+04 6.3066E+02
  5.860000E+04 6.2605E+02
  5.870000E+04 6.2234E+02
  5.880000E+04 6.1814E+02
  5.890000E+04 6.1444E+02
  5.900000E+04 6.0978E+02
  5.910000E+04 6.0503E+02
  5.920000E+04 6.0171E+02
  5.930000E+04 5.9855E+02
  5.940000E+04 5.9355E+02
  5.950000E+04 5.9021E+02
  5.960000E+04 5.8855E+02
  5.970000E+04 5.8648E+02
  5.980000E+04 5.8264E+02
  5.990000E+04 5.7859E+02
  6.000000E+04 5.7453E+02
  6.010000E+04 5.7050E+02
  6.020000E+04 5.6738E+02
  6.030000E+04 5.6464E+02
  6.040000E+04 5.6156E+02
  6.050000E+04 5.5867E+02
  6.060000E+04 5.5657E+02
  6.070000E+04 5.5422E+02
  6.080000E+04 5.5067E+02
  6.090000E+04 5.4716E+02
  6.100000E+04 5.4349E+02
  6.110000E+04 5.3928E+02
  6.120000E+04 5.3622E+02
  6.130000E+04 5.3336E+02
  6.140000E+04 5.3036E+02
  6.150000E+04 5.2747E+02
  6.160000E+04 5.2472E+02
  6.170000E+04 5.2132E+02
  6.180000E+04 5.1709E+02
  6.190000E+04 5.1299E+02
  6.200000E+04 5.0988E+02
  6.210000E+04 5.0740E+02
  6.220000E+04 5.0417E+02
  6.230000E+04 5.0097E+02
  6.240000E+04 4.9811E+02
  6.250000E+04 4.9538E+02
  6.260000E+04 4.9200E+02
  6.270000E+04 4.8854E+02
  6.280000E+04 4.8500E+02
  6.290000E+04 4.8162E+02
  6.300000E+04 4.7822E+02
  6.310000E+04 4.7541E+02
  6.320000E+04 4.7354E+02
  6.330000E+04 4.7177E+02
  6.340000E+04 4.6954E+02
  6.350000E+04 4.6723E+02
  6.360000E+04 4.6581E+02
  6.370000E+04 4.6406E+02
  6.380000E+04 4.6082E+02
  6.390000E+04 4.5703E+02
  6.400000E+04 4.5362E+02
  6.410000E+04 4.5003E+02
  6.420000E+04 4.4699E+02
  6.430000E+04 4.4396E+02
  6.440000E+04 4.4138E+02
  6.450000E+04 4.3866E+02
  6.460000E+04 4.3589E+02
  6.470000E+04 4.3296E+02
  6.480000E+04 4.3049E+02
  6.490000E+04 4.2893E+02
  6.500000E+04 4.2704E+02
  6.510000E+04 4.2494E+02
  6.520000E+04 4.2249E+02
  6.530000E+04 4.2001E+02
  6.540000E+04 4.1745E+02
  6.550000E+04 4.1504E+02
  6.560000E+04 4.1264E+02
  6.570000E+04 4.0955E+02
  6.580000E+04 4.0641E+02
  6.590000E+04 4.0360E+02
  6.600000E+04 4.0091E+02
  6.610000E+04 3.9841E+02
  6.620000E+04 3.9621E+02
  6.630000E+04 3.9432E+02
  6.640000E+04 3.9252E+02
  6.650000E+04 3.9077E+02
  6.660000E+04 3.8913E+02
  6.670000E+04 3.8753E+02
  6.680000E+04 3.8602E+02
  6.690000E+04 3.8398E+02
  6.700000E+04 3.8152E+02
  6.710000E+04 3.7907E+02
  6.720000E+04 3.7667E+02
  6.730000E+04 3.7481E+02
  6.740000E+04 3.7292E+02
  6.750000E+04 3.7079E+02
  6.760000E+04 3.6851E+02
  6.770000E+04 3.6589E+02
  6.780000E+04 3.6383E+02
  6.790000E+04 3.6227E+02
  6.800000E+04 3.6060E+02
  6.810000E+04 3.5890E+02
  6.820000E+04 3.5672E+02
  6.830000E+04 3.5453E+02
  6.840000E+04 3.5276E+02
  6.850000E+04 3.5104E+02
  6.860000E+04 3.4943E+02
  6.870000E+04 3.4754E+02
  6.880000E+04 3.4501E+02
  6.890000E+04 3.4243E+02
  6.900000E+04 3.3972E+02
  6.910000E+04 3.3746E+02
  6.920000E+04 3.3573E+02
  6.930000E+04 3.3401E+02
  6.940000E+04 3.3231E+02
  6.950000E+04 3.3042E+02
  6.960000E+04 3.2839E+02
  6.970000E+04 3.2671E+02
  6.980000E+04 3.2524E+02
  6.990000E+04 3.2373E+02
  7.000000E+04 3.2222E+02
  7.010000E+04 3.2053E+02
  7.020000E+04 3.1878E+02
  7.030000E+04 3.1697E+02
  7.040000E+04 3.1513E+02
  7.050000E+04 3.1350E+02
  7.060000E+04 3.1195E+02
  7.070000E+04 3.1040E+02
  7.080000E+04 3.0886E+02
  7.090000E+04 3.0726E+02
  7.100000E+04 3.0563E+02
  7.110000E+04 3.0403E+02
  7.120000E+04 3.0243E+02
  7.130000E+04 3.0089E+02
  7.140000E+04 2.9938E+02
  7.150000E+04 2.9796E+02
  7.160000E+04 2.9659E+02
  7.170000E+04 2.9519E+02
  7.180000E+04 2.9379E+02
  7.190000E+04 2.9245E+02
  7.200000E+04 2.9112E+02
  7.210000E+04 2.8987E+02
  7.220000E+04 2.8868E+02
  7.230000E+04 2.8744E+02
  7.240000E+04 2.8617E+02
  7.250000E+04 2.8484E+02
  7.260000E+04 2.8337E+02
  7.270000E+04 2.8188E+02
  7.280000E+04 2.8018E+02
  7.290000E+04 2.7858E+02
  7.300000E+04 2.7745E+02
  7.310000E+04 2.7629E+02
  7.320000E+04 2.7477E+02
  7.330000E+04 2.7325E+02
  7.340000E+04 2.7147E+02
  7.350000E+04 2.6972E+02
  7.360000E+04 2.6827E+02
  7.370000E+04 2.6697E+02
  7.380000E+04 2.6573E+02
  7.390000E+04 2.6445E+02
  7.400000E+04 2.6311E+02
  7.410000E+04 2.6165E+02
  7.420000E+04 2.6022E+02
  7.430000E+04 2.5878E+02
  7.440000E+04 2.5736E+02
  7.450000E+04 2.5653E+02
  7.460000E+04 2.5574E+02
  7.470000E+04 2.5450E+02
  7.480000E+04 2.5304E+02
  7.490000E+04 2.5178E+02
  7.500000E+04 2.5072E+02
  7.510000E+04 2.4974E+02
  7.520000E+04 2.4866E+02
  7.530000E+04 2.4759E+02
  7.540000E+04 2.4653E+02
  7.550000E+04 2.4541E+02
  7.560000E+04 2.4373E+02
  7.570000E+04 2.4186E+02
  7.580000E+04 2.4035E+02
  7.590000E+04 2.3924E+02
  7.600000E+04 2.3812E+02
  7.610000E+04 2.3691E+02
  7.620000E+04 2.3572E+02
  7.630000E+04 2.3441E+02
  7.640000E+04 2.3309E+02
  7.650000E+04 2.3167E+02
  7.660000E+04 2.3013E+02
  7.670000E+04 2.2870E+02
  7.680000E+04 2.2804E+02
  7.690000E+04 2.2740E+02
  7.700000E+04 2.2659E+02
  7.710000E+04 2.2578E+02
  7.720000E+04 2.2486E+02
  7.730000E+04 2.2380E+02
  7.740000E+04 2.2274E+02
  7.750000E+04 2.2155E+02
  7.760000E+04 2.2037E+02
  7.770000E+04 2.1947E+02
  7.780000E+04 2.1876E+02
  7.790000E+04 2.1795E+02
  7.800000E+04 2.1670E+02
  7.810000E+04 2.1545E+02
  7.820000E+04 2.1414E+02
  7.830000E+04 2.1283E+02
  7.840000E+04 2.1160E+02
  7.850000E+04 2.1054E+02
  7.860000E+04 2.0950E+02
  7.870000E+04 2.0850E+02
  7.880000E+04 2.0752E+02
  7.890000E+04 2.0660E+02
  7.900000E+04 2.0578E+02
  7.910000E+04 2.0496E+02
  7.920000E+04 2.0421E+02
  7.930000E+04 2.0347E+02
  7.940000E+04 2.0268E+02
  7.950000E+04 2.0179E+02
  7.960000E+04 2.0090E+02
  7.970000E+04 1.9993E+02
  7.980000E+04 1.9893E+02
  7.990000E+04 1.9798E+02
  8.000000E+04 1.9721E+02
  8.010000E+04 1.9644E+02
  8.020000E+04 1.9537E+02
  8.030000E+04 1.9422E+02
  8.040000E+04 1.9311E+02
  8.050000E+04 1.9222E+02
  8.060000E+04 1.9133E+02
  8.070000E+04 1.9049E+02
  8.080000E+04 1.8966E+02
  8.090000E+04 1.8884E+02
  8.100000E+04 1.8795E+02
  8.110000E+04 1.8701E+02
  8.120000E+04 1.8608E+02
  8.130000E+04 1.8516E+02
  8.140000E+04 1.8425E+02
  8.150000E+04 1.8343E+02
  8.160000E+04 1.8266E+02
  8.170000E+04 1.8188E+02
  8.180000E+04 1.8097E+02
  8.190000E+04 1.8004E+02
  8.200000E+04 1.7908E+02
  8.210000E+04 1.7805E+02
  8.220000E+04 1.7703E+02
  8.230000E+04 1.7616E+02
  8.240000E+04 1.7540E+02
  8.250000E+04 1.7464E+02
  8.260000E+04 1.7386E+02
  8.270000E+04 1.7309E+02
  8.280000E+04 1.7234E+02
  8.290000E+04 1.7160E+02
  8.300000E+04 1.7087E+02
  8.310000E+04 1.7009E+02
  8.320000E+04 1.6929E+02
  8.330000E+04 1.6849E+02
  8.340000E+04 1.6786E+02
  8.350000E+04 1.6734E+02
  8.360000E+04 1.6682E+02
  8.370000E+04 1.6608E+02
  8.380000E+04 1.6531E+02
  8.390000E+04 1.6455E+02
  8.400000E+04 1.6383E+02
  8.410000E+04 1.6311E+02
  8.420000E+04 1.6239E+02
  8.430000E+04 1.6163E+02
  8.440000E+04 1.6087E+02
  8.450000E+04 1.6015E+02
  8.460000E+04 1.5947E+02
  8.470000E+04 1.5879E+02
  8.480000E+04 1.5809E+02
  8.490000E+04 1.5736E+02
  8.500000E+04 1.5663E+02
  8.510000E+04 1.5601E+02
  8.520000E+04 1.5543E+02
  8.530000E+04 1.5485E+02
  8.540000E+04 1.5426E+02
  8.550000E+04 1.5366E+02
  8.560000E+04 1.5307E+02
  8.570000E+04 1.5243E+02
  8.580000E+04 1.5179E+02
  8.590000E+04 1.5116E+02
  8.600000E+04 1.5053E+02
  8.610000E+04 1.4990E+02
  8.620000E+04 1.4927E+02
  8.630000E+04 1.4866E+02
  8.640000E+04 1.4805E+02
  8.650000E+04 1.4744E+02
  8.660000E+04 1.4679E+02
  8.670000E+04 1.4614E+02
  8.680000E+04 1.4549E+02
  8.690000E+04 1.4490E+02
  8.700000E+04 1.4432E+02
  8.710000E+04 1.4375E+02
  8.720000E+04 1.4323E+02
  8.730000E+04 1.4272E+02
  8.740000E+04 1.4222E+02
  8.750000E+04 1.4172E+02
  8.760000E+04 1.4122E+02
  8.770000E+04 1.4073E+02
  8.780000E+04 1.4029E+02
  8.790000E+04 1.3986E+02
  8.800000E+04 1.3944E+02
  8.810000E+04 1.3902E+02
  8.820000E+04 1.3861E+02
  8.830000E+04 1.3822E+02
  8.840000E+04 1.3769E+02
  8.850000E+04 1.3708E+02
  8.860000E+04 1.3646E+02
  8.870000E+04 1.3592E+02
  8.880000E+04 1.3547E+02
  8.890000E+04 1.3502E+02
  8.900000E+04 1.3451E+02
  8.910000E+04 1.3390E+02
  8.920000E+04 1.3329E+02
  8.930000E+04 1.3270E+02
  8.940000E+04 1.3212E+02
  8.950000E+04 1.3153E+02
  8.960000E+04 1.3094E+02
  8.970000E+04 1.3037E+02
  8.980000E+04 1.2980E+02
  8.990000E+04 1.2927E+02
  9.000000E+04 1.2882E+02
  9.010000E+04 1.2839E+02
  9.020000E+04 1.2797E+02
  9.030000E+04 1.2742E+02
  9.040000E+04 1.2675E+02
  9.050000E+04 1.2608E+02
  9.060000E+04 1.2544E+02
  9.070000E+04 1.2488E+02
  9.080000E+04 1.2433E+02
  9.090000E+04 1.2378E+02
  9.100000E+04 1.2317E+02
  9.110000E+04 1.2258E+02
  9.120000E+04 1.2200E+02
  9.130000E+04 1.2145E+02
  9.140000E+04 1.2093E+02
  9.150000E+04 1.2040E+02
  9.160000E+04 1.1990E+02
  9.170000E+04 1.1944E+02
  9.180000E+04 1.1898E+02
  9.190000E+04 1.1853E+02
  9.200000E+04 1.1817E+02
  9.210000E+04 1.1782E+02
  9.220000E+04 1.1748E+02
  9.230000E+04 1.1718E+02
  9.240000E+04 1.1693E+02
  9.250000E+04 1.1669E+02
  9.260000E+04 1.1644E+02
  9.270000E+04 1.1610E+02
  9.280000E+04 1.1575E+02
  9.290000E+04 1.1541E+02
  9.300000E+04 1.1491E+02
  9.310000E+04 1.1432E+02
  9.320000E+04 1.1373E+02
  9.330000E+04 1.1315E+02
  9.340000E+04 1.1263E+02
  9.350000E+04 1.1211E+02
  9.360000E+04 1.1160E+02
  9.370000E+04 1.1112E+02
  9.380000E+04 1.1065E+02
  9.390000E+04 1.1018E+02
  9.400000E+04 1.0971E+02
  9.410000E+04 1.0921E+02
  9.420000E+04 1.0871E+02
  9.430000E+04 1.0820E+02
  9.440000E+04 1.0779E+02
  9.450000E+04 1.0744E+02
  9.460000E+04 1.0709E+02
  9.470000E+04 1.0675E+02
  9.480000E+04 1.0653E+02
  9.490000E+04 1.0632E+02
  9.500000E+04 1.0611E+02
  9.510000E+04 1.0581E+02
  9.520000E+04 1.0542E+02
  9.530000E+04 1.0502E+02
  9.540000E+04 1.0462E+02
  9.550000E+04 1.0418E+02
  9.560000E+04 1.0372E+02
  9.570000E+04 1.0327E+02
  9.580000E+04 1.0284E+02
  9.590000E+04 1.0250E+02
  9.600000E+04 1.0216E+02
  9.610000E+04 1.0183E+02
  9.620000E+04 1.0144E+02
  9.630000E+04 1.0098E+02
  9.640000E+04 1.0053E+02
  9.650000E+04 1.0008E+02
  9.660000E+04 9.9553E+01
  9.670000E+04 9.9001E+01
  9.680000E+04 9.8454E+01
  9.690000E+04 9.7914E+01
  9.700000E+04 9.7697E+01
  9.710000E+04 9.7464E+01
  9.720000E+04 9.7234E+01
  9.730000E+04 9.7002E+01
  9.740000E+04 9.6758E+01
  9.750000E+04 9.6542E+01
  9.760000E+04 9.6329E+01
  9.770000E+04 9.6045E+01
  9.780000E+04 9.5670E+01
  9.790000E+04 9.5292E+01
  9.800000E+04 9.4915E+01
  9.810000E+04 9.4577E+01
  9.820000E+04 9.4264E+01
  9.830000E+04 9.3950E+01
  9.840000E+04 9.3638E+01
  9.850000E+04 9.3407E+01
  9.860000E+04 9.3204E+01
  9.870000E+04 9.3004E+01
  9.880000E+04 9.2806E+01
  9.890000E+04 9.2441E+01
  9.900000E+04 9.2051E+01
  9.910000E+04 9.1656E+01
  9.920000E+04 9.1264E+01
  9.930000E+04 9.0798E+01
  9.940000E+04 9.0331E+01
  9.950000E+04 8.9873E+01
  9.960000E+04 8.9418E+01
  9.970000E+04 8.8977E+01
  9.980000E+04 8.8539E+01
  9.990000E+04 8.8103E+01
  1.000000E+05 8.7670E+01
  1.002000E+05 8.6934E+01
  1.050000E+05 7.2983E+01
  1.100000E+05 6.0047E+01
  1.130000E+05 5.4269E+01
  1.160000E+05 4.8059E+01
  1.200000E+05 4.1927E+01
  1.250000E+05 3.7632E+01
  1.300000E+05 3.2098E+01
  1.350000E+05 2.7547E+01
  1.400000E+05 2.3775E+01
  1.450000E+05 2.0629E+01
  1.500000E+05 1.7986E+01
  1.600000E+05 1.3859E+01
  1.700000E+05 1.0853E+01
  1.800000E+05 8.6203E+00
  1.900000E+05 6.9344E+00
  2.000000E+05 5.6421E+00
  2.200000E+05 3.8642E+00
  2.300000E+05 3.2389E+00
  2.400000E+05 2.7352E+00
  2.500000E+05 2.3259E+00
  2.600000E+05 1.9905E+00
  2.700000E+05 1.7135E+00
  2.800000E+05 1.4830E+00
  3.000000E+05 1.1277E+00
  3.500000E+05 6.1144E-01
  4.000000E+05 3.5983E-01
  4.500000E+05 2.2485E-01
  5.000000E+05 1.4765E-01
  5.500000E+05 1.0092E-01
  6.000000E+05 7.1310E-02
  6.500000E+05 5.1768E-02
  7.000000E+05 3.8485E-02
  7.500000E+05 2.9202E-02
  8.000000E+05 2.2556E-02
  8.500000E+05 1.7693E-02
  9.000000E+05 1.4072E-02
  9.500000E+05 1.1331E-02
  1.000000E+06 9.2265E-03
  1.050000E+06 7.5872E-03
  1.100000E+06 6.2963E-03
  1.200000E+06 4.4420E-03
  1.300000E+06 3.2221E-03
  1.400000E+06 2.3935E-03
  1.500000E+06 1.8146E-03
  1.600000E+06 1.4006E-03
  2.000000E+06 5.7468E-04
  2.500000E+06 2.3539E-04
  3.000000E+06 1.1352E-04
  4.000000E+06 3.5918E-05
  5.000000E+06 1.4712E-05
  7.000000E+06 3.8296E-06
  1.000000E+07 9.1949E-07
  1.500000E+07 1.8163E-07
  2.250000E+07 3.5877E-08
  3.350000E+07 7.3007E-09
  5.000000E+07 1.4712E-09
  7.400000E+07 3.0663E-10
  1.100000E+08 6.2803E-11
  1.300000E+08 3.2194E-11
  1.600000E+08 1.4030E-11
  2.400000E+08 2.7714E-12
  3.600000E+08 5.4744E-13
