# File: out_constant_SFH.ised
# Column            2
# Age(yr)       3.000E+08
# Lambda(A)       Flux   
  9.100000E+01 6.1825E+03
  9.400000E+01 7.1534E+03
  9.600000E+01 7.6628E+03
  9.800000E+01 4.1320E+04
  1.000000E+02 1.2619E+05
  1.020000E+02 1.3555E+05
  1.040000E+02 1.2883E+05
  1.060000E+02 1.3064E+05
  1.080000E+02 1.3473E+05
  1.100000E+02 1.4984E+05
  1.140000E+02 1.5837E+05
  1.180000E+02 1.5062E+05
  1.210000E+02 1.9469E+05
  1.250000E+02 2.0186E+05
  1.270000E+02 2.0734E+05
  1.280000E+02 2.0912E+05
  1.310000E+02 2.0299E+05
  1.320000E+02 2.0858E+05
  1.340000E+02 1.9893E+05
  1.370000E+02 2.2213E+05
  1.400000E+02 2.2306E+05
  1.430000E+02 2.7931E+05
  1.470000E+02 3.4883E+05
  1.500000E+02 2.9731E+05
  1.510000E+02 3.2149E+05
  1.550000E+02 3.5254E+05
  1.590000E+02 3.5373E+05
  1.620000E+02 3.5440E+05
  1.660000E+02 3.5666E+05
  1.700000E+02 3.5646E+05
  1.730000E+02 2.6024E+05
  1.770000E+02 3.5919E+05
  1.800000E+02 3.5968E+05
  1.820000E+02 3.5958E+05
  1.860000E+02 3.6024E+05
  1.910000E+02 3.6056E+05
  1.940000E+02 3.6294E+05
  1.980000E+02 3.6288E+05
  2.000000E+02 3.6266E+05
  2.020000E+02 3.6308E+05
  2.050000E+02 3.6279E+05
  2.100000E+02 3.5573E+05
  2.160000E+02 3.6278E+05
  2.200000E+02 3.6364E+05
  2.230000E+02 3.5924E+05
  2.270000E+02 3.6406E+05
  2.300000E+02 4.5793E+05
  2.340000E+02 6.5236E+05
  2.400000E+02 7.4479E+05
  2.460000E+02 6.7600E+05
  2.520000E+02 7.2689E+05
  2.570000E+02 6.8814E+05
  2.600000E+02 7.1464E+05
  2.640000E+02 9.3596E+05
  2.690000E+02 9.7032E+05
  2.740000E+02 9.9277E+05
  2.790000E+02 8.4033E+05
  2.840000E+02 1.0273E+06
  2.900000E+02 1.0937E+06
  2.960000E+02 9.8763E+05
  3.000000E+02 9.0934E+05
  3.010000E+02 8.8840E+05
  3.080000E+02 9.5643E+05
  3.180000E+02 9.3321E+05
  3.280000E+02 9.6567E+05
  3.380000E+02 9.0194E+05
  3.480000E+02 8.4737E+05
  3.570000E+02 1.1476E+06
  3.660000E+02 1.7562E+06
  3.750000E+02 1.7217E+06
  3.850000E+02 1.3472E+06
  3.950000E+02 1.9962E+06
  4.000000E+02 2.2120E+06
  4.050000E+02 2.4561E+06
  4.140000E+02 2.4184E+06
  4.220000E+02 2.1729E+06
  4.300000E+02 2.0585E+06
  4.410000E+02 2.3833E+06
  4.510000E+02 2.4028E+06
  4.600000E+02 2.0895E+06
  4.700000E+02 2.1041E+06
  4.800000E+02 2.3379E+06
  4.900000E+02 1.9603E+06
  5.000000E+02 2.3915E+06
  5.060000E+02 2.0294E+06
  5.120000E+02 3.0610E+06
  5.200000E+02 2.8782E+06
  5.300000E+02 2.6251E+06
  5.400000E+02 2.1160E+06
  5.500000E+02 2.0070E+06
  5.600000E+02 2.5960E+06
  5.700000E+02 2.8632E+06
  5.800000E+02 2.7640E+06
  5.900000E+02 2.7645E+06
  6.000000E+02 2.2972E+06
  6.100000E+02 2.1596E+06
  6.200000E+02 2.6956E+06
  6.300000E+02 2.4837E+06
  6.400000E+02 2.7092E+06
  6.500000E+02 2.5587E+06
  6.580000E+02 2.3187E+06
  6.650000E+02 2.5872E+06
  6.750000E+02 2.6663E+06
  6.850000E+02 2.2600E+06
  6.950000E+02 2.5636E+06
  7.000000E+02 2.2911E+06
  7.050000E+02 2.0536E+06
  7.160000E+02 2.5506E+06
  7.260000E+02 2.5414E+06
  7.350000E+02 2.5136E+06
  7.450000E+02 2.3909E+06
  7.550000E+02 2.3354E+06
  7.650000E+02 2.0586E+06
  7.750000E+02 2.2672E+06
  7.850000E+02 2.0340E+06
  7.950000E+02 2.1644E+06
  8.000000E+02 2.1786E+06
  8.050000E+02 2.1934E+06
  8.150000E+02 2.1713E+06
  8.250000E+02 2.1697E+06
  8.350000E+02 1.7182E+06
  8.450000E+02 2.0680E+06
  8.550000E+02 2.0008E+06
  8.650000E+02 2.0439E+06
  8.750000E+02 2.0232E+06
  8.850000E+02 1.9955E+06
  8.950000E+02 1.9723E+06
  9.000000E+02 1.9402E+06
  9.050000E+02 1.9088E+06
  9.150000E+02 1.7954E+06
  9.250000E+02 3.8540E+06
  9.350000E+02 5.8934E+06
  9.450000E+02 7.6713E+06
  9.550000E+02 8.7513E+06
  9.650000E+02 9.3198E+06
  9.750000E+02 3.7943E+06
  9.850000E+02 7.2377E+06
  9.950000E+02 6.9387E+06
  1.000000E+03 7.6725E+06
  1.005000E+03 8.5400E+06
  1.015000E+03 8.6822E+06
  1.025000E+03 6.0936E+06
  1.035000E+03 7.5142E+06
  1.045000E+03 1.0063E+07
  1.055000E+03 9.5866E+06
  1.065000E+03 8.0338E+06
  1.075000E+03 8.7350E+06
  1.085000E+03 7.5861E+06
  1.095000E+03 8.7889E+06
  1.100000E+03 8.5470E+06
  1.105000E+03 8.3348E+06
  1.115000E+03 8.0644E+06
  1.125000E+03 7.0582E+06
  1.135000E+03 8.2809E+06
  1.145000E+03 7.7753E+06
  1.155000E+03 7.7478E+06
  1.165000E+03 7.5763E+06
  1.175000E+03 5.1853E+06
  1.185000E+03 7.1102E+06
  1.195000E+03 6.0056E+06
  1.200000E+03 5.5099E+06
  1.205000E+03 5.1022E+06
  1.215000E+03 4.1344E+06
  1.225000E+03 5.7033E+06
  1.235000E+03 6.8400E+06
  1.245000E+03 7.0169E+06
  1.255000E+03 6.7699E+06
  1.265000E+03 6.4007E+06
  1.275000E+03 7.1812E+06
  1.285000E+03 7.2711E+06
  1.295000E+03 6.1969E+06
  1.300000E+03 6.1706E+06
  1.305000E+03 6.1543E+06
  1.315000E+03 6.9923E+06
  1.325000E+03 6.6505E+06
  1.335000E+03 6.1573E+06
  1.345000E+03 6.6689E+06
  1.355000E+03 6.4392E+06
  1.365000E+03 5.9138E+06
  1.375000E+03 5.9061E+06
  1.385000E+03 5.8268E+06
  1.395000E+03 4.5039E+06
  1.400000E+03 4.4394E+06
  1.405000E+03 4.3897E+06
  1.415000E+03 5.3527E+06
  1.425000E+03 5.2157E+06
  1.435000E+03 5.3338E+06
  1.442000E+03 5.4152E+06
  1.447000E+03 5.4150E+06
  1.455000E+03 5.2128E+06
  1.465000E+03 4.8872E+06
  1.475000E+03 4.8935E+06
  1.485000E+03 4.9148E+06
  1.495000E+03 4.8588E+06
  1.500000E+03 4.7232E+06
  1.505000E+03 4.5935E+06
  1.512000E+03 4.2052E+06
  1.517000E+03 4.3628E+06
  1.525000E+03 4.2707E+06
  1.535000E+03 3.6823E+06
  1.545000E+03 3.4582E+06
  1.555000E+03 3.3948E+06
  1.565000E+03 3.6903E+06
  1.575000E+03 3.8932E+06
  1.585000E+03 3.9777E+06
  1.595000E+03 3.9798E+06
  1.600000E+03 3.9235E+06
  1.605000E+03 3.8693E+06
  1.615000E+03 3.8051E+06
  1.625000E+03 3.6977E+06
  1.635000E+03 3.8508E+06
  1.645000E+03 3.8386E+06
  1.655000E+03 3.6997E+06
  1.665000E+03 3.8291E+06
  1.672000E+03 3.5048E+06
  1.677000E+03 3.9104E+06
  1.685000E+03 3.9037E+06
  1.695000E+03 3.7039E+06
  1.700000E+03 3.6420E+06
  1.705000E+03 3.5817E+06
  1.715000E+03 3.3735E+06
  1.725000E+03 3.3087E+06
  1.735000E+03 3.4632E+06
  1.745000E+03 3.3847E+06
  1.755000E+03 3.4670E+06
  1.765000E+03 3.2944E+06
  1.775000E+03 3.2329E+06
  1.785000E+03 3.2835E+06
  1.795000E+03 3.3592E+06
  1.800000E+03 3.3514E+06
  1.805000E+03 3.3439E+06
  1.815000E+03 3.0893E+06
  1.825000E+03 3.1330E+06
  1.835000E+03 3.0406E+06
  1.845000E+03 2.8219E+06
  1.855000E+03 2.8139E+06
  1.865000E+03 2.8481E+06
  1.875000E+03 2.9762E+06
  1.885000E+03 2.7363E+06
  1.895000E+03 2.6114E+06
  1.900000E+03 2.6826E+06
  1.905000E+03 2.7574E+06
  1.915000E+03 2.6259E+06
  1.925000E+03 2.5265E+06
  1.935000E+03 2.6477E+06
  1.945000E+03 2.6873E+06
  1.955000E+03 2.4726E+06
  1.967000E+03 2.6516E+06
  1.976000E+03 2.7150E+06
  1.984000E+03 2.5684E+06
  1.995000E+03 2.4948E+06
  2.000000E+03 2.5282E+06
  2.005000E+03 2.5624E+06
  2.015000E+03 2.4932E+06
  2.025000E+03 2.5689E+06
  2.035000E+03 2.4003E+06
  2.045000E+03 2.4384E+06
  2.055000E+03 2.1962E+06
  2.065000E+03 2.2674E+06
  2.074000E+03 2.4638E+06
  2.078000E+03 2.3069E+06
  2.085000E+03 2.3772E+06
  2.095000E+03 2.2535E+06
  2.100000E+03 2.2675E+06
  2.105000E+03 2.2819E+06
  2.115000E+03 2.2927E+06
  2.125000E+03 2.2949E+06
  2.135000E+03 2.2014E+06
  2.145000E+03 2.1700E+06
  2.155000E+03 2.2302E+06
  2.165000E+03 2.1697E+06
  2.175000E+03 2.1522E+06
  2.185000E+03 2.0876E+06
  2.195000E+03 2.1435E+06
  2.200000E+03 2.1206E+06
  2.205000E+03 2.0982E+06
  2.215000E+03 2.0249E+06
  2.225000E+03 1.9701E+06
  2.235000E+03 2.0073E+06
  2.245000E+03 1.9559E+06
  2.255000E+03 1.8925E+06
  2.265000E+03 1.9172E+06
  2.275000E+03 1.9226E+06
  2.285000E+03 1.9209E+06
  2.295000E+03 1.8110E+06
  2.300000E+03 1.8153E+06
  2.305000E+03 1.8203E+06
  2.315000E+03 1.7603E+06
  2.325000E+03 1.5105E+06
  2.335000E+03 1.6778E+06
  2.345000E+03 1.6589E+06
  2.355000E+03 1.6849E+06
  2.365000E+03 1.6205E+06
  2.375000E+03 1.6130E+06
  2.385000E+03 1.5471E+06
  2.395000E+03 1.5909E+06
  2.400000E+03 1.5664E+06
  2.405000E+03 1.5426E+06
  2.415000E+03 1.5469E+06
  2.425000E+03 1.5670E+06
  2.435000E+03 1.5122E+06
  2.445000E+03 1.5459E+06
  2.455000E+03 1.5205E+06
  2.465000E+03 1.5038E+06
  2.475000E+03 1.4659E+06
  2.485000E+03 1.4738E+06
  2.495000E+03 1.2942E+06
  2.500000E+03 1.3714E+06
  2.505000E+03 1.4557E+06
  2.513000E+03 1.3687E+06
  2.518000E+03 1.4190E+06
  2.525000E+03 1.3829E+06
  2.535000E+03 1.3788E+06
  2.545000E+03 1.3443E+06
  2.555000E+03 1.3719E+06
  2.565000E+03 1.3530E+06
  2.575000E+03 1.3785E+06
  2.585000E+03 1.3616E+06
  2.595000E+03 1.3443E+06
  2.600000E+03 1.3296E+06
  2.605000E+03 1.3152E+06
  2.615000E+03 1.2967E+06
  2.625000E+03 1.3048E+06
  2.635000E+03 1.3013E+06
  2.645000E+03 1.3261E+06
  2.655000E+03 1.3157E+06
  2.665000E+03 1.2556E+06
  2.675000E+03 1.2695E+06
  2.685000E+03 1.2591E+06
  2.695000E+03 1.2226E+06
  2.700000E+03 1.2214E+06
  2.705000E+03 1.2204E+06
  2.715000E+03 1.1947E+06
  2.725000E+03 1.1912E+06
  2.735000E+03 1.2016E+06
  2.745000E+03 1.1376E+06
  2.755000E+03 1.1324E+06
  2.765000E+03 1.1363E+06
  2.775000E+03 1.1553E+06
  2.785000E+03 1.1358E+06
  2.795000E+03 1.0329E+06
  2.800000E+03 1.0491E+06
  2.805000E+03 1.0659E+06
  2.815000E+03 1.1219E+06
  2.825000E+03 1.1158E+06
  2.835000E+03 1.0738E+06
  2.845000E+03 1.0649E+06
  2.855000E+03 1.0546E+06
  2.865000E+03 1.0700E+06
  2.875000E+03 1.0523E+06
  2.885000E+03 1.0486E+06
  2.895000E+03 1.0330E+06
  2.900000E+03 1.0362E+06
  2.910000E+03 1.0432E+06
  2.930000E+03 1.0188E+06
  2.950000E+03 9.9546E+05
  2.970000E+03 9.8473E+05
  2.990000E+03 9.6805E+05
  3.000000E+03 9.6070E+05
  3.010000E+03 9.5356E+05
  3.030000E+03 9.4168E+05
  3.050000E+03 9.2591E+05
  3.070000E+03 9.1030E+05
  3.090000E+03 8.9483E+05
  3.100000E+03 8.8732E+05
  3.110000E+03 8.8005E+05
  3.130000E+03 8.6247E+05
  3.150000E+03 8.5317E+05
  3.170000E+03 8.3563E+05
  3.190000E+03 8.1111E+05
  3.200000E+03 8.0873E+05
  3.210000E+03 8.0648E+05
  3.230000E+03 7.9031E+05
  3.250000E+03 7.8399E+05
  3.270000E+03 7.7328E+05
  3.290000E+03 7.6210E+05
  3.300000E+03 7.5687E+05
  3.310000E+03 7.5173E+05
  3.330000E+03 7.3692E+05
  3.350000E+03 7.2201E+05
  3.370000E+03 7.0890E+05
  3.390000E+03 6.9920E+05
  3.400000E+03 6.9545E+05
  3.410000E+03 6.9179E+05
  3.430000E+03 6.7802E+05
  3.450000E+03 6.6833E+05
  3.470000E+03 6.5957E+05
  3.490000E+03 6.5112E+05
  3.500000E+03 6.4814E+05
  3.510000E+03 6.4523E+05
  3.530000E+03 6.3499E+05
  3.550000E+03 6.2836E+05
  3.570000E+03 6.1276E+05
  3.590000E+03 6.0114E+05
  3.600000E+03 5.9832E+05
  3.610000E+03 5.9587E+05
  3.630000E+03 5.8997E+05
  3.640000E+03 5.8717E+05
  3.650000E+03 5.8914E+05
  3.670000E+03 5.7679E+05
  3.690000E+03 5.4662E+05
  3.700000E+03 5.5583E+05
  3.710000E+03 5.6627E+05
  3.730000E+03 5.6043E+05
  3.750000E+03 6.3206E+05
  3.770000E+03 6.3936E+05
  3.790000E+03 6.9778E+05
  3.800000E+03 7.2301E+05
  3.810000E+03 7.4964E+05
  3.830000E+03 6.3709E+05
  3.850000E+03 7.6469E+05
  3.870000E+03 7.9381E+05
  3.890000E+03 5.9526E+05
  3.900000E+03 6.8299E+05
  3.910000E+03 7.8897E+05
  3.930000E+03 7.4634E+05
  3.950000E+03 7.5859E+05
  3.970000E+03 5.4358E+05
  3.990000E+03 7.4785E+05
  4.000000E+03 7.5998E+05
  4.010000E+03 7.7311E+05
  4.030000E+03 7.5487E+05
  4.050000E+03 7.5488E+05
  4.070000E+03 7.2683E+05
  4.090000E+03 6.5836E+05
  4.100000E+03 6.0769E+05
  4.110000E+03 5.6188E+05
  4.130000E+03 6.8966E+05
  4.150000E+03 6.9854E+05
  4.170000E+03 6.9219E+05
  4.190000E+03 6.8556E+05
  4.200000E+03 6.8280E+05
  4.210000E+03 6.8030E+05
  4.230000E+03 6.6926E+05
  4.250000E+03 6.6122E+05
  4.270000E+03 6.4201E+05
  4.290000E+03 6.3668E+05
  4.300000E+03 6.2263E+05
  4.310000E+03 6.0915E+05
  4.330000E+03 5.4725E+05
  4.350000E+03 4.9423E+05
  4.370000E+03 6.0501E+05
  4.390000E+03 5.9518E+05
  4.400000E+03 5.9562E+05
  4.410000E+03 5.9621E+05
  4.430000E+03 5.9320E+05
  4.450000E+03 5.9046E+05
  4.470000E+03 5.7883E+05
  4.490000E+03 5.7779E+05
  4.500000E+03 5.8149E+05
  4.510000E+03 5.8567E+05
  4.530000E+03 5.6647E+05
  4.550000E+03 5.5894E+05
  4.570000E+03 5.6450E+05
  4.590000E+03 5.5039E+05
  4.600000E+03 5.4961E+05
  4.610000E+03 5.4889E+05
  4.630000E+03 5.3558E+05
  4.650000E+03 5.3178E+05
  4.670000E+03 5.3070E+05
  4.690000E+03 5.2154E+05
  4.700000E+03 5.1421E+05
  4.710000E+03 5.0704E+05
  4.730000E+03 5.1278E+05
  4.750000E+03 5.1095E+05
  4.770000E+03 5.0779E+05
  4.790000E+03 4.9981E+05
  4.800000E+03 4.9486E+05
  4.810000E+03 4.8997E+05
  4.830000E+03 4.8253E+05
  4.850000E+03 4.2967E+05
  4.870000E+03 3.7547E+05
  4.890000E+03 4.6133E+05
  4.900000E+03 4.6254E+05
  4.910000E+03 4.6382E+05
  4.930000E+03 4.5407E+05
  4.950000E+03 4.5961E+05
  4.970000E+03 4.5312E+05
  4.990000E+03 4.4016E+05
  5.000000E+03 4.3223E+05
  5.010000E+03 4.2448E+05
  5.030000E+03 4.3067E+05
  5.050000E+03 4.2361E+05
  5.070000E+03 4.2893E+05
  5.090000E+03 4.1827E+05
  5.100000E+03 4.1712E+05
  5.110000E+03 4.1605E+05
  5.130000E+03 4.0744E+05
  5.150000E+03 3.9949E+05
  5.170000E+03 3.8966E+05
  5.190000E+03 3.8930E+05
  5.200000E+03 3.8904E+05
  5.210000E+03 3.8890E+05
  5.230000E+03 3.8941E+05
  5.250000E+03 3.9084E+05
  5.270000E+03 3.7502E+05
  5.290000E+03 3.8600E+05
  5.300000E+03 3.8609E+05
  5.310000E+03 3.8633E+05
  5.330000E+03 3.7197E+05
  5.350000E+03 3.7822E+05
  5.370000E+03 3.7525E+05
  5.390000E+03 3.6804E+05
  5.400000E+03 3.6543E+05
  5.410000E+03 3.6284E+05
  5.430000E+03 3.6111E+05
  5.450000E+03 3.6232E+05
  5.470000E+03 3.5441E+05
  5.490000E+03 3.5165E+05
  5.500000E+03 3.4991E+05
  5.510000E+03 3.4820E+05
  5.530000E+03 3.4852E+05
  5.550000E+03 3.4793E+05
  5.570000E+03 3.4362E+05
  5.590000E+03 3.3737E+05
  5.600000E+03 3.3815E+05
  5.610000E+03 3.3904E+05
  5.630000E+03 3.3370E+05
  5.650000E+03 3.3161E+05
  5.670000E+03 3.2674E+05
  5.690000E+03 3.2845E+05
  5.700000E+03 3.2557E+05
  5.710000E+03 3.2277E+05
  5.730000E+03 3.2981E+05
  5.750000E+03 3.2131E+05
  5.770000E+03 3.2128E+05
  5.790000E+03 3.1386E+05
  5.800000E+03 3.1529E+05
  5.810000E+03 3.1685E+05
  5.830000E+03 3.1808E+05
  5.850000E+03 3.1175E+05
  5.870000E+03 3.0665E+05
  5.890000E+03 2.9576E+05
  5.900000E+03 2.9905E+05
  5.910000E+03 3.0268E+05
  5.930000E+03 3.0118E+05
  5.950000E+03 2.9827E+05
  5.970000E+03 2.9927E+05
  5.990000E+03 2.9411E+05
  6.000000E+03 2.9273E+05
  6.010000E+03 2.9141E+05
  6.030000E+03 2.9296E+05
  6.050000E+03 2.9296E+05
  6.070000E+03 2.9143E+05
  6.090000E+03 2.8450E+05
  6.100000E+03 2.8388E+05
  6.110000E+03 2.8327E+05
  6.130000E+03 2.7522E+05
  6.150000E+03 2.7412E+05
  6.170000E+03 2.6908E+05
  6.190000E+03 2.7241E+05
  6.200000E+03 2.7088E+05
  6.210000E+03 2.6934E+05
  6.230000E+03 2.6321E+05
  6.250000E+03 2.5683E+05
  6.270000E+03 2.6226E+05
  6.290000E+03 2.6353E+05
  6.300000E+03 2.6114E+05
  6.310000E+03 2.5881E+05
  6.330000E+03 2.5994E+05
  6.350000E+03 2.5676E+05
  6.370000E+03 2.5521E+05
  6.390000E+03 2.5701E+05
  6.400000E+03 2.5544E+05
  6.410000E+03 2.5382E+05
  6.430000E+03 2.5348E+05
  6.450000E+03 2.5158E+05
  6.470000E+03 2.5060E+05
  6.490000E+03 2.4553E+05
  6.500000E+03 2.4643E+05
  6.510000E+03 2.4736E+05
  6.530000E+03 2.4411E+05
  6.550000E+03 2.3168E+05
  6.570000E+03 2.0806E+05
  6.590000E+03 2.3721E+05
  6.600000E+03 2.3873E+05
  6.610000E+03 2.4030E+05
  6.630000E+03 2.3841E+05
  6.650000E+03 2.3658E+05
  6.670000E+03 2.3203E+05
  6.690000E+03 2.3333E+05
  6.700000E+03 2.3064E+05
  6.710000E+03 2.2802E+05
  6.730000E+03 2.2988E+05
  6.750000E+03 2.2650E+05
  6.770000E+03 2.2652E+05
  6.790000E+03 2.2379E+05
  6.800000E+03 2.2371E+05
  6.810000E+03 2.2365E+05
  6.830000E+03 2.2374E+05
  6.850000E+03 2.2010E+05
  6.870000E+03 2.2114E+05
  6.890000E+03 2.2226E+05
  6.900000E+03 2.2148E+05
  6.910000E+03 2.2069E+05
  6.930000E+03 2.1822E+05
  6.950000E+03 2.1582E+05
  6.970000E+03 2.1632E+05
  6.990000E+03 2.1461E+05
  7.000000E+03 2.1279E+05
  7.010000E+03 2.1114E+05
  7.030000E+03 2.1195E+05
  7.050000E+03 2.1084E+05
  7.070000E+03 2.0547E+05
  7.090000E+03 2.0215E+05
  7.100000E+03 1.9960E+05
  7.110000E+03 1.9722E+05
  7.130000E+03 1.9413E+05
  7.150000E+03 1.9411E+05
  7.170000E+03 1.9451E+05
  7.190000E+03 1.9192E+05
  7.200000E+03 1.9328E+05
  7.210000E+03 1.9473E+05
  7.230000E+03 1.9559E+05
  7.250000E+03 1.9590E+05
  7.270000E+03 1.9520E+05
  7.290000E+03 1.9237E+05
  7.300000E+03 1.9344E+05
  7.310000E+03 1.9471E+05
  7.330000E+03 1.9426E+05
  7.350000E+03 1.9410E+05
  7.370000E+03 1.9626E+05
  7.390000E+03 1.9296E+05
  7.400000E+03 1.9243E+05
  7.410000E+03 1.9187E+05
  7.430000E+03 1.9250E+05
  7.450000E+03 1.9210E+05
  7.470000E+03 1.9166E+05
  7.490000E+03 1.9027E+05
  7.500000E+03 1.9062E+05
  7.510000E+03 1.9105E+05
  7.530000E+03 1.9178E+05
  7.550000E+03 1.9166E+05
  7.570000E+03 1.9001E+05
  7.590000E+03 1.8763E+05
  7.600000E+03 1.8681E+05
  7.610000E+03 1.8598E+05
  7.630000E+03 1.8464E+05
  7.650000E+03 1.8289E+05
  7.670000E+03 1.7822E+05
  7.690000E+03 1.8020E+05
  7.700000E+03 1.7875E+05
  7.710000E+03 1.7746E+05
  7.730000E+03 1.7694E+05
  7.750000E+03 1.7571E+05
  7.770000E+03 1.7574E+05
  7.790000E+03 1.7656E+05
  7.800000E+03 1.7617E+05
  7.810000E+03 1.7581E+05
  7.830000E+03 1.7480E+05
  7.850000E+03 1.7241E+05
  7.870000E+03 1.7222E+05
  7.890000E+03 1.6809E+05
  7.900000E+03 1.6667E+05
  7.910000E+03 1.6528E+05
  7.930000E+03 1.6551E+05
  7.950000E+03 1.6350E+05
  7.970000E+03 1.6657E+05
  7.990000E+03 1.6568E+05
  8.000000E+03 1.6602E+05
  8.010000E+03 1.6632E+05
  8.030000E+03 1.6575E+05
  8.050000E+03 1.6453E+05
  8.070000E+03 1.6345E+05
  8.090000E+03 1.6059E+05
  8.100000E+03 1.6023E+05
  8.110000E+03 1.5978E+05
  8.130000E+03 1.6139E+05
  8.150000E+03 1.6111E+05
  8.170000E+03 1.6118E+05
  8.190000E+03 1.5872E+05
  8.200000E+03 1.5802E+05
  8.210000E+03 1.5742E+05
  8.230000E+03 1.5787E+05
  8.250000E+03 1.5793E+05
  8.270000E+03 1.5847E+05
  8.290000E+03 1.5697E+05
  8.300000E+03 1.5481E+05
  8.310000E+03 1.5270E+05
  8.330000E+03 1.5247E+05
  8.350000E+03 1.5174E+05
  8.370000E+03 1.5194E+05
  8.390000E+03 1.4910E+05
  8.400000E+03 1.5020E+05
  8.410000E+03 1.5133E+05
  8.430000E+03 1.4823E+05
  8.450000E+03 1.4744E+05
  8.470000E+03 1.4606E+05
  8.490000E+03 1.4851E+05
  8.500000E+03 1.4466E+05
  8.510000E+03 1.4101E+05
  8.530000E+03 1.4807E+05
  8.550000E+03 1.3553E+05
  8.570000E+03 1.5080E+05
  8.590000E+03 1.4468E+05
  8.600000E+03 1.4447E+05
  8.610000E+03 1.4432E+05
  8.630000E+03 1.5132E+05
  8.650000E+03 1.4832E+05
  8.670000E+03 1.3250E+05
  8.690000E+03 1.4627E+05
  8.700000E+03 1.4832E+05
  8.710000E+03 1.5039E+05
  8.730000E+03 1.4821E+05
  8.750000E+03 1.3770E+05
  8.770000E+03 1.4636E+05
  8.790000E+03 1.4956E+05
  8.800000E+03 1.4841E+05
  8.810000E+03 1.4719E+05
  8.830000E+03 1.4721E+05
  8.850000E+03 1.4315E+05
  8.870000E+03 1.3451E+05
  8.890000E+03 1.4441E+05
  8.900000E+03 1.4574E+05
  8.910000E+03 1.4695E+05
  8.930000E+03 1.4452E+05
  8.950000E+03 1.4453E+05
  8.970000E+03 1.4394E+05
  8.990000E+03 1.4183E+05
  9.000000E+03 1.3628E+05
  9.010000E+03 1.3115E+05
  9.030000E+03 1.3687E+05
  9.050000E+03 1.4385E+05
  9.070000E+03 1.4270E+05
  9.090000E+03 1.3929E+05
  9.100000E+03 1.3967E+05
  9.110000E+03 1.3998E+05
  9.130000E+03 1.4164E+05
  9.150000E+03 1.4040E+05
  9.170000E+03 1.3888E+05
  9.190000E+03 1.3821E+05
  9.200000E+03 1.3509E+05
  9.210000E+03 1.3205E+05
  9.230000E+03 1.2367E+05
  9.250000E+03 1.2978E+05
  9.270000E+03 1.3280E+05
  9.290000E+03 1.3353E+05
  9.300000E+03 1.3377E+05
  9.310000E+03 1.3402E+05
  9.330000E+03 1.3329E+05
  9.350000E+03 1.3292E+05
  9.370000E+03 1.3119E+05
  9.390000E+03 1.3177E+05
  9.400000E+03 1.3028E+05
  9.410000E+03 1.2866E+05
  9.430000E+03 1.3115E+05
  9.450000E+03 1.2876E+05
  9.470000E+03 1.3013E+05
  9.490000E+03 1.2973E+05
  9.500000E+03 1.2873E+05
  9.510000E+03 1.2754E+05
  9.530000E+03 1.2535E+05
  9.550000E+03 1.1712E+05
  9.570000E+03 1.2402E+05
  9.590000E+03 1.2732E+05
  9.600000E+03 1.2677E+05
  9.610000E+03 1.2608E+05
  9.630000E+03 1.2580E+05
  9.650000E+03 1.2469E+05
  9.670000E+03 1.2403E+05
  9.690000E+03 1.2506E+05
  9.700000E+03 1.2453E+05
  9.710000E+03 1.2410E+05
  9.730000E+03 1.2334E+05
  9.750000E+03 1.2230E+05
  9.770000E+03 1.2241E+05
  9.790000E+03 1.2079E+05
  9.800000E+03 1.2168E+05
  9.810000E+03 1.2266E+05
  9.830000E+03 1.2161E+05
  9.850000E+03 1.2181E+05
  9.870000E+03 1.2078E+05
  9.890000E+03 1.2023E+05
  9.900000E+03 1.2005E+05
  9.910000E+03 1.1971E+05
  9.930000E+03 1.1986E+05
  9.950000E+03 1.1953E+05
  9.970000E+03 1.1924E+05
  9.990000E+03 1.1841E+05
  1.000000E+04 1.1740E+05
  1.002500E+04 1.1516E+05
  1.007500E+04 1.1238E+05
  1.010000E+04 1.1372E+05
  1.012500E+04 1.1509E+05
  1.017500E+04 1.1369E+05
  1.020000E+04 1.1344E+05
  1.022500E+04 1.1326E+05
  1.027500E+04 1.1276E+05
  1.030000E+04 1.1185E+05
  1.032500E+04 1.1089E+05
  1.037500E+04 1.0961E+05
  1.040000E+04 1.0926E+05
  1.042500E+04 1.0907E+05
  1.047500E+04 1.0759E+05
  1.050000E+04 1.0727E+05
  1.052500E+04 1.0681E+05
  1.057500E+04 1.0539E+05
  1.060000E+04 1.0506E+05
  1.062500E+04 1.0443E+05
  1.067500E+04 1.0231E+05
  1.070000E+04 1.0228E+05
  1.072500E+04 1.0194E+05
  1.077500E+04 1.0089E+05
  1.080000E+04 9.9712E+04
  1.082500E+04 9.8771E+04
  1.087500E+04 9.7094E+04
  1.090000E+04 9.5122E+04
  1.092500E+04 9.3125E+04
  1.097500E+04 9.2970E+04
  1.100000E+04 9.2809E+04
  1.102500E+04 9.2986E+04
  1.107500E+04 9.1867E+04
  1.110000E+04 9.1689E+04
  1.112500E+04 9.1383E+04
  1.117500E+04 9.0641E+04
  1.120000E+04 9.0354E+04
  1.122500E+04 9.0158E+04
  1.127500E+04 8.8837E+04
  1.130000E+04 8.8511E+04
  1.132500E+04 8.8224E+04
  1.137500E+04 8.7521E+04
  1.140000E+04 8.7233E+04
  1.142500E+04 8.6589E+04
  1.147500E+04 8.6986E+04
  1.150000E+04 8.6885E+04
  1.152500E+04 8.6610E+04
  1.157500E+04 8.5518E+04
  1.160000E+04 8.5041E+04
  1.162500E+04 8.4382E+04
  1.167500E+04 8.3815E+04
  1.170000E+04 8.3801E+04
  1.172500E+04 8.3848E+04
  1.177500E+04 8.2621E+04
  1.180000E+04 8.2207E+04
  1.182500E+04 8.1835E+04
  1.187500E+04 8.0563E+04
  1.190000E+04 8.0948E+04
  1.192500E+04 8.1064E+04
  1.197500E+04 7.8721E+04
  1.200000E+04 7.9235E+04
  1.202500E+04 7.9604E+04
  1.207500E+04 7.8384E+04
  1.210000E+04 7.8074E+04
  1.212500E+04 7.8143E+04
  1.217500E+04 7.7965E+04
  1.220000E+04 7.7709E+04
  1.222500E+04 7.7278E+04
  1.227500E+04 7.6551E+04
  1.230000E+04 7.6250E+04
  1.232500E+04 7.5692E+04
  1.237500E+04 7.5352E+04
  1.240000E+04 7.4992E+04
  1.242500E+04 7.4474E+04
  1.247500E+04 7.3914E+04
  1.250000E+04 7.3559E+04
  1.252500E+04 7.3084E+04
  1.257500E+04 7.2609E+04
  1.260000E+04 7.2597E+04
  1.262500E+04 7.2297E+04
  1.267500E+04 7.1234E+04
  1.270000E+04 7.1265E+04
  1.272500E+04 7.1144E+04
  1.277500E+04 7.0491E+04
  1.280000E+04 6.8830E+04
  1.282500E+04 6.7071E+04
  1.287500E+04 6.8946E+04
  1.290000E+04 6.8810E+04
  1.292500E+04 6.8517E+04
  1.297500E+04 6.8632E+04
  1.300000E+04 6.8239E+04
  1.302500E+04 6.7845E+04
  1.307500E+04 6.7781E+04
  1.310000E+04 6.7172E+04
  1.312500E+04 6.6729E+04
  1.317500E+04 6.6288E+04
  1.320000E+04 6.6268E+04
  1.322500E+04 6.6052E+04
  1.327500E+04 6.4993E+04
  1.330000E+04 6.5032E+04
  1.332500E+04 6.5089E+04
  1.337500E+04 6.4262E+04
  1.340000E+04 6.4478E+04
  1.342500E+04 6.4502E+04
  1.347500E+04 6.3962E+04
  1.350000E+04 6.3786E+04
  1.352500E+04 6.3622E+04
  1.357500E+04 6.2433E+04
  1.360000E+04 6.2395E+04
  1.362500E+04 6.2029E+04
  1.367500E+04 6.2047E+04
  1.370000E+04 6.1912E+04
  1.372500E+04 6.1690E+04
  1.377500E+04 6.1440E+04
  1.380000E+04 6.1365E+04
  1.382500E+04 6.1217E+04
  1.387500E+04 6.0512E+04
  1.390000E+04 6.0053E+04
  1.392500E+04 5.9615E+04
  1.397500E+04 5.9148E+04
  1.400000E+04 5.8777E+04
  1.402500E+04 5.8340E+04
  1.407500E+04 5.7972E+04
  1.410000E+04 5.7353E+04
  1.412500E+04 5.6787E+04
  1.417500E+04 5.6734E+04
  1.420000E+04 5.6302E+04
  1.422500E+04 5.6063E+04
  1.427500E+04 5.5496E+04
  1.430000E+04 5.5539E+04
  1.432500E+04 5.5866E+04
  1.437500E+04 5.5954E+04
  1.440000E+04 5.5356E+04
  1.442500E+04 5.4469E+04
  1.447500E+04 5.5051E+04
  1.450000E+04 5.4662E+04
  1.452500E+04 5.4219E+04
  1.457000E+04 5.4551E+04
  1.460000E+04 5.4227E+04
  1.462000E+04 5.3880E+04
  1.467500E+04 5.3550E+04
  1.470000E+04 5.2986E+04
  1.472500E+04 5.2770E+04
  1.477500E+04 5.2849E+04
  1.480000E+04 5.2773E+04
  1.482500E+04 5.2906E+04
  1.487500E+04 5.2587E+04
  1.490000E+04 5.2769E+04
  1.492500E+04 5.3265E+04
  1.497500E+04 5.2604E+04
  1.500000E+04 5.2454E+04
  1.502500E+04 5.2127E+04
  1.507500E+04 5.1825E+04
  1.510000E+04 5.1959E+04
  1.512500E+04 5.1943E+04
  1.517500E+04 5.2187E+04
  1.520000E+04 5.2249E+04
  1.522500E+04 5.1871E+04
  1.527500E+04 5.2055E+04
  1.530000E+04 5.1737E+04
  1.532500E+04 5.1519E+04
  1.537500E+04 5.1547E+04
  1.540000E+04 5.1538E+04
  1.542500E+04 5.1365E+04
  1.547500E+04 5.1326E+04
  1.550000E+04 5.1025E+04
  1.552500E+04 5.0660E+04
  1.557500E+04 4.8709E+04
  1.560000E+04 4.9190E+04
  1.562500E+04 4.9513E+04
  1.567500E+04 4.9171E+04
  1.570000E+04 4.9462E+04
  1.572500E+04 4.9772E+04
  1.577500E+04 4.6972E+04
  1.580000E+04 4.6769E+04
  1.582500E+04 4.6871E+04
  1.587500E+04 4.6348E+04
  1.590000E+04 4.7215E+04
  1.592500E+04 4.7812E+04
  1.597500E+04 4.6854E+04
  1.600000E+04 4.6891E+04
  1.605000E+04 4.7083E+04
  1.610000E+04 4.7062E+04
  1.615000E+04 4.7217E+04
  1.620000E+04 4.6719E+04
  1.625000E+04 4.6087E+04
  1.630000E+04 4.6658E+04
  1.635000E+04 4.6970E+04
  1.640000E+04 4.6086E+04
  1.645000E+04 4.5187E+04
  1.650000E+04 4.5392E+04
  1.655000E+04 4.5646E+04
  1.660000E+04 4.5355E+04
  1.665000E+04 4.4607E+04
  1.670000E+04 4.4751E+04
  1.675000E+04 4.4647E+04
  1.680000E+04 4.3633E+04
  1.685000E+04 4.3130E+04
  1.690000E+04 4.3385E+04
  1.695000E+04 4.3478E+04
  1.700000E+04 4.3111E+04
  1.705000E+04 4.2569E+04
  1.710000E+04 4.2492E+04
  1.715000E+04 4.2241E+04
  1.720000E+04 4.1665E+04
  1.725000E+04 4.1151E+04
  1.730000E+04 4.0580E+04
  1.735000E+04 4.0043E+04
  1.740000E+04 4.0000E+04
  1.745000E+04 3.9937E+04
  1.750000E+04 3.9496E+04
  1.755000E+04 3.9554E+04
  1.760000E+04 3.9242E+04
  1.765000E+04 3.8731E+04
  1.770000E+04 3.8094E+04
  1.775000E+04 3.7852E+04
  1.780000E+04 3.7747E+04
  1.785000E+04 3.7804E+04
  1.790000E+04 3.6801E+04
  1.795000E+04 3.6397E+04
  1.800000E+04 3.6570E+04
  1.805000E+04 3.5863E+04
  1.810000E+04 3.5703E+04
  1.815000E+04 3.5191E+04
  1.820000E+04 3.4997E+04
  1.825000E+04 3.4408E+04
  1.830000E+04 3.4139E+04
  1.835000E+04 3.3787E+04
  1.840000E+04 3.3363E+04
  1.845000E+04 3.3551E+04
  1.850000E+04 3.3682E+04
  1.855000E+04 3.3143E+04
  1.860000E+04 3.2651E+04
  1.865000E+04 3.2107E+04
  1.870000E+04 3.2107E+04
  1.875000E+04 3.1178E+04
  1.880000E+04 3.1193E+04
  1.885000E+04 3.1170E+04
  1.890000E+04 3.0469E+04
  1.895000E+04 3.0181E+04
  1.900000E+04 3.0534E+04
  1.905000E+04 3.0785E+04
  1.910000E+04 3.0267E+04
  1.915000E+04 2.9840E+04
  1.920000E+04 2.9668E+04
  1.925000E+04 2.9631E+04
  1.930000E+04 2.9434E+04
  1.935000E+04 2.9042E+04
  1.940000E+04 2.8261E+04
  1.945000E+04 2.7780E+04
  1.950000E+04 2.7910E+04
  1.955000E+04 2.8011E+04
  1.960000E+04 2.7901E+04
  1.965000E+04 2.7516E+04
  1.970000E+04 2.7396E+04
  1.975000E+04 2.6922E+04
  1.980000E+04 2.6507E+04
  1.985000E+04 2.6319E+04
  1.990000E+04 2.6393E+04
  1.995000E+04 2.6272E+04
  2.000000E+04 2.5912E+04
  2.005000E+04 2.5975E+04
  2.010000E+04 2.5984E+04
  2.015000E+04 2.5879E+04
  2.020000E+04 2.5480E+04
  2.025000E+04 2.5013E+04
  2.030000E+04 2.4689E+04
  2.035000E+04 2.4506E+04
  2.040000E+04 2.4237E+04
  2.045000E+04 2.4229E+04
  2.050000E+04 2.4034E+04
  2.055000E+04 2.3775E+04
  2.060000E+04 2.3479E+04
  2.065000E+04 2.3304E+04
  2.070000E+04 2.3166E+04
  2.075000E+04 2.2954E+04
  2.080000E+04 2.2889E+04
  2.085000E+04 2.3030E+04
  2.090000E+04 2.2790E+04
  2.095000E+04 2.2315E+04
  2.100000E+04 2.2215E+04
  2.105000E+04 2.2234E+04
  2.110000E+04 2.2069E+04
  2.115000E+04 2.1726E+04
  2.120000E+04 2.1491E+04
  2.125000E+04 2.1518E+04
  2.130000E+04 2.1368E+04
  2.135000E+04 2.1277E+04
  2.140000E+04 2.1107E+04
  2.145000E+04 2.0799E+04
  2.150000E+04 2.0720E+04
  2.155000E+04 2.0555E+04
  2.160000E+04 2.0243E+04
  2.165000E+04 1.9997E+04
  2.170000E+04 1.9833E+04
  2.175000E+04 1.9698E+04
  2.180000E+04 1.9642E+04
  2.185000E+04 1.9479E+04
  2.190000E+04 1.9290E+04
  2.195000E+04 1.9137E+04
  2.200000E+04 1.8856E+04
  2.205000E+04 1.8621E+04
  2.210000E+04 1.8557E+04
  2.215000E+04 1.8539E+04
  2.220000E+04 1.8414E+04
  2.225000E+04 1.8291E+04
  2.230000E+04 1.8246E+04
  2.235000E+04 1.8060E+04
  2.240000E+04 1.7958E+04
  2.245000E+04 1.7942E+04
  2.250000E+04 1.7743E+04
  2.255000E+04 1.7511E+04
  2.260000E+04 1.7278E+04
  2.265000E+04 1.7201E+04
  2.270000E+04 1.7237E+04
  2.275000E+04 1.7141E+04
  2.280000E+04 1.6916E+04
  2.285000E+04 1.6767E+04
  2.290000E+04 1.5560E+04
  2.295000E+04 1.4486E+04
  2.300000E+04 1.5029E+04
  2.305000E+04 1.5549E+04
  2.310000E+04 1.5687E+04
  2.315000E+04 1.5577E+04
  2.320000E+04 1.4251E+04
  2.325000E+04 1.3419E+04
  2.330000E+04 1.4208E+04
  2.335000E+04 1.4635E+04
  2.340000E+04 1.4132E+04
  2.345000E+04 1.3818E+04
  2.350000E+04 1.3053E+04
  2.355000E+04 1.2463E+04
  2.360000E+04 1.2859E+04
  2.365000E+04 1.3408E+04
  2.370000E+04 1.3250E+04
  2.375000E+04 1.2969E+04
  2.380000E+04 1.2341E+04
  2.385000E+04 1.1740E+04
  2.390000E+04 1.2308E+04
  2.395000E+04 1.2720E+04
  2.400000E+04 1.2508E+04
  2.405000E+04 1.2313E+04
  2.410000E+04 1.1724E+04
  2.415000E+04 1.1186E+04
  2.420000E+04 1.1368E+04
  2.425000E+04 1.1636E+04
  2.430000E+04 1.1493E+04
  2.435000E+04 1.1332E+04
  2.440000E+04 1.1159E+04
  2.445000E+04 1.0882E+04
  2.450000E+04 1.0841E+04
  2.455000E+04 1.0830E+04
  2.460000E+04 1.0855E+04
  2.465000E+04 1.0874E+04
  2.470000E+04 1.0713E+04
  2.475000E+04 1.0545E+04
  2.480000E+04 1.0047E+04
  2.485000E+04 9.6273E+03
  2.490000E+04 9.6124E+03
  2.495000E+04 9.5998E+03
  2.500000E+04 9.7090E+03
  2.505000E+04 9.8382E+03
  2.510000E+04 9.5928E+03
  2.515000E+04 9.3806E+03
  2.520000E+04 9.5127E+03
  2.525000E+04 9.6632E+03
  2.530000E+04 9.6933E+03
  2.535000E+04 9.7119E+03
  2.540000E+04 9.6699E+03
  2.545000E+04 9.6584E+03
  2.550000E+04 9.6610E+03
  2.555000E+04 9.6451E+03
  2.560000E+04 9.6521E+03
  2.565000E+04 9.6634E+03
  2.570000E+04 9.7069E+03
  2.575000E+04 9.7646E+03
  2.580000E+04 9.6167E+03
  2.585000E+04 9.4600E+03
  2.590000E+04 9.4517E+03
  2.595000E+04 9.4885E+03
  2.600000E+04 9.5368E+03
  2.605000E+04 9.5678E+03
  2.610000E+04 9.4804E+03
  2.615000E+04 9.3326E+03
  2.620000E+04 9.2801E+03
  2.625000E+04 9.2525E+03
  2.630000E+04 9.3426E+03
  2.635000E+04 9.3632E+03
  2.640000E+04 9.2945E+03
  2.645000E+04 9.2080E+03
  2.650000E+04 9.1698E+03
  2.655000E+04 9.1563E+03
  2.660000E+04 9.1786E+03
  2.665000E+04 9.0980E+03
  2.670000E+04 9.0866E+03
  2.675000E+04 9.0413E+03
  2.680000E+04 8.9550E+03
  2.685000E+04 8.8709E+03
  2.690000E+04 8.7908E+03
  2.695000E+04 8.7688E+03
  2.700000E+04 8.8246E+03
  2.705000E+04 8.7894E+03
  2.710000E+04 8.6806E+03
  2.715000E+04 8.6651E+03
  2.720000E+04 8.7650E+03
  2.725000E+04 8.7809E+03
  2.730000E+04 8.6880E+03
  2.735000E+04 8.5540E+03
  2.740000E+04 8.6329E+03
  2.745000E+04 8.6658E+03
  2.750000E+04 8.5726E+03
  2.755000E+04 8.4558E+03
  2.760000E+04 8.3521E+03
  2.765000E+04 8.3101E+03
  2.770000E+04 8.2672E+03
  2.775000E+04 8.2331E+03
  2.780000E+04 8.2522E+03
  2.785000E+04 8.2718E+03
  2.790000E+04 8.2204E+03
  2.795000E+04 8.2525E+03
  2.800000E+04 8.1348E+03
  2.805000E+04 8.0921E+03
  2.810000E+04 7.9524E+03
  2.815000E+04 7.9289E+03
  2.820000E+04 7.9164E+03
  2.825000E+04 7.9106E+03
  2.830000E+04 7.8769E+03
  2.835000E+04 7.7400E+03
  2.840000E+04 7.5831E+03
  2.845000E+04 7.4481E+03
  2.850000E+04 7.4749E+03
  2.855000E+04 7.5454E+03
  2.860000E+04 7.5546E+03
  2.865000E+04 7.5142E+03
  2.870000E+04 7.3785E+03
  2.875000E+04 7.3379E+03
  2.880000E+04 7.3335E+03
  2.885000E+04 7.2556E+03
  2.890000E+04 7.1783E+03
  2.895000E+04 7.0925E+03
  2.900000E+04 7.1432E+03
  2.905000E+04 7.1208E+03
  2.910000E+04 7.0534E+03
  2.915000E+04 6.9634E+03
  2.920000E+04 6.8547E+03
  2.925000E+04 6.7628E+03
  2.930000E+04 6.7795E+03
  2.935000E+04 6.7189E+03
  2.940000E+04 6.6603E+03
  2.945000E+04 6.5829E+03
  2.950000E+04 6.5200E+03
  2.955000E+04 6.4779E+03
  2.960000E+04 6.4425E+03
  2.965000E+04 6.4051E+03
  2.970000E+04 6.3662E+03
  2.975000E+04 6.3220E+03
  2.980000E+04 6.2761E+03
  2.985000E+04 6.2190E+03
  2.990000E+04 6.1788E+03
  2.995000E+04 6.1490E+03
  3.000000E+04 6.1155E+03
  3.005000E+04 6.0802E+03
  3.010000E+04 6.0534E+03
  3.015000E+04 6.0202E+03
  3.020000E+04 5.9788E+03
  3.025000E+04 5.9380E+03
  3.030000E+04 5.8821E+03
  3.035000E+04 5.8279E+03
  3.040000E+04 5.8144E+03
  3.045000E+04 5.8019E+03
  3.050000E+04 5.7740E+03
  3.055000E+04 5.7481E+03
  3.060000E+04 5.7215E+03
  3.065000E+04 5.6906E+03
  3.070000E+04 5.6657E+03
  3.075000E+04 5.6417E+03
  3.080000E+04 5.5997E+03
  3.085000E+04 5.5596E+03
  3.090000E+04 5.5309E+03
  3.095000E+04 5.5014E+03
  3.100000E+04 5.4837E+03
  3.105000E+04 5.4656E+03
  3.110000E+04 5.4256E+03
  3.115000E+04 5.3816E+03
  3.120000E+04 5.3580E+03
  3.125000E+04 5.3350E+03
  3.130000E+04 5.3043E+03
  3.135000E+04 5.2761E+03
  3.140000E+04 5.2476E+03
  3.145000E+04 5.2200E+03
  3.150000E+04 5.1893E+03
  3.155000E+04 5.1578E+03
  3.160000E+04 5.1257E+03
  3.165000E+04 5.0919E+03
  3.170000E+04 5.0718E+03
  3.175000E+04 5.0520E+03
  3.180000E+04 5.0254E+03
  3.185000E+04 5.0005E+03
  3.190000E+04 4.9797E+03
  3.195000E+04 4.9579E+03
  3.200000E+04 4.9304E+03
  3.210000E+04 4.8716E+03
  3.220000E+04 4.8181E+03
  3.230000E+04 4.7686E+03
  3.240000E+04 4.7226E+03
  3.250000E+04 4.6791E+03
  3.260000E+04 4.6305E+03
  3.270000E+04 4.5817E+03
  3.280000E+04 4.5257E+03
  3.290000E+04 4.4734E+03
  3.300000E+04 4.4376E+03
  3.310000E+04 4.3987E+03
  3.320000E+04 4.3636E+03
  3.330000E+04 4.3308E+03
  3.340000E+04 4.3077E+03
  3.350000E+04 4.2943E+03
  3.360000E+04 4.2473E+03
  3.370000E+04 4.1838E+03
  3.380000E+04 4.1621E+03
  3.390000E+04 4.1287E+03
  3.400000E+04 4.0919E+03
  3.410000E+04 4.0790E+03
  3.420000E+04 4.0487E+03
  3.430000E+04 4.0562E+03
  3.440000E+04 4.0392E+03
  3.450000E+04 3.9765E+03
  3.460000E+04 3.9128E+03
  3.470000E+04 3.8966E+03
  3.480000E+04 3.8480E+03
  3.490000E+04 3.7831E+03
  3.500000E+04 3.7478E+03
  3.510000E+04 3.7455E+03
  3.520000E+04 3.6818E+03
  3.530000E+04 3.6570E+03
  3.540000E+04 3.5874E+03
  3.550000E+04 3.5401E+03
  3.560000E+04 3.5221E+03
  3.570000E+04 3.5031E+03
  3.580000E+04 3.4572E+03
  3.590000E+04 3.4095E+03
  3.600000E+04 3.3988E+03
  3.610000E+04 3.3647E+03
  3.620000E+04 3.3224E+03
  3.630000E+04 3.2604E+03
  3.640000E+04 3.2257E+03
  3.650000E+04 3.1784E+03
  3.660000E+04 3.1396E+03
  3.670000E+04 3.1132E+03
  3.680000E+04 3.0636E+03
  3.690000E+04 3.0163E+03
  3.700000E+04 2.9707E+03
  3.710000E+04 2.9371E+03
  3.720000E+04 2.9096E+03
  3.730000E+04 2.8787E+03
  3.740000E+04 2.8298E+03
  3.750000E+04 2.7867E+03
  3.760000E+04 2.7679E+03
  3.770000E+04 2.7510E+03
  3.780000E+04 2.7218E+03
  3.790000E+04 2.6964E+03
  3.800000E+04 2.6718E+03
  3.810000E+04 2.6451E+03
  3.820000E+04 2.6205E+03
  3.830000E+04 2.5986E+03
  3.840000E+04 2.5778E+03
  3.850000E+04 2.5552E+03
  3.860000E+04 2.5276E+03
  3.870000E+04 2.5010E+03
  3.880000E+04 2.4792E+03
  3.890000E+04 2.4567E+03
  3.900000E+04 2.4339E+03
  3.910000E+04 2.4120E+03
  3.920000E+04 2.3949E+03
  3.930000E+04 2.3783E+03
  3.940000E+04 2.3539E+03
  3.950000E+04 2.3307E+03
  3.960000E+04 2.3116E+03
  3.970000E+04 2.2950E+03
  3.980000E+04 2.2699E+03
  3.990000E+04 2.2471E+03
  4.000000E+04 2.2292E+03
  4.010000E+04 2.2133E+03
  4.020000E+04 2.1956E+03
  4.030000E+04 2.1824E+03
  4.040000E+04 2.1650E+03
  4.050000E+04 2.1447E+03
  4.060000E+04 2.1337E+03
  4.070000E+04 2.1211E+03
  4.080000E+04 2.1092E+03
  4.090000E+04 2.0952E+03
  4.100000E+04 2.0869E+03
  4.110000E+04 2.0729E+03
  4.120000E+04 2.0577E+03
  4.130000E+04 2.0391E+03
  4.140000E+04 2.0110E+03
  4.150000E+04 1.9908E+03
  4.160000E+04 1.9708E+03
  4.170000E+04 1.9659E+03
  4.180000E+04 1.9556E+03
  4.190000E+04 1.9484E+03
  4.200000E+04 1.9238E+03
  4.210000E+04 1.9085E+03
  4.220000E+04 1.9026E+03
  4.230000E+04 1.8964E+03
  4.240000E+04 1.8853E+03
  4.250000E+04 1.8641E+03
  4.260000E+04 1.8511E+03
  4.270000E+04 1.8418E+03
  4.280000E+04 1.7950E+03
  4.290000E+04 1.7524E+03
  4.300000E+04 1.7078E+03
  4.310000E+04 1.6699E+03
  4.320000E+04 1.6768E+03
  4.330000E+04 1.6684E+03
  4.340000E+04 1.6219E+03
  4.350000E+04 1.5821E+03
  4.360000E+04 1.5530E+03
  4.370000E+04 1.5390E+03
  4.380000E+04 1.5171E+03
  4.390000E+04 1.5047E+03
  4.400000E+04 1.4685E+03
  4.410000E+04 1.4460E+03
  4.420000E+04 1.4460E+03
  4.430000E+04 1.4370E+03
  4.440000E+04 1.4288E+03
  4.450000E+04 1.4014E+03
  4.460000E+04 1.3779E+03
  4.470000E+04 1.3529E+03
  4.480000E+04 1.3531E+03
  4.490000E+04 1.3621E+03
  4.500000E+04 1.3442E+03
  4.510000E+04 1.3262E+03
  4.520000E+04 1.2995E+03
  4.530000E+04 1.2766E+03
  4.540000E+04 1.2676E+03
  4.550000E+04 1.2596E+03
  4.560000E+04 1.2430E+03
  4.570000E+04 1.2317E+03
  4.580000E+04 1.2128E+03
  4.590000E+04 1.1913E+03
  4.600000E+04 1.1948E+03
  4.610000E+04 1.1992E+03
  4.620000E+04 1.1843E+03
  4.630000E+04 1.1736E+03
  4.640000E+04 1.1656E+03
  4.650000E+04 1.1565E+03
  4.660000E+04 1.1510E+03
  4.670000E+04 1.1435E+03
  4.680000E+04 1.1295E+03
  4.690000E+04 1.1193E+03
  4.700000E+04 1.1100E+03
  4.710000E+04 1.0996E+03
  4.720000E+04 1.1031E+03
  4.730000E+04 1.1085E+03
  4.740000E+04 1.0963E+03
  4.750000E+04 1.0846E+03
  4.760000E+04 1.0777E+03
  4.770000E+04 1.0680E+03
  4.780000E+04 1.0596E+03
  4.790000E+04 1.0517E+03
  4.800000E+04 1.0390E+03
  4.810000E+04 1.0287E+03
  4.820000E+04 1.0295E+03
  4.830000E+04 1.0305E+03
  4.840000E+04 1.0211E+03
  4.850000E+04 1.0100E+03
  4.860000E+04 1.0006E+03
  4.870000E+04 9.9143E+02
  4.880000E+04 9.8568E+02
  4.890000E+04 9.8204E+02
  4.900000E+04 9.7407E+02
  4.910000E+04 9.6458E+02
  4.920000E+04 9.5907E+02
  4.930000E+04 9.5269E+02
  4.940000E+04 9.4083E+02
  4.950000E+04 9.3134E+02
  4.960000E+04 9.2785E+02
  4.970000E+04 9.2314E+02
  4.980000E+04 9.1389E+02
  4.990000E+04 9.1063E+02
  5.000000E+04 9.0707E+02
  5.010000E+04 9.0332E+02
  5.020000E+04 8.9765E+02
  5.030000E+04 8.8986E+02
  5.040000E+04 8.7902E+02
  5.050000E+04 8.6894E+02
  5.060000E+04 8.6484E+02
  5.070000E+04 8.6062E+02
  5.080000E+04 8.5632E+02
  5.090000E+04 8.5199E+02
  5.100000E+04 8.4644E+02
  5.110000E+04 8.3938E+02
  5.120000E+04 8.3471E+02
  5.130000E+04 8.2825E+02
  5.140000E+04 8.2265E+02
  5.150000E+04 8.1792E+02
  5.160000E+04 8.1740E+02
  5.170000E+04 8.1602E+02
  5.180000E+04 8.0813E+02
  5.190000E+04 8.0163E+02
  5.200000E+04 7.9660E+02
  5.210000E+04 7.8959E+02
  5.220000E+04 7.8321E+02
  5.230000E+04 7.7781E+02
  5.240000E+04 7.7582E+02
  5.250000E+04 7.7147E+02
  5.260000E+04 7.7002E+02
  5.270000E+04 7.6928E+02
  5.280000E+04 7.6073E+02
  5.290000E+04 7.5167E+02
  5.300000E+04 7.4568E+02
  5.310000E+04 7.3982E+02
  5.320000E+04 7.3699E+02
  5.330000E+04 7.3342E+02
  5.340000E+04 7.2822E+02
  5.350000E+04 7.2280E+02
  5.360000E+04 7.1842E+02
  5.370000E+04 7.1431E+02
  5.380000E+04 7.1033E+02
  5.390000E+04 7.0623E+02
  5.400000E+04 7.0239E+02
  5.410000E+04 6.9864E+02
  5.420000E+04 6.9376E+02
  5.430000E+04 6.8828E+02
  5.440000E+04 6.8645E+02
  5.450000E+04 6.8462E+02
  5.460000E+04 6.7858E+02
  5.470000E+04 6.7273E+02
  5.480000E+04 6.7037E+02
  5.490000E+04 6.6764E+02
  5.500000E+04 6.6214E+02
  5.510000E+04 6.5674E+02
  5.520000E+04 6.5746E+02
  5.530000E+04 6.5905E+02
  5.540000E+04 6.4882E+02
  5.550000E+04 6.4132E+02
  5.560000E+04 6.4165E+02
  5.570000E+04 6.4133E+02
  5.580000E+04 6.3531E+02
  5.590000E+04 6.2882E+02
  5.600000E+04 6.2748E+02
  5.610000E+04 6.2562E+02
  5.620000E+04 6.1856E+02
  5.630000E+04 6.1268E+02
  5.640000E+04 6.1147E+02
  5.650000E+04 6.1012E+02
  5.660000E+04 6.0601E+02
  5.670000E+04 6.0142E+02
  5.680000E+04 5.9586E+02
  5.690000E+04 5.9030E+02
  5.700000E+04 5.8855E+02
  5.710000E+04 5.8677E+02
  5.720000E+04 5.8323E+02
  5.730000E+04 5.8017E+02
  5.740000E+04 5.7633E+02
  5.750000E+04 5.7205E+02
  5.760000E+04 5.6748E+02
  5.770000E+04 5.6412E+02
  5.780000E+04 5.6297E+02
  5.790000E+04 5.6182E+02
  5.800000E+04 5.5779E+02
  5.810000E+04 5.5416E+02
  5.820000E+04 5.5153E+02
  5.830000E+04 5.4896E+02
  5.840000E+04 5.4630E+02
  5.850000E+04 5.4264E+02
  5.860000E+04 5.3855E+02
  5.870000E+04 5.3501E+02
  5.880000E+04 5.3165E+02
  5.890000E+04 5.2858E+02
  5.900000E+04 5.2464E+02
  5.910000E+04 5.2066E+02
  5.920000E+04 5.1816E+02
  5.930000E+04 5.1575E+02
  5.940000E+04 5.1159E+02
  5.950000E+04 5.0842E+02
  5.960000E+04 5.0685E+02
  5.970000E+04 5.0504E+02
  5.980000E+04 5.0184E+02
  5.990000E+04 4.9850E+02
  6.000000E+04 4.9517E+02
  6.010000E+04 4.9186E+02
  6.020000E+04 4.8907E+02
  6.030000E+04 4.8653E+02
  6.040000E+04 4.8360E+02
  6.050000E+04 4.8078E+02
  6.060000E+04 4.7874E+02
  6.070000E+04 4.7655E+02
  6.080000E+04 4.7350E+02
  6.090000E+04 4.7049E+02
  6.100000E+04 4.6740E+02
  6.110000E+04 4.6400E+02
  6.120000E+04 4.6151E+02
  6.130000E+04 4.5914E+02
  6.140000E+04 4.5661E+02
  6.150000E+04 4.5415E+02
  6.160000E+04 4.5190E+02
  6.170000E+04 4.4925E+02
  6.180000E+04 4.4584E+02
  6.190000E+04 4.4251E+02
  6.200000E+04 4.4001E+02
  6.210000E+04 4.3788E+02
  6.220000E+04 4.3497E+02
  6.230000E+04 4.3209E+02
  6.240000E+04 4.2948E+02
  6.250000E+04 4.2695E+02
  6.260000E+04 4.2421E+02
  6.270000E+04 4.2143E+02
  6.280000E+04 4.1861E+02
  6.290000E+04 4.1591E+02
  6.300000E+04 4.1312E+02
  6.310000E+04 4.1068E+02
  6.320000E+04 4.0905E+02
  6.330000E+04 4.0749E+02
  6.340000E+04 4.0533E+02
  6.350000E+04 4.0313E+02
  6.360000E+04 4.0178E+02
  6.370000E+04 4.0022E+02
  6.380000E+04 3.9740E+02
  6.390000E+04 3.9427E+02
  6.400000E+04 3.9159E+02
  6.410000E+04 3.8880E+02
  6.420000E+04 3.8636E+02
  6.430000E+04 3.8384E+02
  6.440000E+04 3.8159E+02
  6.450000E+04 3.7927E+02
  6.460000E+04 3.7693E+02
  6.470000E+04 3.7453E+02
  6.480000E+04 3.7242E+02
  6.490000E+04 3.7085E+02
  6.500000E+04 3.6909E+02
  6.510000E+04 3.6719E+02
  6.520000E+04 3.6508E+02
  6.530000E+04 3.6295E+02
  6.540000E+04 3.6079E+02
  6.550000E+04 3.5877E+02
  6.560000E+04 3.5676E+02
  6.570000E+04 3.5433E+02
  6.580000E+04 3.5189E+02
  6.590000E+04 3.4957E+02
  6.600000E+04 3.4733E+02
  6.610000E+04 3.4522E+02
  6.620000E+04 3.4329E+02
  6.630000E+04 3.4158E+02
  6.640000E+04 3.3993E+02
  6.650000E+04 3.3831E+02
  6.660000E+04 3.3675E+02
  6.670000E+04 3.3523E+02
  6.680000E+04 3.3377E+02
  6.690000E+04 3.3200E+02
  6.700000E+04 3.2998E+02
  6.710000E+04 3.2792E+02
  6.720000E+04 3.2591E+02
  6.730000E+04 3.2422E+02
  6.740000E+04 3.2252E+02
  6.750000E+04 3.2071E+02
  6.760000E+04 3.1882E+02
  6.770000E+04 3.1673E+02
  6.780000E+04 3.1497E+02
  6.790000E+04 3.1350E+02
  6.800000E+04 3.1196E+02
  6.810000E+04 3.1041E+02
  6.820000E+04 3.0858E+02
  6.830000E+04 3.0677E+02
  6.840000E+04 3.0522E+02
  6.850000E+04 3.0370E+02
  6.860000E+04 3.0225E+02
  6.870000E+04 3.0060E+02
  6.880000E+04 2.9857E+02
  6.890000E+04 2.9651E+02
  6.900000E+04 2.9438E+02
  6.910000E+04 2.9255E+02
  6.920000E+04 2.9103E+02
  6.930000E+04 2.8953E+02
  6.940000E+04 2.8804E+02
  6.950000E+04 2.8643E+02
  6.960000E+04 2.8475E+02
  6.970000E+04 2.8327E+02
  6.980000E+04 2.8192E+02
  6.990000E+04 2.8054E+02
  7.000000E+04 2.7917E+02
  7.010000E+04 2.7769E+02
  7.020000E+04 2.7618E+02
  7.030000E+04 2.7466E+02
  7.040000E+04 2.7311E+02
  7.050000E+04 2.7171E+02
  7.060000E+04 2.7035E+02
  7.070000E+04 2.6896E+02
  7.080000E+04 2.6759E+02
  7.090000E+04 2.6618E+02
  7.100000E+04 2.6477E+02
  7.110000E+04 2.6339E+02
  7.120000E+04 2.6201E+02
  7.130000E+04 2.6067E+02
  7.140000E+04 2.5936E+02
  7.150000E+04 2.5807E+02
  7.160000E+04 2.5682E+02
  7.170000E+04 2.5556E+02
  7.180000E+04 2.5431E+02
  7.190000E+04 2.5310E+02
  7.200000E+04 2.5190E+02
  7.210000E+04 2.5075E+02
  7.220000E+04 2.4963E+02
  7.230000E+04 2.4848E+02
  7.240000E+04 2.4732E+02
  7.250000E+04 2.4612E+02
  7.260000E+04 2.4485E+02
  7.270000E+04 2.4357E+02
  7.280000E+04 2.4217E+02
  7.290000E+04 2.4083E+02
  7.300000E+04 2.3978E+02
  7.310000E+04 2.3869E+02
  7.320000E+04 2.3739E+02
  7.330000E+04 2.3610E+02
  7.340000E+04 2.3466E+02
  7.350000E+04 2.3325E+02
  7.360000E+04 2.3202E+02
  7.370000E+04 2.3088E+02
  7.380000E+04 2.2978E+02
  7.390000E+04 2.2864E+02
  7.400000E+04 2.2745E+02
  7.410000E+04 2.2620E+02
  7.420000E+04 2.2496E+02
  7.430000E+04 2.2372E+02
  7.440000E+04 2.2249E+02
  7.450000E+04 2.2161E+02
  7.460000E+04 2.2076E+02
  7.470000E+04 2.1967E+02
  7.480000E+04 2.1846E+02
  7.490000E+04 2.1737E+02
  7.500000E+04 2.1640E+02
  7.510000E+04 2.1551E+02
  7.520000E+04 2.1456E+02
  7.530000E+04 2.1361E+02
  7.540000E+04 2.1268E+02
  7.550000E+04 2.1170E+02
  7.560000E+04 2.1038E+02
  7.570000E+04 2.0895E+02
  7.580000E+04 2.0774E+02
  7.590000E+04 2.0676E+02
  7.600000E+04 2.0577E+02
  7.610000E+04 2.0473E+02
  7.620000E+04 2.0370E+02
  7.630000E+04 2.0261E+02
  7.640000E+04 2.0150E+02
  7.650000E+04 2.0034E+02
  7.660000E+04 1.9912E+02
  7.670000E+04 1.9796E+02
  7.680000E+04 1.9726E+02
  7.690000E+04 1.9656E+02
  7.700000E+04 1.9578E+02
  7.710000E+04 1.9499E+02
  7.720000E+04 1.9415E+02
  7.730000E+04 1.9322E+02
  7.740000E+04 1.9230E+02
  7.750000E+04 1.9130E+02
  7.760000E+04 1.9031E+02
  7.770000E+04 1.8949E+02
  7.780000E+04 1.8878E+02
  7.790000E+04 1.8801E+02
  7.800000E+04 1.8698E+02
  7.810000E+04 1.8595E+02
  7.820000E+04 1.8489E+02
  7.830000E+04 1.8383E+02
  7.840000E+04 1.8282E+02
  7.850000E+04 1.8191E+02
  7.860000E+04 1.8102E+02
  7.870000E+04 1.8015E+02
  7.880000E+04 1.7929E+02
  7.890000E+04 1.7847E+02
  7.900000E+04 1.7771E+02
  7.910000E+04 1.7696E+02
  7.920000E+04 1.7625E+02
  7.930000E+04 1.7555E+02
  7.940000E+04 1.7481E+02
  7.950000E+04 1.7402E+02
  7.960000E+04 1.7324E+02
  7.970000E+04 1.7240E+02
  7.980000E+04 1.7156E+02
  7.990000E+04 1.7073E+02
  8.000000E+04 1.7001E+02
  8.010000E+04 1.6929E+02
  8.020000E+04 1.6839E+02
  8.030000E+04 1.6746E+02
  8.040000E+04 1.6654E+02
  8.050000E+04 1.6577E+02
  8.060000E+04 1.6500E+02
  8.070000E+04 1.6426E+02
  8.080000E+04 1.6353E+02
  8.090000E+04 1.6281E+02
  8.100000E+04 1.6205E+02
  8.110000E+04 1.6125E+02
  8.120000E+04 1.6045E+02
  8.130000E+04 1.5967E+02
  8.140000E+04 1.5889E+02
  8.150000E+04 1.5818E+02
  8.160000E+04 1.5749E+02
  8.170000E+04 1.5681E+02
  8.180000E+04 1.5604E+02
  8.190000E+04 1.5526E+02
  8.200000E+04 1.5447E+02
  8.210000E+04 1.5363E+02
  8.220000E+04 1.5281E+02
  8.230000E+04 1.5207E+02
  8.240000E+04 1.5139E+02
  8.250000E+04 1.5072E+02
  8.260000E+04 1.5004E+02
  8.270000E+04 1.4937E+02
  8.280000E+04 1.4870E+02
  8.290000E+04 1.4805E+02
  8.300000E+04 1.4741E+02
  8.310000E+04 1.4673E+02
  8.320000E+04 1.4604E+02
  8.330000E+04 1.4535E+02
  8.340000E+04 1.4476E+02
  8.350000E+04 1.4424E+02
  8.360000E+04 1.4373E+02
  8.370000E+04 1.4308E+02
  8.380000E+04 1.4242E+02
  8.390000E+04 1.4178E+02
  8.400000E+04 1.4115E+02
  8.410000E+04 1.4053E+02
  8.420000E+04 1.3991E+02
  8.430000E+04 1.3926E+02
  8.440000E+04 1.3861E+02
  8.450000E+04 1.3799E+02
  8.460000E+04 1.3738E+02
  8.470000E+04 1.3679E+02
  8.480000E+04 1.3618E+02
  8.490000E+04 1.3556E+02
  8.500000E+04 1.3494E+02
  8.510000E+04 1.3438E+02
  8.520000E+04 1.3385E+02
  8.530000E+04 1.3332E+02
  8.540000E+04 1.3278E+02
  8.550000E+04 1.3224E+02
  8.560000E+04 1.3171E+02
  8.570000E+04 1.3115E+02
  8.580000E+04 1.3059E+02
  8.590000E+04 1.3003E+02
  8.600000E+04 1.2948E+02
  8.610000E+04 1.2893E+02
  8.620000E+04 1.2838E+02
  8.630000E+04 1.2785E+02
  8.640000E+04 1.2731E+02
  8.650000E+04 1.2678E+02
  8.660000E+04 1.2622E+02
  8.670000E+04 1.2566E+02
  8.680000E+04 1.2511E+02
  8.690000E+04 1.2459E+02
  8.700000E+04 1.2408E+02
  8.710000E+04 1.2357E+02
  8.720000E+04 1.2309E+02
  8.730000E+04 1.2262E+02
  8.740000E+04 1.2215E+02
  8.750000E+04 1.2169E+02
  8.760000E+04 1.2123E+02
  8.770000E+04 1.2078E+02
  8.780000E+04 1.2035E+02
  8.790000E+04 1.1994E+02
  8.800000E+04 1.1952E+02
  8.810000E+04 1.1911E+02
  8.820000E+04 1.1871E+02
  8.830000E+04 1.1832E+02
  8.840000E+04 1.1785E+02
  8.850000E+04 1.1733E+02
  8.860000E+04 1.1681E+02
  8.870000E+04 1.1633E+02
  8.880000E+04 1.1591E+02
  8.890000E+04 1.1549E+02
  8.900000E+04 1.1504E+02
  8.910000E+04 1.1452E+02
  8.920000E+04 1.1402E+02
  8.930000E+04 1.1351E+02
  8.940000E+04 1.1303E+02
  8.950000E+04 1.1252E+02
  8.960000E+04 1.1202E+02
  8.970000E+04 1.1153E+02
  8.980000E+04 1.1104E+02
  8.990000E+04 1.1059E+02
  9.000000E+04 1.1018E+02
  9.010000E+04 1.0979E+02
  9.020000E+04 1.0941E+02
  9.030000E+04 1.0894E+02
  9.040000E+04 1.0840E+02
  9.050000E+04 1.0787E+02
  9.060000E+04 1.0735E+02
  9.070000E+04 1.0687E+02
  9.080000E+04 1.0640E+02
  9.090000E+04 1.0593E+02
  9.100000E+04 1.0542E+02
  9.110000E+04 1.0494E+02
  9.120000E+04 1.0447E+02
  9.130000E+04 1.0401E+02
  9.140000E+04 1.0357E+02
  9.150000E+04 1.0312E+02
  9.160000E+04 1.0269E+02
  9.170000E+04 1.0229E+02
  9.180000E+04 1.0189E+02
  9.190000E+04 1.0149E+02
  9.200000E+04 1.0115E+02
  9.210000E+04 1.0082E+02
  9.220000E+04 1.0049E+02
  9.230000E+04 1.0018E+02
  9.240000E+04 9.9907E+01
  9.250000E+04 9.9636E+01
  9.260000E+04 9.9363E+01
  9.270000E+04 9.9034E+01
  9.280000E+04 9.8708E+01
  9.290000E+04 9.8383E+01
  9.300000E+04 9.7965E+01
  9.310000E+04 9.7488E+01
  9.320000E+04 9.7013E+01
  9.330000E+04 9.6548E+01
  9.340000E+04 9.6114E+01
  9.350000E+04 9.5689E+01
  9.360000E+04 9.5267E+01
  9.370000E+04 9.4862E+01
  9.380000E+04 9.4467E+01
  9.390000E+04 9.4072E+01
  9.400000E+04 9.3676E+01
  9.410000E+04 9.3260E+01
  9.420000E+04 9.2847E+01
  9.430000E+04 9.2431E+01
  9.440000E+04 9.2070E+01
  9.450000E+04 9.1746E+01
  9.460000E+04 9.1423E+01
  9.470000E+04 9.1112E+01
  9.480000E+04 9.0872E+01
  9.490000E+04 9.0635E+01
  9.500000E+04 9.0401E+01
  9.510000E+04 9.0118E+01
  9.520000E+04 8.9771E+01
  9.530000E+04 8.9426E+01
  9.540000E+04 8.9082E+01
  9.550000E+04 8.8709E+01
  9.560000E+04 8.8330E+01
  9.570000E+04 8.7953E+01
  9.580000E+04 8.7588E+01
  9.590000E+04 8.7281E+01
  9.600000E+04 8.6977E+01
  9.610000E+04 8.6673E+01
  9.620000E+04 8.6335E+01
  9.630000E+04 8.5960E+01
  9.640000E+04 8.5589E+01
  9.650000E+04 8.5219E+01
  9.660000E+04 8.4801E+01
  9.670000E+04 8.4368E+01
  9.680000E+04 8.3939E+01
  9.690000E+04 8.3515E+01
  9.700000E+04 8.3287E+01
  9.710000E+04 8.3046E+01
  9.720000E+04 8.2807E+01
  9.730000E+04 8.2567E+01
  9.740000E+04 8.2321E+01
  9.750000E+04 8.2101E+01
  9.760000E+04 8.1882E+01
  9.770000E+04 8.1621E+01
  9.780000E+04 8.1304E+01
  9.790000E+04 8.0983E+01
  9.800000E+04 8.0665E+01
  9.810000E+04 8.0370E+01
  9.820000E+04 8.0090E+01
  9.830000E+04 7.9810E+01
  9.840000E+04 7.9531E+01
  9.850000E+04 7.9303E+01
  9.860000E+04 7.9094E+01
  9.870000E+04 7.8886E+01
  9.880000E+04 7.8679E+01
  9.890000E+04 7.8370E+01
  9.900000E+04 7.8047E+01
  9.910000E+04 7.7719E+01
  9.920000E+04 7.7394E+01
  9.930000E+04 7.7025E+01
  9.940000E+04 7.6655E+01
  9.950000E+04 7.6293E+01
  9.960000E+04 7.5933E+01
  9.970000E+04 7.5582E+01
  9.980000E+04 7.5233E+01
  9.990000E+04 7.4886E+01
  1.000000E+05 7.4541E+01
  1.002000E+05 7.3929E+01
  1.050000E+05 6.1921E+01
  1.100000E+05 5.1139E+01
  1.130000E+05 4.6164E+01
  1.160000E+05 4.1105E+01
  1.200000E+05 3.5899E+01
  1.250000E+05 3.1755E+01
  1.300000E+05 2.7128E+01
  1.350000E+05 2.3315E+01
  1.400000E+05 2.0151E+01
  1.450000E+05 1.7507E+01
  1.500000E+05 1.5284E+01
  1.600000E+05 1.1805E+01
  1.700000E+05 9.2636E+00
  1.800000E+05 7.3724E+00
  1.900000E+05 5.9411E+00
  2.000000E+05 4.8418E+00
  2.200000E+05 3.3167E+00
  2.300000E+05 2.7803E+00
  2.400000E+05 2.3481E+00
  2.500000E+05 1.9969E+00
  2.600000E+05 1.7090E+00
  2.700000E+05 1.4713E+00
  2.800000E+05 1.2735E+00
  3.000000E+05 9.6849E-01
  3.500000E+05 5.2530E-01
  4.000000E+05 3.0922E-01
  4.500000E+05 1.9324E-01
  5.000000E+05 1.2691E-01
  5.500000E+05 8.6754E-02
  6.000000E+05 6.1302E-02
  6.500000E+05 4.4505E-02
  7.000000E+05 3.3086E-02
  7.500000E+05 2.5106E-02
  8.000000E+05 1.9393E-02
  8.500000E+05 1.5212E-02
  9.000000E+05 1.2099E-02
  9.500000E+05 9.7428E-03
  1.000000E+06 7.9332E-03
  1.050000E+06 6.5238E-03
  1.100000E+06 5.4138E-03
  1.200000E+06 3.8195E-03
  1.300000E+06 2.7705E-03
  1.400000E+06 2.0581E-03
  1.500000E+06 1.5603E-03
  1.600000E+06 1.2043E-03
  2.000000E+06 4.9414E-04
  2.500000E+06 2.0240E-04
  3.000000E+06 9.7609E-05
  4.000000E+06 3.0884E-05
  5.000000E+06 1.2650E-05
  7.000000E+06 3.2929E-06
  1.000000E+07 7.9063E-07
  1.500000E+07 1.5617E-07
  2.250000E+07 3.0849E-08
  3.350000E+07 6.2776E-09
  5.000000E+07 1.2650E-09
  7.400000E+07 2.6366E-10
  1.100000E+08 5.4001E-11
  1.300000E+08 2.7682E-11
  1.600000E+08 1.2064E-11
  2.400000E+08 2.3830E-12
  3.600000E+08 4.7072E-13
